4 0.357813 0.354167 0.393750 0.354167 0.393750 0.397917 0.357813 0.397917
1 0.593750 0.318750 0.670313 0.318750 0.670313 0.443750 0.593750 0.443750
7 0.292187 0.354167 0.339062 0.354167 0.339062 0.410417 0.292187 0.410417
1 0.528125 0.320833 0.603125 0.320833 0.603125 0.450000 0.528125 0.450000
1 0.164062 0.360417 0.251563 0.360417 0.251563 0.464583 0.164062 0.464583
0 0.465625 0.350000 0.550000 0.350000 0.550000 0.487500 0.465625 0.487500
7 0.253125 0.379167 0.317188 0.379167 0.317188 0.468750 0.253125 0.468750
4 0.695312 0.410417 0.748438 0.410417 0.748438 0.468750 0.695312 0.468750
4 0.339062 0.412500 0.387500 0.412500 0.387500 0.468750 0.339062 0.468750
1 0.176563 0.427083 0.270313 0.427083 0.270313 0.527083 0.176563 0.527083
4 0.670312 0.435417 0.739063 0.435417 0.739063 0.539583 0.670312 0.539583
7 0.801563 0.520833 0.920312 0.520833 0.920312 0.702083 0.801563 0.702083
7 0.065625 0.531250 0.198437 0.531250 0.198437 0.729167 0.065625 0.729167
4 0.231250 0.604167 0.334375 0.604167 0.334375 0.727083 0.231250 0.727083
4 0.550000 0.762500 0.692187 0.762500 0.692187 0.960417 0.550000 0.960417