7 0.253125 0.318750 0.303125 0.318750 0.303125 0.385417 0.253125 0.385417
1 0.512500 0.320833 0.576562 0.320833 0.576562 0.422917 0.512500 0.422917
4 0.575000 0.352083 0.614062 0.352083 0.614062 0.402083 0.575000 0.402083
4 0.337500 0.370833 0.379688 0.370833 0.379688 0.420833 0.337500 0.420833
7 0.600000 0.372917 0.648438 0.372917 0.648438 0.435417 0.600000 0.435417
4 0.471875 0.387500 0.509375 0.387500 0.509375 0.435417 0.471875 0.435417
4 0.548438 0.410417 0.600000 0.410417 0.600000 0.472917 0.548438 0.472917
4 0.635937 0.416667 0.685937 0.416667 0.685937 0.483333 0.635937 0.483333
4 0.492188 0.445833 0.546875 0.445833 0.546875 0.516667 0.492188 0.516667
7 0.696875 0.439583 0.781250 0.439583 0.781250 0.568750 0.696875 0.568750
4 0.504687 0.535417 0.581250 0.535417 0.581250 0.629167 0.504687 0.629167
7 0.000000 0.497917 0.100000 0.497917 0.100000 0.668750 0.000000 0.668750
4 0.632812 0.531250 0.718750 0.531250 0.718750 0.643750 0.632812 0.643750
1 0.795313 0.429167 1.000000 0.429167 1.000000 0.750000 0.795313 0.750000
4 0.204687 0.645833 0.315625 0.645833 0.315625 0.787500 0.204687 0.787500
4 0.568750 0.708333 0.726562 0.708333 0.726562 0.937500 0.568750 0.937500