4 0.368750 0.329167 0.409375 0.329167 0.409375 0.370833 0.368750 0.370833
5 0.296875 0.312500 0.351562 0.312500 0.351562 0.406250 0.296875 0.406250
4 0.356250 0.356250 0.404688 0.356250 0.404688 0.408333 0.356250 0.408333
4 0.331250 0.385417 0.378125 0.385417 0.378125 0.439583 0.331250 0.439583
4 0.623437 0.383333 0.662500 0.383333 0.662500 0.456250 0.623437 0.456250
1 0.650000 0.379167 0.785938 0.379167 0.785938 0.539583 0.650000 0.539583
4 0.571875 0.435417 0.646875 0.435417 0.646875 0.522917 0.571875 0.522917
4 0.300000 0.452083 0.368750 0.452083 0.368750 0.550000 0.300000 0.550000
4 0.479688 0.464583 0.554688 0.464583 0.554688 0.560417 0.479688 0.560417
7 0.718750 0.500000 0.809375 0.500000 0.809375 0.606250 0.718750 0.606250
4 0.825000 0.514583 0.925000 0.514583 0.925000 0.606250 0.825000 0.606250
4 0.506250 0.520833 0.590625 0.520833 0.590625 0.627083 0.506250 0.627083
4 0.639063 0.527083 0.726562 0.527083 0.726562 0.662500 0.639063 0.662500
4 0.098438 0.525000 0.246875 0.525000 0.246875 0.708333 0.098438 0.708333
4 0.809375 0.581250 0.906250 0.581250 0.906250 0.706250 0.809375 0.706250
1 0.923437 0.514583 1.000000 0.514583 1.000000 0.793750 0.923437 0.793750
4 0.201563 0.627083 0.321875 0.627083 0.321875 0.812500 0.201563 0.812500
4 0.564062 0.631250 0.679688 0.631250 0.679688 0.825000 0.564062 0.825000
5 0.700000 0.597917 0.884375 0.597917 0.884375 0.904167 0.700000 0.904167
7 0.496875 0.712500 0.668750 0.712500 0.668750 1.000000 0.496875 1.000000
5 0.895312 0.793750 1.000000 0.793750 1.000000 1.000000 0.895312 1.000000