2 0.515625 0.322917 0.579687 0.322917 0.579687 0.422917 0.515625 0.422917
4 0.476562 0.383333 0.517188 0.383333 0.517188 0.437500 0.476562 0.437500
8 0.628125 0.358333 0.712500 0.358333 0.712500 0.479167 0.628125 0.479167
10 0.551563 0.389583 0.592187 0.389583 0.592187 0.485417 0.551563 0.485417
4 0.485937 0.431250 0.531250 0.431250 0.531250 0.491667 0.485937 0.491667
9 0.582813 0.393750 0.670312 0.393750 0.670312 0.554167 0.582813 0.554167
4 0.126562 0.458333 0.184375 0.458333 0.184375 0.529167 0.126562 0.529167
4 0.756250 0.456250 0.829688 0.456250 0.829688 0.539583 0.756250 0.539583
4 0.301562 0.479167 0.367188 0.479167 0.367188 0.552083 0.301562 0.552083
4 0.501563 0.493750 0.567188 0.493750 0.567188 0.587500 0.501563 0.587500
9 0.645312 0.483333 0.768750 0.483333 0.768750 0.704167 0.645312 0.704167
11 0.775000 0.562500 0.998437 0.562500 0.998437 0.856250 0.775000 0.856250
4 0.584375 0.754167 0.721875 0.754167 0.721875 0.970833 0.584375 0.970833