7 0.301563 0.300000 0.334375 0.300000 0.334375 0.345833 0.301563 0.345833
1 0.568750 0.293750 0.628125 0.293750 0.628125 0.397917 0.568750 0.397917
4 0.378125 0.335417 0.398438 0.335417 0.398438 0.360417 0.378125 0.360417
1 0.514063 0.304167 0.578125 0.304167 0.578125 0.412500 0.514063 0.412500
7 0.243750 0.341667 0.287500 0.341667 0.287500 0.400000 0.243750 0.400000
7 0.296875 0.341667 0.332812 0.341667 0.332812 0.402083 0.296875 0.402083
0 0.457812 0.325000 0.515625 0.325000 0.515625 0.422917 0.457812 0.422917
4 0.643750 0.366667 0.678125 0.366667 0.678125 0.408333 0.643750 0.408333
4 0.351562 0.372917 0.387500 0.372917 0.387500 0.420833 0.351562 0.420833
4 0.485937 0.456250 0.546875 0.456250 0.546875 0.535417 0.485937 0.535417
1 0.598437 0.414583 0.762500 0.414583 0.762500 0.691667 0.598437 0.691667
1 0.737500 0.435417 0.939063 0.435417 0.939063 0.689583 0.737500 0.689583
4 0.246875 0.622917 0.339062 0.622917 0.339062 0.731250 0.246875 0.731250
7 0.021875 0.587500 0.178125 0.587500 0.178125 0.793750 0.021875 0.793750