1 0.560937 0.287500 0.643750 0.287500 0.643750 0.402083 0.560937 0.402083
4 0.335938 0.389583 0.378125 0.389583 0.378125 0.456250 0.335938 0.456250
7 0.528125 0.400000 0.590625 0.400000 0.590625 0.477083 0.528125 0.477083
4 0.559375 0.420833 0.615625 0.420833 0.615625 0.479167 0.559375 0.479167
4 0.484375 0.435417 0.535937 0.435417 0.535937 0.495833 0.484375 0.495833
7 0.689063 0.418750 0.776562 0.418750 0.776562 0.545833 0.689063 0.545833
7 0.576562 0.431250 0.654687 0.431250 0.654687 0.562500 0.576562 0.562500
4 0.512500 0.491667 0.557813 0.491667 0.557813 0.556250 0.512500 0.556250
1 0.753125 0.458333 0.906250 0.458333 0.906250 0.606250 0.753125 0.606250
7 0.610938 0.445833 0.723438 0.445833 0.723438 0.627083 0.610938 0.627083
7 0.006250 0.462500 0.139063 0.462500 0.139063 0.625000 0.006250 0.625000
7 0.484375 0.541667 0.590625 0.541667 0.590625 0.681250 0.484375 0.681250
4 0.243750 0.570833 0.353125 0.570833 0.353125 0.700000 0.243750 0.700000
4 0.517188 0.639583 0.635937 0.639583 0.635937 0.775000 0.517188 0.775000
1 0.750000 0.560417 0.965625 0.560417 0.965625 0.868750 0.750000 0.868750
4 0.531250 0.752083 0.689062 0.752083 0.689062 0.906250 0.531250 0.906250
1 0.848437 0.689583 1.000000 0.689583 1.000000 1.000000 0.848437 1.000000
4 0.573438 0.889583 0.721875 0.889583 0.721875 1.000000 0.573438 1.000000