4 0.359375 0.358333 0.395312 0.358333 0.395312 0.402083 0.359375 0.402083
8 0.606250 0.333333 0.668750 0.333333 0.668750 0.435417 0.606250 0.435417
4 0.243750 0.366667 0.282813 0.366667 0.282813 0.410417 0.243750 0.410417
4 0.478125 0.377083 0.512500 0.377083 0.512500 0.420833 0.478125 0.420833
2 0.542188 0.343750 0.614062 0.343750 0.614062 0.460417 0.542188 0.460417
4 0.489062 0.441667 0.543750 0.441667 0.543750 0.506250 0.489062 0.506250
8 0.676563 0.410417 0.803125 0.410417 0.803125 0.583333 0.676563 0.583333
4 0.303125 0.458333 0.364063 0.458333 0.364063 0.539583 0.303125 0.539583
10 0.593750 0.445833 0.670313 0.445833 0.670313 0.581250 0.593750 0.581250
4 0.506250 0.522917 0.571875 0.522917 0.571875 0.612500 0.506250 0.612500
9 0.653125 0.470833 0.790625 0.470833 0.790625 0.739583 0.653125 0.739583
4 0.884375 0.566667 0.985938 0.566667 0.985938 0.681250 0.884375 0.681250
4 0.556250 0.695833 0.679688 0.695833 0.679688 0.879167 0.556250 0.879167
9 0.796875 0.677083 1.000000 0.677083 1.000000 1.000000 0.796875 1.000000