4 0.357812 0.314583 0.381250 0.314583 0.381250 0.345833 0.357812 0.345833
7 0.260937 0.327083 0.298437 0.327083 0.298437 0.389583 0.260937 0.389583
1 0.293750 0.325000 0.356250 0.325000 0.356250 0.408333 0.293750 0.408333
7 0.593750 0.314583 0.665625 0.314583 0.665625 0.437500 0.593750 0.437500
4 0.362500 0.362500 0.398438 0.362500 0.398438 0.410417 0.362500 0.410417
7 0.529687 0.343750 0.576562 0.343750 0.576562 0.431250 0.529687 0.431250
4 0.554688 0.397917 0.587500 0.397917 0.587500 0.450000 0.554688 0.450000
4 0.318750 0.400000 0.364063 0.400000 0.364063 0.458333 0.318750 0.458333
7 0.639062 0.370833 0.704688 0.370833 0.704688 0.495833 0.639062 0.495833
4 0.573438 0.414583 0.617188 0.414583 0.617188 0.481250 0.573438 0.481250
4 0.482812 0.431250 0.521875 0.431250 0.521875 0.493750 0.482812 0.493750
4 0.487500 0.454167 0.546875 0.454167 0.546875 0.535417 0.487500 0.535417
4 0.240625 0.447917 0.320312 0.447917 0.320312 0.558333 0.240625 0.558333
7 0.589063 0.441667 0.656250 0.441667 0.656250 0.577083 0.589063 0.577083
7 0.735938 0.441667 0.845313 0.441667 0.845313 0.612500 0.735938 0.612500
4 0.498438 0.491667 0.562500 0.491667 0.562500 0.577083 0.498438 0.577083
7 0.614062 0.447917 0.721875 0.447917 0.721875 0.650000 0.614062 0.650000
4 0.523438 0.525000 0.593750 0.525000 0.593750 0.629167 0.523438 0.629167
7 0.495312 0.543750 0.576562 0.543750 0.576562 0.702083 0.495312 0.702083
4 0.245313 0.587500 0.343750 0.587500 0.343750 0.714583 0.245313 0.714583
7 0.715625 0.570833 0.814063 0.570833 0.814063 0.731250 0.715625 0.731250
1 0.748437 0.539583 0.978125 0.539583 0.978125 0.929167 0.748437 0.929167
4 0.523438 0.654167 0.623438 0.654167 0.623438 0.829167 0.523438 0.829167
4 0.545312 0.758333 0.681250 0.758333 0.681250 0.964583 0.545312 0.964583
4 0.567187 0.902083 0.718750 0.902083 0.718750 1.000000 0.567187 1.000000