1 0.243750 0.308333 0.304688 0.308333 0.304688 0.383333 0.243750 0.383333
7 0.318750 0.327083 0.362500 0.327083 0.362500 0.379167 0.318750 0.379167
4 0.368750 0.345833 0.403125 0.345833 0.403125 0.381250 0.368750 0.381250
4 0.356250 0.368750 0.387500 0.368750 0.387500 0.435417 0.356250 0.435417
7 0.240625 0.360417 0.332813 0.360417 0.332813 0.479167 0.240625 0.479167
4 0.465625 0.416667 0.520312 0.416667 0.520312 0.481250 0.465625 0.481250
4 0.665625 0.433333 0.710938 0.433333 0.710938 0.497917 0.665625 0.497917
1 0.554688 0.356250 0.687500 0.356250 0.687500 0.583333 0.554688 0.583333
4 0.496875 0.450000 0.543750 0.450000 0.543750 0.491667 0.496875 0.491667
1 0.707813 0.389583 0.850000 0.389583 0.850000 0.593750 0.707813 0.593750
7 0.132812 0.439583 0.248437 0.439583 0.248437 0.587500 0.132812 0.587500
4 0.484375 0.483333 0.570312 0.483333 0.570312 0.556250 0.484375 0.556250
4 0.506250 0.541667 0.587500 0.541667 0.587500 0.666667 0.506250 0.666667
4 0.879687 0.575000 1.000000 0.575000 1.000000 0.712500 0.879687 0.712500
1 0.642187 0.489583 0.901563 0.489583 0.901563 0.833333 0.642187 0.833333
4 0.535938 0.666667 0.662500 0.666667 0.662500 0.881250 0.535938 0.881250
1 0.801562 0.631250 1.000000 0.631250 1.000000 1.000000 0.801562 1.000000
4 0.150000 0.737500 0.309375 0.737500 0.309375 0.954167 0.150000 0.954167
4 0.559375 0.947917 0.726562 0.947917 0.726562 1.000000 0.559375 1.000000