7 0.370312 0.325000 0.407812 0.325000 0.407812 0.370833 0.370312 0.370833
7 0.296875 0.325000 0.335938 0.325000 0.335938 0.383333 0.296875 0.383333
1 0.590625 0.333333 0.657813 0.333333 0.657813 0.431250 0.590625 0.431250
4 0.292187 0.364583 0.331250 0.364583 0.331250 0.422917 0.292187 0.422917
4 0.356250 0.366667 0.403125 0.366667 0.403125 0.420833 0.356250 0.420833
1 0.192188 0.354167 0.278125 0.354167 0.278125 0.435417 0.192188 0.435417
4 0.556250 0.404167 0.606250 0.404167 0.606250 0.468750 0.556250 0.468750
1 0.712500 0.420833 0.829688 0.420833 0.829688 0.583333 0.712500 0.583333
1 0.142187 0.412500 0.295312 0.412500 0.295312 0.602083 0.142187 0.602083
7 0.584375 0.441667 0.651562 0.441667 0.651562 0.577083 0.584375 0.577083
4 0.304688 0.475000 0.375000 0.475000 0.375000 0.581250 0.304688 0.581250
7 0.612500 0.454167 0.732812 0.454167 0.732812 0.662500 0.612500 0.662500
4 0.481250 0.518750 0.554688 0.518750 0.554688 0.627083 0.481250 0.627083
1 0.864062 0.475000 1.000000 0.475000 1.000000 0.685417 0.864062 0.685417
4 0.506250 0.564583 0.604687 0.564583 0.604687 0.677083 0.506250 0.677083
1 0.737500 0.541667 0.981250 0.541667 0.981250 0.883333 0.737500 0.883333
4 0.498437 0.625000 0.635937 0.625000 0.635937 0.802083 0.498437 0.802083
1 0.831250 0.687500 1.000000 0.687500 1.000000 1.000000 0.831250 1.000000
4 0.629687 0.739583 0.825000 0.739583 0.825000 1.000000 0.629687 1.000000
4 0.543750 0.906250 0.690625 0.906250 0.690625 1.000000 0.543750 1.000000