1 0.362500 0.266667 0.392187 0.266667 0.392187 0.310417 0.362500 0.310417
6 0.398438 0.279167 0.420312 0.279167 0.420312 0.308333 0.398438 0.308333
7 0.329687 0.281250 0.354687 0.281250 0.354687 0.316667 0.329687 0.316667
4 0.385937 0.300000 0.409375 0.300000 0.409375 0.333333 0.385937 0.333333
4 0.371875 0.331250 0.398438 0.331250 0.398438 0.366667 0.371875 0.366667
1 0.235937 0.308333 0.300000 0.308333 0.300000 0.393750 0.235937 0.393750
7 0.529687 0.343750 0.576562 0.343750 0.576562 0.431250 0.529687 0.431250
7 0.346875 0.364583 0.385937 0.364583 0.385937 0.416667 0.346875 0.416667
1 0.620313 0.329167 0.714063 0.329167 0.714063 0.472917 0.620313 0.472917
4 0.554688 0.397917 0.587500 0.397917 0.587500 0.450000 0.554688 0.450000
7 0.229687 0.383333 0.298437 0.383333 0.298437 0.479167 0.229687 0.479167
4 0.573438 0.414583 0.617188 0.414583 0.617188 0.481250 0.573438 0.481250
4 0.482812 0.431250 0.521875 0.431250 0.521875 0.493750 0.482812 0.493750
7 0.684375 0.410417 0.781250 0.410417 0.781250 0.566667 0.684375 0.566667
4 0.487500 0.454167 0.546875 0.454167 0.546875 0.535417 0.487500 0.535417
7 0.023438 0.431250 0.156250 0.431250 0.156250 0.577083 0.023438 0.577083
7 0.589063 0.441667 0.656250 0.441667 0.656250 0.577083 0.589063 0.577083
4 0.498438 0.491667 0.562500 0.491667 0.562500 0.577083 0.498438 0.577083
7 0.614062 0.447917 0.721875 0.447917 0.721875 0.650000 0.614062 0.650000
4 0.284375 0.525000 0.354687 0.525000 0.354687 0.608333 0.284375 0.608333
4 0.523438 0.525000 0.593750 0.525000 0.593750 0.629167 0.523438 0.629167
7 0.495312 0.543750 0.576562 0.543750 0.576562 0.702083 0.495312 0.702083
7 0.715625 0.570833 0.814063 0.570833 0.814063 0.731250 0.715625 0.731250
1 0.748437 0.539583 0.978125 0.539583 0.978125 0.929167 0.748437 0.929167
4 0.523438 0.654167 0.623438 0.654167 0.623438 0.829167 0.523438 0.829167
4 0.545312 0.758333 0.681250 0.758333 0.681250 0.964583 0.545312 0.964583
4 0.120313 0.816667 0.275000 0.816667 0.275000 1.000000 0.120313 1.000000
4 0.567187 0.902083 0.718750 0.902083 0.718750 1.000000 0.567187 1.000000