7 0.239063 0.347917 0.287500 0.347917 0.287500 0.408333 0.239063 0.408333
7 0.278125 0.381250 0.323437 0.381250 0.323437 0.435417 0.278125 0.435417
2 0.615625 0.343750 0.710938 0.343750 0.710938 0.472917 0.615625 0.472917
4 0.471875 0.395833 0.514062 0.395833 0.514062 0.447917 0.471875 0.447917
4 0.321875 0.400000 0.370312 0.400000 0.370312 0.456250 0.321875 0.456250
9 0.567187 0.404167 0.628125 0.404167 0.628125 0.518750 0.567187 0.518750
4 0.492188 0.433333 0.550000 0.433333 0.550000 0.518750 0.492188 0.518750
4 0.314063 0.450000 0.368750 0.450000 0.368750 0.518750 0.314063 0.518750
10 0.751562 0.489583 0.851562 0.489583 0.851562 0.637500 0.751562 0.637500
4 0.635938 0.525000 0.715625 0.525000 0.715625 0.637500 0.635938 0.637500
4 0.539062 0.650000 0.653125 0.650000 0.653125 0.818750 0.539062 0.818750
4 0.884375 0.658333 1.000000 0.658333 1.000000 0.841667 0.884375 0.841667
4 0.159375 0.743750 0.289062 0.743750 0.289062 0.912500 0.159375 0.912500
4 0.000000 0.741667 0.142187 0.741667 0.142187 0.916667 0.000000 0.916667
4 0.740625 0.760417 0.903125 0.760417 0.903125 0.964583 0.740625 0.964583