11 0.564063 0.337500 0.626563 0.337500 0.626563 0.408333 0.564063 0.408333
4 0.354687 0.364583 0.385937 0.364583 0.385937 0.402083 0.354687 0.402083
4 0.637500 0.366667 0.675000 0.366667 0.675000 0.416667 0.637500 0.416667
3 0.470313 0.362500 0.507812 0.362500 0.507812 0.437500 0.470313 0.437500
9 0.545312 0.387500 0.610938 0.387500 0.610938 0.479167 0.545312 0.479167
4 0.479688 0.416667 0.531250 0.416667 0.531250 0.491667 0.479688 0.491667
9 0.643750 0.425000 0.717187 0.425000 0.717187 0.504167 0.643750 0.504167
4 0.584375 0.475000 0.659375 0.475000 0.659375 0.564583 0.584375 0.564583
4 0.492188 0.489583 0.557813 0.489583 0.557813 0.593750 0.492188 0.593750
9 0.860937 0.579167 0.976562 0.579167 0.976562 0.756250 0.860937 0.756250
11 0.665625 0.489583 0.925000 0.489583 0.925000 0.881250 0.665625 0.881250
4 0.542188 0.666667 0.660937 0.666667 0.660937 0.833333 0.542188 0.833333