10 0.584375 0.343750 0.621875 0.343750 0.621875 0.410417 0.584375 0.410417
4 0.359375 0.356250 0.395312 0.356250 0.395312 0.412500 0.359375 0.412500
4 0.476562 0.366667 0.514062 0.366667 0.514062 0.427083 0.476562 0.427083
4 0.295313 0.377083 0.332813 0.377083 0.332813 0.425000 0.295313 0.425000
4 0.337500 0.429167 0.381250 0.429167 0.381250 0.485417 0.337500 0.485417
1 0.073438 0.354167 0.228125 0.354167 0.228125 0.560417 0.073438 0.560417
4 0.234375 0.445833 0.293750 0.445833 0.293750 0.525000 0.234375 0.525000
4 0.573438 0.462500 0.637500 0.462500 0.637500 0.550000 0.573438 0.550000
4 0.300000 0.502083 0.368750 0.502083 0.368750 0.587500 0.300000 0.587500
9 0.639062 0.454167 0.759375 0.454167 0.759375 0.666667 0.639062 0.666667
10 0.789062 0.529167 0.896875 0.529167 0.896875 0.670833 0.789062 0.670833
3 0.510938 0.533333 0.589063 0.533333 0.589063 0.672917 0.510938 0.672917
9 0.721875 0.589583 0.860938 0.589583 0.860938 0.800000 0.721875 0.800000
1 0.000000 0.543750 0.173437 0.543750 0.173437 0.887500 0.000000 0.887500
4 0.165625 0.712500 0.301562 0.712500 0.301562 0.893750 0.165625 0.893750
4 0.560937 0.772917 0.698437 0.772917 0.698437 0.981250 0.560937 0.981250