8 0.592187 0.327083 0.642188 0.327083 0.642188 0.416667 0.592187 0.416667
2 0.528125 0.331250 0.595313 0.331250 0.595313 0.433333 0.528125 0.433333
4 0.200000 0.387500 0.257812 0.387500 0.257812 0.447917 0.200000 0.447917
4 0.339062 0.391667 0.389063 0.391667 0.389063 0.452083 0.339062 0.452083
4 0.481250 0.408333 0.531250 0.408333 0.531250 0.462500 0.481250 0.462500
8 0.651563 0.377083 0.746875 0.377083 0.746875 0.522917 0.651563 0.522917
10 0.576562 0.414583 0.628125 0.414583 0.628125 0.522917 0.576562 0.522917
4 0.489063 0.464583 0.548438 0.464583 0.548438 0.539583 0.489063 0.539583
4 0.762500 0.468750 0.825000 0.468750 0.825000 0.552083 0.762500 0.552083
9 0.610938 0.429167 0.717187 0.429167 0.717187 0.610417 0.610938 0.610417
4 0.879688 0.550000 0.998437 0.550000 0.998437 0.668750 0.879688 0.668750
4 0.523438 0.558333 0.601562 0.558333 0.601562 0.681250 0.523438 0.681250
9 0.698437 0.552083 0.876563 0.552083 0.876563 0.858333 0.698437 0.858333
4 0.195312 0.664583 0.309375 0.664583 0.309375 0.795833 0.195312 0.795833