4 0.364063 0.347917 0.393750 0.347917 0.393750 0.383333 0.364063 0.383333
7 0.531250 0.350000 0.578125 0.350000 0.578125 0.422917 0.531250 0.422917
4 0.476562 0.381250 0.512500 0.381250 0.512500 0.414583 0.476562 0.414583
4 0.592188 0.383333 0.640625 0.383333 0.640625 0.427083 0.592188 0.427083
4 0.337500 0.385417 0.382812 0.385417 0.382812 0.437500 0.337500 0.437500
4 0.473438 0.395833 0.506250 0.395833 0.506250 0.437500 0.473438 0.437500
4 0.553125 0.397917 0.592187 0.397917 0.592187 0.445833 0.553125 0.445833
4 0.479687 0.412500 0.517188 0.412500 0.517188 0.445833 0.479687 0.445833
4 0.251563 0.425000 0.306250 0.425000 0.306250 0.485417 0.251563 0.485417
4 0.481250 0.431250 0.526563 0.431250 0.526563 0.502083 0.481250 0.502083
5 0.673438 0.400000 0.798438 0.400000 0.798438 0.552083 0.673438 0.552083
4 0.300000 0.468750 0.357813 0.468750 0.357813 0.543750 0.300000 0.543750
4 0.593750 0.466667 0.664062 0.466667 0.664062 0.545833 0.593750 0.545833
4 0.793750 0.470833 0.857812 0.470833 0.857812 0.560417 0.793750 0.560417
4 0.492188 0.479167 0.550000 0.479167 0.550000 0.566667 0.492188 0.566667
5 0.000000 0.439583 0.121875 0.439583 0.121875 0.625000 0.000000 0.625000
4 0.182812 0.510417 0.257812 0.510417 0.257812 0.589583 0.182812 0.589583
7 0.746875 0.522917 0.843750 0.522917 0.843750 0.627083 0.746875 0.627083
4 0.517188 0.558333 0.592187 0.558333 0.592187 0.652083 0.517188 0.652083
4 0.853125 0.643750 0.962500 0.643750 0.962500 0.772917 0.853125 0.772917
4 0.707812 0.633333 0.823438 0.633333 0.823438 0.793750 0.707812 0.793750
4 0.589063 0.712500 0.710938 0.712500 0.710938 0.897917 0.589063 0.897917
4 0.000000 0.735417 0.115625 0.735417 0.115625 0.889583 0.000000 0.889583
7 0.792188 0.704167 0.992188 0.704167 0.992188 1.000000 0.792188 1.000000