7 0.310937 0.289583 0.343750 0.289583 0.343750 0.335417 0.310937 0.335417
4 0.381250 0.314583 0.407813 0.314583 0.407813 0.350000 0.381250 0.350000
7 0.267188 0.320833 0.306250 0.320833 0.306250 0.377083 0.267188 0.377083
1 0.573437 0.293750 0.642188 0.293750 0.642188 0.404167 0.573437 0.404167
7 0.314062 0.327083 0.354687 0.327083 0.354687 0.383333 0.314062 0.383333
1 0.517188 0.310417 0.581250 0.310417 0.581250 0.418750 0.517188 0.418750
4 0.364063 0.343750 0.396875 0.343750 0.396875 0.387500 0.364063 0.387500
0 0.459375 0.327083 0.521875 0.327083 0.521875 0.435417 0.459375 0.435417
4 0.662500 0.381250 0.706250 0.381250 0.706250 0.439583 0.662500 0.439583
4 0.306250 0.487500 0.368750 0.487500 0.368750 0.556250 0.306250 0.556250
7 0.162500 0.468750 0.268750 0.468750 0.268750 0.600000 0.162500 0.600000
1 0.000000 0.458333 0.148438 0.458333 0.148438 0.629167 0.000000 0.629167
4 0.493750 0.500000 0.567188 0.500000 0.567188 0.600000 0.493750 0.600000
1 0.620313 0.439583 0.832812 0.439583 0.832812 0.764583 0.620313 0.764583
1 0.770312 0.460417 0.996875 0.460417 0.996875 0.758333 0.770312 0.758333
7 0.000000 0.635417 0.165625 0.635417 0.165625 0.889583 0.000000 0.889583