5 0.370312 0.329167 0.396875 0.329167 0.396875 0.360417 0.370312 0.360417
1 0.521875 0.327083 0.587500 0.327083 0.587500 0.437500 0.521875 0.437500
7 0.589063 0.362500 0.628125 0.362500 0.628125 0.416667 0.589063 0.416667
7 0.614063 0.385417 0.670312 0.385417 0.670312 0.458333 0.614063 0.458333
4 0.478125 0.408333 0.518750 0.408333 0.518750 0.454167 0.478125 0.454167
4 0.328125 0.410417 0.376563 0.410417 0.376563 0.464583 0.328125 0.464583
7 0.150000 0.402083 0.221875 0.402083 0.221875 0.493750 0.150000 0.493750
4 0.665625 0.452083 0.726562 0.452083 0.726562 0.522917 0.665625 0.522917
4 0.575000 0.454167 0.632812 0.454167 0.632812 0.525000 0.575000 0.525000
4 0.507812 0.497917 0.578125 0.497917 0.578125 0.591667 0.507812 0.591667
7 0.748438 0.481250 0.859375 0.481250 0.859375 0.639583 0.748438 0.639583
4 0.531250 0.639583 0.634375 0.639583 0.634375 0.768750 0.531250 0.768750
4 0.701562 0.637500 0.829688 0.637500 0.829688 0.806250 0.701562 0.806250