2 0.517188 0.322917 0.579688 0.322917 0.579688 0.410417 0.517188 0.410417
8 0.612500 0.331250 0.712500 0.331250 0.712500 0.443750 0.612500 0.443750
4 0.462500 0.370833 0.500000 0.370833 0.500000 0.414583 0.462500 0.414583
4 0.465625 0.404167 0.515625 0.404167 0.515625 0.466667 0.465625 0.466667
2 0.543750 0.356250 0.626563 0.356250 0.626563 0.514583 0.543750 0.514583
4 0.479687 0.441667 0.540625 0.441667 0.540625 0.481250 0.479687 0.481250
4 0.698438 0.458333 0.734375 0.458333 0.734375 0.522917 0.698438 0.522917
8 0.593750 0.385417 0.717188 0.385417 0.717188 0.614583 0.593750 0.614583
4 0.301563 0.466667 0.365625 0.466667 0.365625 0.558333 0.301563 0.558333
4 0.489063 0.472917 0.550000 0.472917 0.550000 0.558333 0.489063 0.558333
4 0.728125 0.489583 0.793750 0.489583 0.793750 0.562500 0.728125 0.562500
4 0.500000 0.516667 0.564062 0.516667 0.564062 0.604167 0.500000 0.604167
4 0.135937 0.531250 0.220313 0.531250 0.220313 0.620833 0.135937 0.620833
4 0.759375 0.525000 0.846875 0.525000 0.846875 0.629167 0.759375 0.629167
4 0.517188 0.525000 0.606250 0.525000 0.606250 0.660417 0.517188 0.660417
4 0.856250 0.614583 0.987500 0.614583 0.987500 0.766667 0.856250 0.766667
4 0.698438 0.645833 0.839063 0.645833 0.839063 0.827083 0.698438 0.827083
4 0.535938 0.666667 0.654687 0.666667 0.654687 0.831250 0.535938 0.831250