5 0.364062 0.347917 0.398438 0.347917 0.398438 0.389583 0.364062 0.389583
5 0.306250 0.347917 0.343750 0.347917 0.343750 0.393750 0.306250 0.393750
5 0.260937 0.352083 0.300000 0.352083 0.300000 0.400000 0.260937 0.400000
5 0.478125 0.375000 0.514062 0.375000 0.514062 0.420833 0.478125 0.420833
4 0.482812 0.420833 0.525000 0.420833 0.525000 0.481250 0.482812 0.481250
4 0.637500 0.420833 0.692187 0.420833 0.692187 0.485417 0.637500 0.485417
4 0.578125 0.441667 0.632812 0.441667 0.632812 0.514583 0.578125 0.514583
10 0.714063 0.437500 0.809375 0.437500 0.809375 0.595833 0.714063 0.595833
4 0.496875 0.475000 0.559375 0.475000 0.559375 0.572917 0.496875 0.572917
4 0.610937 0.483333 0.679688 0.483333 0.679688 0.585417 0.610937 0.585417
4 0.284375 0.495833 0.353125 0.495833 0.353125 0.595833 0.284375 0.595833
9 0.654687 0.522917 0.787500 0.522917 0.787500 0.735417 0.654687 0.735417
10 0.820312 0.600000 0.960938 0.600000 0.960938 0.750000 0.820312 0.750000
4 0.559375 0.691667 0.685937 0.691667 0.685937 0.891667 0.559375 0.891667