0 0.328125 0.283333 0.370313 0.283333 0.370313 0.366667 0.328125 0.366667
7 0.371875 0.337500 0.403125 0.337500 0.403125 0.372917 0.371875 0.372917
4 0.343750 0.375000 0.382812 0.375000 0.382812 0.418750 0.343750 0.418750
4 0.556250 0.389583 0.596875 0.389583 0.596875 0.435417 0.556250 0.435417
7 0.204687 0.402083 0.293750 0.402083 0.293750 0.537500 0.204687 0.537500
4 0.571875 0.435417 0.620312 0.435417 0.620312 0.508333 0.571875 0.508333
1 0.684375 0.400000 0.775000 0.400000 0.775000 0.543750 0.684375 0.543750
7 0.476562 0.441667 0.542188 0.441667 0.542188 0.510417 0.476562 0.510417
7 0.317188 0.439583 0.378125 0.439583 0.378125 0.537500 0.317188 0.537500
1 0.032813 0.416667 0.167187 0.416667 0.167187 0.589583 0.032813 0.589583
1 0.592187 0.439583 0.675000 0.439583 0.675000 0.597917 0.592187 0.597917
4 0.482812 0.497917 0.548438 0.497917 0.548438 0.591667 0.482812 0.591667
1 0.628125 0.454167 0.732812 0.454167 0.732812 0.647917 0.628125 0.647917
1 0.800000 0.460417 1.000000 0.460417 1.000000 0.712500 0.800000 0.712500
4 0.510937 0.541667 0.587500 0.541667 0.587500 0.658333 0.510937 0.658333
4 0.121875 0.547917 0.237500 0.547917 0.237500 0.672917 0.121875 0.672917
1 0.706250 0.562500 0.779687 0.562500 0.779687 0.685417 0.706250 0.685417
4 0.515625 0.620833 0.598437 0.620833 0.598437 0.770833 0.515625 0.770833
1 0.746875 0.537500 0.939063 0.537500 0.939063 0.875000 0.746875 0.875000
4 0.215625 0.675000 0.340625 0.675000 0.340625 0.816667 0.215625 0.816667
1 0.826563 0.662500 1.000000 0.662500 1.000000 1.000000 0.826563 1.000000
4 0.643750 0.727083 0.795312 0.727083 0.795312 0.997917 0.643750 0.997917
4 0.534375 0.845833 0.646875 0.845833 0.646875 1.000000 0.534375 1.000000