4 0.387500 0.293750 0.415625 0.293750 0.415625 0.331250 0.387500 0.331250
4 0.346875 0.304167 0.378125 0.304167 0.378125 0.333333 0.346875 0.333333
7 0.281250 0.283333 0.337500 0.283333 0.337500 0.370833 0.281250 0.370833
4 0.367188 0.316667 0.407813 0.316667 0.407813 0.366667 0.367188 0.366667
1 0.507812 0.312500 0.573438 0.312500 0.573438 0.414583 0.507812 0.414583
4 0.334375 0.381250 0.389062 0.381250 0.389062 0.460417 0.334375 0.460417
4 0.623437 0.391667 0.670312 0.391667 0.670312 0.454167 0.623437 0.454167
7 0.543750 0.379167 0.628125 0.379167 0.628125 0.504167 0.543750 0.504167
4 0.660937 0.414583 0.718750 0.414583 0.718750 0.495833 0.660937 0.495833
4 0.489063 0.462500 0.557813 0.462500 0.557813 0.547917 0.489063 0.547917
4 0.596875 0.472917 0.670312 0.472917 0.670312 0.579167 0.596875 0.579167
4 0.762500 0.489583 0.835938 0.489583 0.835938 0.585417 0.762500 0.585417
4 0.498437 0.516667 0.584375 0.516667 0.584375 0.643750 0.498437 0.643750
1 0.809375 0.493750 1.000000 0.493750 1.000000 0.847917 0.809375 0.847917
4 0.190625 0.614583 0.331250 0.614583 0.331250 0.810417 0.190625 0.810417
4 0.515625 0.639583 0.635938 0.639583 0.635938 0.837500 0.515625 0.837500
4 0.759375 0.758333 0.959375 0.758333 0.959375 1.000000 0.759375 1.000000
4 0.362500 0.877083 0.364063 0.877083 0.364063 0.889583 0.362500 0.889583