8 0.568750 0.318750 0.628125 0.318750 0.628125 0.400000 0.568750 0.400000
9 0.523438 0.322917 0.570312 0.322917 0.570312 0.427083 0.523438 0.427083
4 0.251563 0.360417 0.290625 0.360417 0.290625 0.397917 0.251563 0.397917
4 0.468750 0.372917 0.504687 0.372917 0.504687 0.418750 0.468750 0.418750
9 0.543750 0.358333 0.601562 0.358333 0.601562 0.468750 0.543750 0.468750
4 0.329687 0.406250 0.378125 0.406250 0.378125 0.466667 0.329687 0.466667
4 0.481250 0.422917 0.525000 0.422917 0.525000 0.489583 0.481250 0.489583
11 0.623437 0.406250 0.743750 0.406250 0.743750 0.527083 0.623437 0.527083
4 0.518750 0.460417 0.576562 0.460417 0.576562 0.529167 0.518750 0.529167
6 0.150000 0.470833 0.245312 0.470833 0.245312 0.612500 0.150000 0.612500
3 0.503125 0.504167 0.585938 0.504167 0.585938 0.670833 0.503125 0.670833
9 0.834375 0.597917 1.000000 0.597917 1.000000 0.831250 0.834375 0.831250
9 0.706250 0.620833 0.900000 0.620833 0.900000 0.929167 0.706250 0.929167
4 0.562500 0.693750 0.698438 0.693750 0.698438 0.908333 0.562500 0.908333