6 0.295313 0.347917 0.339062 0.347917 0.339062 0.408333 0.295313 0.408333
8 0.601562 0.335417 0.662500 0.335417 0.662500 0.425000 0.601562 0.425000
10 0.525000 0.354167 0.553125 0.354167 0.553125 0.427083 0.525000 0.427083
4 0.470312 0.383333 0.503125 0.383333 0.503125 0.425000 0.470312 0.425000
9 0.545312 0.352083 0.606250 0.352083 0.606250 0.477083 0.545312 0.477083
4 0.334375 0.408333 0.378125 0.408333 0.378125 0.466667 0.334375 0.466667
4 0.479687 0.412500 0.520312 0.412500 0.520312 0.470833 0.479687 0.470833
9 0.582812 0.404167 0.660937 0.404167 0.660937 0.545833 0.582812 0.545833
11 0.685937 0.479167 0.856250 0.479167 0.856250 0.629167 0.685937 0.629167
4 0.507812 0.508333 0.576563 0.508333 0.576563 0.602083 0.507812 0.602083
4 0.626563 0.610417 0.748437 0.610417 0.748437 0.766667 0.626563 0.766667
3 0.575000 0.745833 0.760938 0.745833 0.760938 1.000000 0.575000 1.000000