7 0.321875 0.285417 0.351562 0.285417 0.351562 0.327083 0.321875 0.327083
7 0.351562 0.295833 0.376563 0.295833 0.376563 0.341667 0.351562 0.341667
4 0.387500 0.306250 0.410938 0.306250 0.410938 0.337500 0.387500 0.337500
7 0.278125 0.331250 0.321875 0.331250 0.321875 0.391667 0.278125 0.391667
7 0.578125 0.333333 0.629687 0.333333 0.629687 0.402083 0.578125 0.402083
7 0.615625 0.358333 0.676563 0.358333 0.676563 0.435417 0.615625 0.435417
4 0.473438 0.393750 0.514062 0.393750 0.514062 0.416667 0.473438 0.416667
1 0.323438 0.377083 0.382812 0.377083 0.382812 0.466667 0.323438 0.466667
4 0.484375 0.412500 0.520312 0.412500 0.520312 0.437500 0.484375 0.437500
4 0.559375 0.404167 0.593750 0.404167 0.593750 0.460417 0.559375 0.460417
7 0.242188 0.395833 0.300000 0.395833 0.300000 0.479167 0.242188 0.479167
4 0.484375 0.435417 0.526563 0.435417 0.526563 0.454167 0.484375 0.454167
7 0.657813 0.379167 0.737500 0.379167 0.737500 0.512500 0.657813 0.512500
4 0.576562 0.414583 0.618750 0.414583 0.618750 0.481250 0.576562 0.481250
4 0.493750 0.450000 0.535938 0.450000 0.535938 0.475000 0.493750 0.475000
7 0.589062 0.443750 0.650000 0.443750 0.650000 0.572917 0.589062 0.572917
7 0.482812 0.466667 0.542187 0.466667 0.542187 0.568750 0.482812 0.568750
7 0.620312 0.441667 0.725000 0.441667 0.725000 0.662500 0.620312 0.662500
4 0.504687 0.568750 0.601562 0.568750 0.601562 0.681250 0.504687 0.681250
1 0.906250 0.562500 1.000000 0.562500 1.000000 0.687500 0.906250 0.687500
7 0.714062 0.566667 0.767188 0.566667 0.767188 0.716667 0.714062 0.716667
1 0.748438 0.527083 0.953125 0.527083 0.953125 0.922917 0.748438 0.922917
4 0.532813 0.683333 0.642188 0.683333 0.642188 0.881250 0.532813 0.881250
1 0.859375 0.700000 1.000000 0.700000 1.000000 1.000000 0.859375 1.000000
4 0.565625 0.885417 0.726562 0.885417 0.726562 1.000000 0.565625 1.000000