4 0.362500 0.345833 0.392187 0.345833 0.392187 0.379167 0.362500 0.379167
9 0.529688 0.347917 0.578125 0.347917 0.578125 0.429167 0.529688 0.429167
4 0.471875 0.379167 0.512500 0.379167 0.512500 0.427083 0.471875 0.427083
8 0.634375 0.360417 0.728125 0.360417 0.728125 0.485417 0.634375 0.485417
4 0.490625 0.418750 0.539062 0.418750 0.539062 0.489583 0.490625 0.489583
4 0.735938 0.435417 0.792187 0.435417 0.792187 0.510417 0.735938 0.510417
2 0.584375 0.389583 0.695312 0.389583 0.695312 0.568750 0.584375 0.568750
4 0.306250 0.462500 0.367188 0.462500 0.367188 0.543750 0.306250 0.543750
8 0.814062 0.508333 1.000000 0.508333 1.000000 0.762500 0.814062 0.762500
4 0.528125 0.587500 0.615625 0.587500 0.615625 0.704167 0.528125 0.704167
10 0.704688 0.593750 0.845313 0.593750 0.845313 0.831250 0.704688 0.831250