4 0.390625 0.291667 0.414062 0.291667 0.414062 0.320833 0.390625 0.320833
7 0.303125 0.302083 0.339062 0.302083 0.339062 0.356250 0.303125 0.356250
4 0.378125 0.316667 0.404688 0.316667 0.404688 0.347917 0.378125 0.347917
4 0.339063 0.316667 0.367188 0.316667 0.367188 0.358333 0.339063 0.358333
4 0.343750 0.345833 0.378125 0.345833 0.378125 0.391667 0.343750 0.391667
1 0.598437 0.322917 0.676562 0.322917 0.676562 0.425000 0.598437 0.425000
1 0.528125 0.327083 0.600000 0.327083 0.600000 0.439583 0.528125 0.439583
4 0.250000 0.391667 0.301562 0.391667 0.301562 0.468750 0.250000 0.468750
4 0.684375 0.410417 0.759375 0.410417 0.759375 0.470833 0.684375 0.470833
1 0.562500 0.385417 0.681250 0.385417 0.681250 0.545833 0.562500 0.545833
4 0.473438 0.443750 0.548438 0.443750 0.548438 0.525000 0.473438 0.525000
4 0.489063 0.493750 0.560937 0.493750 0.560937 0.595833 0.489063 0.595833
7 0.093750 0.525000 0.221875 0.525000 0.221875 0.685417 0.093750 0.685417
1 0.626562 0.447917 0.859375 0.447917 0.859375 0.779167 0.626562 0.779167
1 0.825000 0.508333 0.975000 0.508333 0.975000 0.729167 0.825000 0.729167
4 0.514062 0.583333 0.623437 0.583333 0.623437 0.731250 0.514062 0.731250
4 0.534375 0.708333 0.654687 0.708333 0.654687 0.891667 0.534375 0.891667
4 0.564062 0.812500 0.757812 0.812500 0.757812 1.000000 0.564062 1.000000