9 0.537500 0.337500 0.589062 0.337500 0.589062 0.429167 0.537500 0.429167
1 0.165625 0.320833 0.270313 0.320833 0.270313 0.454167 0.165625 0.454167
4 0.276563 0.391667 0.320312 0.391667 0.320312 0.445833 0.276563 0.445833
4 0.342187 0.393750 0.382812 0.393750 0.382812 0.452083 0.342187 0.452083
9 0.562500 0.391667 0.603125 0.391667 0.603125 0.464583 0.562500 0.464583
4 0.478125 0.406250 0.515625 0.406250 0.515625 0.456250 0.478125 0.456250
8 0.681250 0.372917 0.792187 0.372917 0.792187 0.566667 0.681250 0.566667
7 0.182812 0.458333 0.250000 0.458333 0.250000 0.531250 0.182812 0.531250
4 0.484375 0.454167 0.540625 0.454167 0.540625 0.535417 0.484375 0.535417
11 0.600000 0.431250 0.751563 0.431250 0.751563 0.650000 0.600000 0.650000
3 0.256250 0.533333 0.353125 0.533333 0.353125 0.677083 0.256250 0.677083
4 0.515625 0.550000 0.590625 0.550000 0.590625 0.666667 0.515625 0.666667
4 0.115625 0.577083 0.204687 0.577083 0.204687 0.670833 0.115625 0.670833