5 0.359375 0.362500 0.393750 0.362500 0.393750 0.404167 0.359375 0.404167
5 0.295313 0.362500 0.332813 0.362500 0.332813 0.408333 0.295313 0.408333
5 0.240625 0.370833 0.279687 0.370833 0.279687 0.418750 0.240625 0.418750
4 0.479687 0.404167 0.518750 0.404167 0.518750 0.454167 0.479687 0.454167
4 0.625000 0.408333 0.673437 0.408333 0.673437 0.462500 0.625000 0.462500
4 0.568750 0.425000 0.615625 0.425000 0.615625 0.483333 0.568750 0.483333
10 0.685937 0.414583 0.770313 0.414583 0.770313 0.552083 0.685937 0.552083
4 0.489062 0.447917 0.546875 0.447917 0.546875 0.539583 0.489062 0.539583
4 0.598437 0.458333 0.660937 0.458333 0.660937 0.550000 0.598437 0.550000
9 0.635938 0.493750 0.745313 0.493750 0.745313 0.668750 0.635938 0.668750
10 0.771875 0.550000 0.885937 0.550000 0.885937 0.677083 0.771875 0.677083
4 0.232812 0.593750 0.328125 0.593750 0.328125 0.729167 0.232812 0.729167
4 0.540625 0.616667 0.645313 0.616667 0.645313 0.781250 0.540625 0.781250