5 0.164062 0.341667 0.256250 0.341667 0.256250 0.431250 0.164062 0.431250
4 0.535937 0.366667 0.575000 0.366667 0.575000 0.414583 0.535937 0.414583
4 0.289062 0.375000 0.326562 0.375000 0.326562 0.429167 0.289062 0.429167
4 0.473437 0.385417 0.515625 0.385417 0.515625 0.441667 0.473437 0.441667
9 0.626563 0.393750 0.690625 0.393750 0.690625 0.483333 0.626563 0.483333
4 0.551562 0.420833 0.596875 0.420833 0.596875 0.477083 0.551562 0.477083
4 0.495312 0.441667 0.543750 0.441667 0.543750 0.510417 0.495312 0.510417
9 0.581250 0.441667 0.659375 0.441667 0.659375 0.554167 0.581250 0.554167
4 0.320312 0.464583 0.378125 0.464583 0.378125 0.535417 0.320312 0.535417
5 0.098438 0.391667 0.262500 0.391667 0.262500 0.614583 0.098438 0.614583
1 0.000000 0.447917 0.109375 0.447917 0.109375 0.652083 0.000000 0.652083
4 0.504688 0.554167 0.592187 0.554167 0.592187 0.693750 0.504688 0.693750
4 0.793750 0.750000 0.965625 0.750000 0.965625 0.979167 0.793750 0.979167