4 0.356250 0.318750 0.387500 0.318750 0.387500 0.354167 0.356250 0.354167
4 0.285938 0.350000 0.329687 0.350000 0.329687 0.420833 0.285938 0.420833
1 0.531250 0.337500 0.618750 0.337500 0.618750 0.462500 0.531250 0.462500
1 0.607813 0.337500 0.703125 0.337500 0.703125 0.462500 0.607813 0.462500
4 0.465625 0.391667 0.509375 0.391667 0.509375 0.462500 0.465625 0.462500
4 0.489062 0.418750 0.539062 0.418750 0.539062 0.458333 0.489062 0.458333
4 0.717187 0.433333 0.792187 0.433333 0.792187 0.518750 0.717187 0.518750
7 0.218750 0.422917 0.289062 0.422917 0.289062 0.539583 0.218750 0.539583
4 0.476562 0.454167 0.550000 0.454167 0.550000 0.529167 0.476562 0.529167
1 0.579687 0.416667 0.718750 0.416667 0.718750 0.579167 0.579687 0.579167
4 0.496875 0.504167 0.573438 0.504167 0.573438 0.620833 0.496875 0.620833
1 0.000000 0.518750 0.042188 0.518750 0.042188 0.793750 0.000000 0.793750
4 0.514062 0.604167 0.615625 0.604167 0.615625 0.729167 0.514062 0.729167
1 0.648438 0.450000 0.964063 0.450000 0.964063 0.912500 0.648438 0.912500
1 0.909375 0.562500 1.000000 0.562500 1.000000 0.866667 0.909375 0.866667
4 0.528125 0.702083 0.665625 0.702083 0.665625 0.912500 0.528125 0.912500
4 0.139063 0.775000 0.303125 0.775000 0.303125 0.981250 0.139063 0.981250
4 0.587500 0.835417 0.739063 0.835417 0.739063 1.000000 0.587500 1.000000