2 0.596875 0.333333 0.676562 0.333333 0.676562 0.452083 0.596875 0.452083
4 0.467188 0.381250 0.504688 0.381250 0.504688 0.427083 0.467188 0.427083
9 0.548438 0.372917 0.603125 0.372917 0.603125 0.470833 0.548438 0.470833
7 0.193750 0.387500 0.251563 0.387500 0.251563 0.458333 0.193750 0.458333
4 0.482812 0.408333 0.529687 0.408333 0.529687 0.475000 0.482812 0.475000
7 0.240625 0.425000 0.298438 0.425000 0.298438 0.495833 0.240625 0.495833
10 0.698438 0.445833 0.776563 0.445833 0.776563 0.566667 0.698438 0.566667
4 0.603125 0.470833 0.664062 0.470833 0.664062 0.558333 0.603125 0.558333
4 0.250000 0.481250 0.317187 0.481250 0.317187 0.554167 0.250000 0.554167
4 0.260937 0.547917 0.342188 0.547917 0.342188 0.654167 0.260937 0.654167
4 0.509375 0.550000 0.593750 0.550000 0.593750 0.668750 0.509375 0.668750
4 0.790625 0.562500 0.903125 0.562500 0.903125 0.716667 0.790625 0.716667
4 0.664062 0.622917 0.773438 0.622917 0.773438 0.762500 0.664062 0.762500