1 0.237500 0.302083 0.306250 0.302083 0.306250 0.408333 0.237500 0.408333
4 0.321875 0.343750 0.350000 0.343750 0.350000 0.387500 0.321875 0.387500
4 0.362500 0.358333 0.395313 0.358333 0.395313 0.393750 0.362500 0.393750
1 0.254688 0.347917 0.326563 0.347917 0.326563 0.452083 0.254688 0.452083
11 0.548437 0.341667 0.632812 0.341667 0.632812 0.489583 0.548437 0.489583
4 0.334375 0.397917 0.379688 0.397917 0.379688 0.454167 0.334375 0.454167
10 0.625000 0.385417 0.676562 0.385417 0.676562 0.468750 0.625000 0.468750
2 0.476562 0.364583 0.554688 0.364583 0.554688 0.510417 0.476562 0.510417
10 0.671875 0.414583 0.745313 0.414583 0.745313 0.535417 0.671875 0.535417
4 0.292187 0.483333 0.357813 0.483333 0.357813 0.558333 0.292187 0.558333
4 0.151562 0.514583 0.234375 0.514583 0.234375 0.606250 0.151562 0.606250
4 0.521875 0.510417 0.603125 0.510417 0.603125 0.633333 0.521875 0.633333
4 0.171875 0.743750 0.301563 0.743750 0.301563 0.904167 0.171875 0.904167