7 0.364063 0.254167 0.389063 0.254167 0.389063 0.293750 0.364063 0.293750
7 0.401562 0.254167 0.426563 0.254167 0.426563 0.295833 0.401562 0.295833
7 0.326563 0.260417 0.354687 0.260417 0.354687 0.295833 0.326563 0.295833
7 0.351562 0.277083 0.356250 0.277083 0.356250 0.283333 0.351562 0.283333
7 0.351562 0.277083 0.356250 0.277083 0.356250 0.283333 0.351562 0.283333
4 0.453125 0.277083 0.454688 0.277083 0.454688 0.283333 0.453125 0.283333
7 0.376562 0.287500 0.378125 0.287500 0.378125 0.295833 0.376562 0.295833
4 0.443750 0.281250 0.462500 0.281250 0.462500 0.308333 0.443750 0.308333
7 0.340625 0.275000 0.376562 0.275000 0.376562 0.329167 0.340625 0.329167
4 0.451562 0.297917 0.470313 0.297917 0.470313 0.318750 0.451562 0.318750
1 0.489063 0.275000 0.518750 0.275000 0.518750 0.350000 0.489063 0.350000
4 0.453125 0.308333 0.476562 0.308333 0.476562 0.335417 0.453125 0.335417
7 0.375000 0.291667 0.410937 0.291667 0.410937 0.356250 0.375000 0.356250
1 0.560937 0.310417 0.606250 0.310417 0.606250 0.377083 0.560937 0.377083
4 0.459375 0.339583 0.484375 0.339583 0.484375 0.372917 0.459375 0.372917
7 0.507812 0.325000 0.548437 0.325000 0.548437 0.404167 0.507812 0.404167
7 0.303125 0.329167 0.354687 0.329167 0.354687 0.406250 0.303125 0.406250
1 0.584375 0.366667 0.635937 0.366667 0.635937 0.429167 0.584375 0.429167
4 0.470313 0.385417 0.498437 0.385417 0.498437 0.418750 0.470313 0.418750
7 0.545312 0.360417 0.582813 0.360417 0.582813 0.443750 0.545312 0.443750
1 0.634375 0.381250 0.687500 0.381250 0.687500 0.464583 0.634375 0.464583
4 0.496875 0.425000 0.498438 0.425000 0.498438 0.431250 0.496875 0.431250
4 0.557813 0.418750 0.582812 0.418750 0.582812 0.462500 0.557813 0.462500
4 0.478125 0.427083 0.514062 0.427083 0.514062 0.460417 0.478125 0.460417
4 0.579688 0.429167 0.614063 0.429167 0.614063 0.493750 0.579688 0.493750
4 0.490625 0.454167 0.531250 0.454167 0.531250 0.497917 0.490625 0.497917
1 0.695312 0.433333 0.778125 0.433333 0.778125 0.562500 0.695312 0.562500
7 0.603125 0.483333 0.662500 0.483333 0.662500 0.625000 0.603125 0.625000
4 0.054687 0.495833 0.120312 0.495833 0.120312 0.616667 0.054687 0.616667
4 0.495312 0.518750 0.556250 0.518750 0.556250 0.620833 0.495312 0.620833
7 0.637500 0.475000 0.729688 0.475000 0.729688 0.666667 0.637500 0.666667
1 0.818750 0.633333 0.826562 0.633333 0.826562 0.643750 0.818750 0.643750
1 0.818750 0.633333 0.826562 0.633333 0.826562 0.643750 0.818750 0.643750
4 0.723438 0.587500 0.767188 0.587500 0.767188 0.722917 0.723438 0.722917
4 0.515625 0.633333 0.598437 0.633333 0.598437 0.756250 0.515625 0.756250
1 0.770313 0.575000 0.951562 0.575000 0.951562 0.889583 0.770313 0.889583
4 0.200000 0.670833 0.292187 0.670833 0.292187 0.795833 0.200000 0.795833
1 0.860937 0.697917 1.000000 0.697917 1.000000 0.960417 0.860937 0.960417
4 0.534375 0.737500 0.696875 0.737500 0.696875 0.927083 0.534375 0.927083
4 0.554688 0.897917 0.737500 0.897917 0.737500 1.000000 0.554688 1.000000