4 0.364063 0.304167 0.387500 0.304167 0.387500 0.335417 0.364063 0.335417
7 0.281250 0.310417 0.318750 0.310417 0.318750 0.372917 0.281250 0.372917
1 0.310938 0.308333 0.370312 0.308333 0.370312 0.387500 0.310938 0.387500
4 0.375000 0.335417 0.404687 0.335417 0.404687 0.370833 0.375000 0.370833
4 0.351562 0.354167 0.384375 0.354167 0.384375 0.395833 0.351562 0.395833
1 0.598437 0.316667 0.676562 0.316667 0.676562 0.439583 0.598437 0.439583
7 0.529687 0.343750 0.576562 0.343750 0.576562 0.431250 0.529687 0.431250
6 0.314063 0.379167 0.365625 0.379167 0.365625 0.460417 0.314063 0.460417
4 0.554688 0.397917 0.587500 0.397917 0.587500 0.450000 0.554688 0.450000
7 0.645312 0.383333 0.721875 0.383333 0.721875 0.508333 0.645312 0.508333
4 0.573438 0.414583 0.617188 0.414583 0.617188 0.481250 0.573438 0.481250
4 0.482812 0.431250 0.521875 0.431250 0.521875 0.493750 0.482812 0.493750
4 0.487500 0.454167 0.546875 0.454167 0.546875 0.535417 0.487500 0.535417
4 0.309375 0.458333 0.368750 0.458333 0.368750 0.541667 0.309375 0.541667
7 0.589063 0.441667 0.656250 0.441667 0.656250 0.577083 0.589063 0.577083
7 0.745312 0.447917 0.868750 0.447917 0.868750 0.618750 0.745312 0.618750
4 0.498438 0.491667 0.562500 0.491667 0.562500 0.577083 0.498438 0.577083
7 0.614062 0.447917 0.721875 0.447917 0.721875 0.650000 0.614062 0.650000
4 0.523438 0.525000 0.593750 0.525000 0.593750 0.629167 0.523438 0.629167
7 0.495312 0.543750 0.576562 0.543750 0.576562 0.702083 0.495312 0.702083
7 0.715625 0.570833 0.814063 0.570833 0.814063 0.731250 0.715625 0.731250
1 0.748437 0.539583 0.978125 0.539583 0.978125 0.929167 0.748437 0.929167
4 0.523438 0.654167 0.623438 0.654167 0.623438 0.829167 0.523438 0.829167
4 0.545312 0.758333 0.681250 0.758333 0.681250 0.964583 0.545312 0.964583
4 0.567187 0.902083 0.718750 0.902083 0.718750 1.000000 0.567187 1.000000