4 0.560937 0.333333 0.595313 0.333333 0.595313 0.385417 0.560937 0.385417
4 0.518750 0.352083 0.548438 0.352083 0.548438 0.391667 0.518750 0.391667
4 0.581250 0.362500 0.615625 0.362500 0.615625 0.404167 0.581250 0.404167
7 0.614063 0.366667 0.657813 0.366667 0.657813 0.425000 0.614063 0.425000
4 0.542187 0.389583 0.579688 0.389583 0.579688 0.441667 0.542187 0.441667
4 0.471875 0.391667 0.509375 0.391667 0.509375 0.445833 0.471875 0.445833
1 0.656250 0.354167 0.796875 0.354167 0.796875 0.564583 0.656250 0.564583
4 0.485938 0.435417 0.545312 0.435417 0.545312 0.512500 0.485938 0.512500
1 0.575000 0.414583 0.682813 0.414583 0.682813 0.554167 0.575000 0.554167
5 0.014062 0.458333 0.134375 0.458333 0.134375 0.583333 0.014062 0.583333
4 0.514062 0.537500 0.590625 0.537500 0.590625 0.664583 0.514062 0.664583
4 0.846875 0.650000 0.976562 0.650000 0.976562 0.772917 0.846875 0.772917
4 0.545312 0.689583 0.660938 0.689583 0.660938 0.883333 0.545312 0.883333
4 0.767188 0.775000 0.915625 0.775000 0.915625 0.937500 0.767188 0.937500