11 0.553125 0.329167 0.621875 0.329167 0.621875 0.404167 0.553125 0.404167
4 0.625000 0.352083 0.662500 0.352083 0.662500 0.400000 0.625000 0.400000
3 0.465625 0.354167 0.507812 0.354167 0.507812 0.410417 0.465625 0.410417
4 0.337500 0.389583 0.379688 0.389583 0.379688 0.441667 0.337500 0.441667
9 0.535937 0.370833 0.604688 0.370833 0.604688 0.470833 0.535937 0.470833
4 0.473438 0.408333 0.529687 0.408333 0.529687 0.483333 0.473438 0.483333
9 0.639062 0.404167 0.704688 0.404167 0.704688 0.491667 0.639062 0.491667
4 0.576562 0.456250 0.643750 0.456250 0.643750 0.543750 0.576562 0.543750
4 0.482812 0.470833 0.550000 0.470833 0.550000 0.575000 0.482812 0.575000
11 0.635938 0.460417 0.854688 0.460417 0.854688 0.797917 0.635938 0.797917
9 0.806250 0.560417 0.935937 0.560417 0.935937 0.708333 0.806250 0.708333
4 0.532812 0.616667 0.640625 0.616667 0.640625 0.764583 0.532812 0.764583