1 0.298437 0.320833 0.348438 0.320833 0.348438 0.397917 0.298437 0.397917
4 0.365625 0.356250 0.398438 0.356250 0.398438 0.389583 0.365625 0.389583
4 0.535938 0.362500 0.571875 0.362500 0.571875 0.416667 0.535938 0.416667
4 0.354687 0.389583 0.387500 0.389583 0.387500 0.429167 0.354687 0.429167
4 0.265625 0.402083 0.306250 0.402083 0.306250 0.454167 0.265625 0.454167
4 0.476562 0.397917 0.521875 0.397917 0.521875 0.462500 0.476562 0.462500
10 0.568750 0.395833 0.617188 0.395833 0.617188 0.470833 0.568750 0.470833
7 0.165625 0.391667 0.235937 0.391667 0.235937 0.483333 0.165625 0.483333
7 0.075000 0.408333 0.173437 0.408333 0.173437 0.552083 0.075000 0.552083
4 0.485937 0.445833 0.534375 0.445833 0.534375 0.525000 0.485937 0.525000
4 0.312500 0.460417 0.376563 0.460417 0.376563 0.531250 0.312500 0.531250
10 0.709375 0.450000 0.779687 0.450000 0.779687 0.558333 0.709375 0.558333
7 0.179688 0.495833 0.251563 0.495833 0.251563 0.587500 0.179688 0.587500
11 0.606250 0.412500 0.776563 0.412500 0.776563 0.683333 0.606250 0.683333
4 0.273438 0.535417 0.357812 0.535417 0.357812 0.641667 0.273438 0.641667
10 0.801563 0.514583 0.928125 0.514583 0.928125 0.697917 0.801563 0.697917
2 0.500000 0.458333 0.670313 0.458333 0.670313 0.772917 0.500000 0.772917
7 0.034375 0.527083 0.189063 0.527083 0.189063 0.712500 0.034375 0.712500