4 0.565625 0.337500 0.604688 0.337500 0.604688 0.387500 0.565625 0.387500
4 0.521875 0.360417 0.551563 0.360417 0.551563 0.400000 0.521875 0.400000
4 0.587500 0.375000 0.621875 0.375000 0.621875 0.416667 0.587500 0.416667
4 0.468750 0.377083 0.503125 0.377083 0.503125 0.418750 0.468750 0.418750
7 0.620313 0.370833 0.671875 0.370833 0.671875 0.437500 0.620313 0.437500
4 0.548437 0.400000 0.585938 0.400000 0.585938 0.452083 0.548437 0.452083
4 0.478125 0.410417 0.515625 0.410417 0.515625 0.464583 0.478125 0.464583
1 0.671875 0.360417 0.818750 0.360417 0.818750 0.589583 0.671875 0.589583
5 0.081250 0.422917 0.173438 0.422917 0.173438 0.537500 0.081250 0.537500
4 0.493750 0.458333 0.554688 0.458333 0.554688 0.545833 0.493750 0.545833
1 0.581250 0.433333 0.701562 0.433333 0.701562 0.604167 0.581250 0.604167
4 0.520312 0.575000 0.609375 0.575000 0.609375 0.702083 0.520312 0.702083
4 0.875000 0.681250 1.000000 0.681250 1.000000 0.812500 0.875000 0.812500
4 0.556250 0.741667 0.689063 0.741667 0.689063 0.964583 0.556250 0.964583
4 0.826563 0.891667 1.000000 0.891667 1.000000 1.000000 0.826563 1.000000