4 0.353125 0.300000 0.376563 0.300000 0.376563 0.337500 0.353125 0.337500
4 0.546875 0.325000 0.581250 0.325000 0.581250 0.364583 0.546875 0.364583
4 0.509375 0.337500 0.539062 0.337500 0.539062 0.377083 0.509375 0.377083
4 0.565625 0.350000 0.595313 0.350000 0.595313 0.377083 0.565625 0.377083
4 0.312500 0.343750 0.346875 0.343750 0.346875 0.389583 0.312500 0.389583
4 0.589063 0.343750 0.621875 0.343750 0.621875 0.391667 0.589063 0.391667
4 0.360937 0.364583 0.393750 0.364583 0.393750 0.404167 0.360937 0.404167
4 0.528125 0.362500 0.557813 0.362500 0.557813 0.410417 0.528125 0.410417
4 0.467188 0.368750 0.504688 0.368750 0.504688 0.412500 0.467188 0.412500
1 0.617188 0.331250 0.725000 0.331250 0.725000 0.497917 0.617188 0.497917
4 0.479687 0.397917 0.525000 0.397917 0.525000 0.458333 0.479687 0.458333
1 0.546875 0.375000 0.621875 0.375000 0.621875 0.489583 0.546875 0.489583
4 0.276562 0.422917 0.329687 0.422917 0.329687 0.479167 0.276562 0.479167
4 0.484375 0.462500 0.540625 0.462500 0.540625 0.535417 0.484375 0.535417
4 0.753125 0.541667 0.842187 0.541667 0.842187 0.633333 0.753125 0.633333
4 0.651562 0.560417 0.735938 0.560417 0.735938 0.666667 0.651562 0.666667
4 0.507812 0.564583 0.587500 0.564583 0.587500 0.681250 0.507812 0.681250