5 0.209375 0.325000 0.282813 0.325000 0.282813 0.393750 0.209375 0.393750
4 0.354687 0.389583 0.395313 0.389583 0.395313 0.439583 0.354687 0.439583
4 0.550000 0.387500 0.593750 0.387500 0.593750 0.445833 0.550000 0.445833
5 0.181250 0.360417 0.296875 0.360417 0.296875 0.522917 0.181250 0.522917
4 0.481250 0.416667 0.528125 0.416667 0.528125 0.485417 0.481250 0.485417
1 0.078125 0.387500 0.187500 0.387500 0.187500 0.533333 0.078125 0.533333
9 0.659375 0.427083 0.740625 0.427083 0.740625 0.547917 0.659375 0.547917
4 0.576562 0.464583 0.634375 0.464583 0.634375 0.539583 0.576562 0.539583
4 0.506250 0.485417 0.568750 0.485417 0.568750 0.579167 0.506250 0.579167
9 0.623438 0.497917 0.726562 0.497917 0.726562 0.654167 0.623438 0.654167
5 0.000000 0.462500 0.200000 0.462500 0.200000 0.804167 0.000000 0.804167
4 0.531250 0.670833 0.659375 0.670833 0.659375 0.872917 0.531250 0.872917