0 0.442188 0.304167 0.485937 0.304167 0.485937 0.368750 0.442188 0.368750
0 0.500000 0.295833 0.551562 0.295833 0.551562 0.377083 0.500000 0.377083
4 0.456250 0.343750 0.482813 0.343750 0.482813 0.375000 0.456250 0.375000
4 0.364063 0.343750 0.396875 0.343750 0.396875 0.389583 0.364063 0.389583
7 0.275000 0.358333 0.321875 0.358333 0.321875 0.425000 0.275000 0.425000
7 0.612500 0.354167 0.675000 0.354167 0.675000 0.454167 0.612500 0.454167
0 0.535937 0.352083 0.620313 0.352083 0.620313 0.479167 0.535937 0.479167
4 0.460938 0.385417 0.515625 0.385417 0.515625 0.450000 0.460938 0.450000
7 0.195312 0.375000 0.257812 0.375000 0.257812 0.462500 0.195312 0.462500
4 0.706250 0.416667 0.759375 0.416667 0.759375 0.491667 0.706250 0.491667
4 0.642188 0.431250 0.700000 0.431250 0.700000 0.497917 0.642188 0.497917
4 0.479688 0.435417 0.539062 0.435417 0.539062 0.527083 0.479688 0.527083
7 0.306250 0.460417 0.367188 0.460417 0.367188 0.554167 0.306250 0.554167
7 0.057812 0.489583 0.140625 0.489583 0.140625 0.587500 0.057812 0.587500
8 0.740625 0.408333 0.956250 0.408333 0.956250 0.693750 0.740625 0.693750
4 0.500000 0.510417 0.560938 0.510417 0.560938 0.606250 0.500000 0.606250
4 0.635938 0.547917 0.731250 0.547917 0.731250 0.668750 0.635938 0.668750
4 0.228125 0.610417 0.317188 0.610417 0.317188 0.733333 0.228125 0.733333
4 0.520312 0.600000 0.620313 0.600000 0.620313 0.777083 0.520312 0.777083
4 0.593750 0.831250 0.770312 0.831250 0.770312 1.000000 0.593750 1.000000