4 0.335938 0.322917 0.362500 0.322917 0.362500 0.362500 0.335938 0.362500
5 0.257812 0.308333 0.310937 0.308333 0.310937 0.389583 0.257812 0.389583
4 0.356250 0.360417 0.389063 0.360417 0.389063 0.404167 0.356250 0.404167
4 0.471875 0.381250 0.514062 0.381250 0.514062 0.422917 0.471875 0.422917
7 0.543750 0.366667 0.601562 0.366667 0.601562 0.464583 0.543750 0.464583
4 0.471875 0.402083 0.506250 0.402083 0.506250 0.450000 0.471875 0.450000
4 0.635938 0.400000 0.687500 0.400000 0.687500 0.458333 0.635938 0.458333
4 0.482812 0.427083 0.529687 0.427083 0.529687 0.489583 0.482812 0.489583
4 0.579688 0.443750 0.629688 0.443750 0.629688 0.508333 0.579688 0.508333
4 0.689063 0.441667 0.751563 0.441667 0.751563 0.514583 0.689063 0.514583
4 0.285938 0.493750 0.357813 0.493750 0.357813 0.579167 0.285938 0.579167
4 0.495313 0.491667 0.562500 0.491667 0.562500 0.583333 0.495313 0.583333
5 0.767187 0.472917 0.992188 0.472917 0.992188 0.716667 0.767187 0.716667
4 0.506250 0.585417 0.601562 0.585417 0.601562 0.727083 0.506250 0.727083
4 0.734375 0.706250 0.870313 0.706250 0.870313 0.879167 0.734375 0.879167
4 0.579687 0.829167 0.734375 0.829167 0.734375 1.000000 0.579687 1.000000