7 0.276562 0.322917 0.314062 0.322917 0.314062 0.379167 0.276562 0.379167
9 0.517188 0.337500 0.560937 0.337500 0.560937 0.408333 0.517188 0.408333
4 0.465625 0.364583 0.504687 0.364583 0.504687 0.412500 0.465625 0.412500
4 0.539062 0.389583 0.573438 0.389583 0.573438 0.447917 0.539062 0.447917
10 0.629687 0.387500 0.679688 0.387500 0.679688 0.470833 0.629687 0.470833
4 0.467188 0.400000 0.518750 0.400000 0.518750 0.468750 0.467188 0.468750
11 0.556250 0.372917 0.667187 0.372917 0.667187 0.543750 0.556250 0.543750
9 0.679688 0.452083 0.762500 0.452083 0.762500 0.537500 0.679688 0.537500
4 0.492188 0.468750 0.550000 0.468750 0.550000 0.545833 0.492188 0.545833
4 0.770313 0.552083 0.868750 0.552083 0.868750 0.664583 0.770313 0.664583
4 0.664062 0.585417 0.764063 0.585417 0.764063 0.704167 0.664062 0.704167
4 0.568750 0.691667 0.681250 0.691667 0.681250 0.862500 0.568750 0.862500