4 0.381250 0.306250 0.409375 0.306250 0.409375 0.352083 0.381250 0.352083
4 0.353125 0.343750 0.403125 0.343750 0.403125 0.393750 0.353125 0.393750
5 0.268750 0.343750 0.342188 0.343750 0.342188 0.445833 0.268750 0.445833
4 0.351562 0.368750 0.396875 0.368750 0.396875 0.433333 0.351562 0.433333
1 0.646875 0.375000 0.776562 0.375000 0.776562 0.543750 0.646875 0.543750
4 0.570312 0.422917 0.634375 0.422917 0.634375 0.506250 0.570312 0.506250
4 0.282813 0.435417 0.350000 0.435417 0.350000 0.510417 0.282813 0.510417
4 0.767188 0.454167 0.823437 0.454167 0.823437 0.539583 0.767188 0.539583
4 0.482812 0.464583 0.548438 0.464583 0.548438 0.554167 0.482812 0.554167
4 0.621875 0.516667 0.690625 0.516667 0.690625 0.622917 0.621875 0.622917
4 0.504687 0.512500 0.590625 0.512500 0.590625 0.633333 0.504687 0.633333
4 0.237500 0.550000 0.350000 0.550000 0.350000 0.681250 0.237500 0.681250
4 0.785938 0.566667 0.884375 0.566667 0.884375 0.691667 0.785938 0.691667
1 0.901563 0.487500 1.000000 0.487500 1.000000 0.800000 0.901563 0.800000
5 0.671875 0.562500 0.812500 0.562500 0.812500 0.795833 0.671875 0.795833
4 0.562500 0.610417 0.670313 0.610417 0.670313 0.781250 0.562500 0.781250
7 0.509375 0.681250 0.629688 0.681250 0.629688 0.912500 0.509375 0.912500
5 0.812500 0.683333 1.000000 0.683333 1.000000 1.000000 0.812500 1.000000