4 0.534375 0.379167 0.560937 0.379167 0.560937 0.437500 0.534375 0.437500
4 0.468750 0.389583 0.517188 0.389583 0.517188 0.464583 0.468750 0.464583
1 0.554688 0.339583 0.660937 0.339583 0.660937 0.539583 0.554688 0.539583
4 0.318750 0.402083 0.367188 0.402083 0.367188 0.483333 0.318750 0.483333
4 0.651563 0.416667 0.700000 0.416667 0.700000 0.495833 0.651563 0.495833
7 0.109375 0.400000 0.187500 0.400000 0.187500 0.531250 0.109375 0.531250
0 0.693750 0.395833 0.843750 0.395833 0.843750 0.616667 0.693750 0.616667
4 0.493750 0.489583 0.556250 0.489583 0.556250 0.581250 0.493750 0.581250
4 0.178125 0.491667 0.260937 0.491667 0.260937 0.595833 0.178125 0.595833
9 0.854688 0.566667 1.000000 0.566667 1.000000 0.854167 0.854688 0.854167
4 0.529687 0.627083 0.637500 0.627083 0.637500 0.804167 0.529687 0.804167