1 0.567188 0.300000 0.634375 0.300000 0.634375 0.395833 0.567188 0.395833
4 0.371875 0.333333 0.400000 0.333333 0.400000 0.379167 0.371875 0.379167
1 0.507812 0.316667 0.571875 0.316667 0.571875 0.414583 0.507812 0.414583
7 0.254688 0.333333 0.306250 0.333333 0.306250 0.402083 0.254688 0.402083
4 0.295313 0.370833 0.331250 0.370833 0.331250 0.427083 0.295313 0.427083
4 0.465625 0.385417 0.509375 0.385417 0.509375 0.414583 0.465625 0.414583
1 0.540625 0.347917 0.631250 0.347917 0.631250 0.491667 0.540625 0.491667
4 0.335938 0.400000 0.385938 0.400000 0.385938 0.445833 0.335938 0.445833
4 0.476562 0.418750 0.534375 0.418750 0.534375 0.458333 0.476562 0.458333
1 0.684375 0.406250 0.818750 0.406250 0.818750 0.566667 0.684375 0.566667
4 0.478125 0.466667 0.545312 0.466667 0.545312 0.552083 0.478125 0.552083
1 0.595312 0.395833 0.742188 0.395833 0.742188 0.645833 0.595312 0.645833
4 0.248438 0.504167 0.337500 0.504167 0.337500 0.610417 0.248438 0.610417
4 0.498437 0.545833 0.571875 0.545833 0.571875 0.660417 0.498437 0.660417
7 0.814062 0.570833 1.000000 0.570833 1.000000 0.775000 0.814062 0.775000
4 0.518750 0.627083 0.629687 0.627083 0.629687 0.789583 0.518750 0.789583
4 0.023438 0.656250 0.142187 0.656250 0.142187 0.775000 0.023438 0.775000
4 0.551563 0.745833 0.709375 0.745833 0.709375 0.950000 0.551563 0.950000
4 0.878125 0.889583 1.000000 0.889583 1.000000 1.000000 0.878125 1.000000
4 0.626563 0.939583 0.751563 0.939583 0.751563 1.000000 0.626563 1.000000