5 0.379687 0.316667 0.406250 0.316667 0.406250 0.347917 0.379687 0.347917
4 0.350000 0.370833 0.390625 0.370833 0.390625 0.410417 0.350000 0.410417
10 0.596875 0.364583 0.635938 0.364583 0.635938 0.429167 0.596875 0.429167
11 0.534375 0.343750 0.606250 0.343750 0.606250 0.460417 0.534375 0.460417
7 0.200000 0.375000 0.259375 0.375000 0.259375 0.447917 0.200000 0.447917
9 0.629688 0.400000 0.685937 0.400000 0.685937 0.472917 0.629688 0.472917
4 0.478125 0.414583 0.518750 0.414583 0.518750 0.472917 0.478125 0.472917
4 0.690625 0.472917 0.757812 0.472917 0.757812 0.554167 0.690625 0.554167
4 0.593750 0.475000 0.660937 0.475000 0.660937 0.562500 0.593750 0.562500
4 0.523438 0.537500 0.598437 0.537500 0.598437 0.641667 0.523438 0.641667
10 0.781250 0.497917 0.909375 0.497917 0.909375 0.691667 0.781250 0.691667
4 0.546875 0.704167 0.660937 0.704167 0.660937 0.870833 0.546875 0.870833
4 0.759375 0.725000 0.926563 0.725000 0.926563 0.950000 0.759375 0.950000