0 0.442188 0.304167 0.485937 0.304167 0.485937 0.368750 0.442188 0.368750
0 0.500000 0.295833 0.551562 0.295833 0.551562 0.377083 0.500000 0.377083
4 0.456250 0.343750 0.482813 0.343750 0.482813 0.375000 0.456250 0.375000
4 0.306250 0.356250 0.339062 0.356250 0.339062 0.402083 0.306250 0.402083
0 0.531250 0.335417 0.598437 0.335417 0.598437 0.443750 0.531250 0.443750
7 0.596875 0.343750 0.659375 0.343750 0.659375 0.443750 0.596875 0.443750
4 0.464062 0.372917 0.496875 0.372917 0.496875 0.416667 0.464062 0.416667
4 0.340625 0.383333 0.382812 0.383333 0.382812 0.443750 0.340625 0.443750
4 0.476562 0.406250 0.518750 0.406250 0.518750 0.470833 0.476562 0.470833
7 0.221875 0.404167 0.290625 0.404167 0.290625 0.489583 0.221875 0.489583
4 0.639062 0.418750 0.684375 0.418750 0.684375 0.479167 0.639062 0.479167
4 0.495312 0.456250 0.537500 0.456250 0.537500 0.527083 0.495312 0.527083
7 0.090625 0.433333 0.187500 0.433333 0.187500 0.566667 0.090625 0.566667
8 0.710938 0.400000 0.881250 0.400000 0.881250 0.616667 0.710938 0.616667
4 0.607813 0.495833 0.679688 0.495833 0.679688 0.608333 0.607813 0.608333
4 0.496875 0.533333 0.579688 0.533333 0.579688 0.672917 0.496875 0.672917
4 0.217187 0.641667 0.320312 0.641667 0.320312 0.802083 0.217187 0.802083
4 0.546875 0.675000 0.665625 0.675000 0.665625 0.850000 0.546875 0.850000
4 0.718750 0.689583 0.873438 0.689583 0.873438 0.893750 0.718750 0.893750