4 0.575000 0.343750 0.614062 0.343750 0.614062 0.393750 0.575000 0.393750
4 0.526563 0.370833 0.567187 0.370833 0.567187 0.418750 0.526563 0.418750
4 0.590625 0.377083 0.637500 0.377083 0.637500 0.429167 0.590625 0.429167
4 0.471875 0.387500 0.506250 0.387500 0.506250 0.429167 0.471875 0.429167
5 0.154687 0.381250 0.223438 0.381250 0.223438 0.468750 0.154687 0.468750
7 0.639062 0.389583 0.698437 0.389583 0.698437 0.470833 0.639062 0.470833
4 0.560938 0.410417 0.617188 0.410417 0.617188 0.483333 0.560938 0.483333
4 0.481250 0.429167 0.526563 0.429167 0.526563 0.483333 0.481250 0.483333
1 0.692187 0.372917 0.879687 0.372917 0.879687 0.660417 0.692187 0.660417
4 0.506250 0.493750 0.582813 0.493750 0.582813 0.606250 0.506250 0.606250
4 0.865625 0.510417 0.940625 0.510417 0.940625 0.610417 0.865625 0.610417
1 0.609375 0.472917 0.765625 0.472917 0.765625 0.697917 0.609375 0.697917
4 0.546875 0.666667 0.664062 0.666667 0.664062 0.841667 0.546875 0.841667