4 0.342187 0.385417 0.384375 0.385417 0.384375 0.433333 0.342187 0.433333
4 0.489063 0.389583 0.529687 0.389583 0.529687 0.441667 0.489063 0.441667
4 0.617188 0.387500 0.664062 0.387500 0.664062 0.450000 0.617188 0.450000
4 0.545312 0.391667 0.587500 0.391667 0.587500 0.447917 0.545312 0.447917
4 0.698438 0.412500 0.753125 0.412500 0.753125 0.468750 0.698438 0.468750
10 0.579687 0.414583 0.648438 0.414583 0.648438 0.537500 0.579687 0.537500
4 0.484375 0.437500 0.535937 0.437500 0.535937 0.516667 0.484375 0.516667
4 0.665625 0.450000 0.717187 0.450000 0.717187 0.520833 0.665625 0.520833
9 0.731250 0.447917 0.839063 0.447917 0.839063 0.625000 0.731250 0.625000
4 0.509375 0.514583 0.585938 0.514583 0.585938 0.618750 0.509375 0.618750
4 0.670312 0.581250 0.776562 0.581250 0.776562 0.718750 0.670312 0.718750
8 0.871875 0.502083 1.000000 0.502083 1.000000 0.877083 0.871875 0.877083
9 0.784375 0.731250 1.000000 0.731250 1.000000 1.000000 0.784375 1.000000