4 0.596875 0.358333 0.635938 0.358333 0.635938 0.397917 0.596875 0.397917
7 0.531250 0.350000 0.578125 0.350000 0.578125 0.422917 0.531250 0.422917
4 0.348438 0.370833 0.385937 0.370833 0.385937 0.414583 0.348438 0.414583
4 0.476562 0.381250 0.512500 0.381250 0.512500 0.414583 0.476562 0.414583
4 0.284375 0.383333 0.332813 0.383333 0.332813 0.439583 0.284375 0.439583
4 0.595312 0.387500 0.656250 0.387500 0.656250 0.437500 0.595312 0.437500
4 0.473438 0.395833 0.506250 0.395833 0.506250 0.437500 0.473438 0.437500
4 0.553125 0.397917 0.592187 0.397917 0.592187 0.445833 0.553125 0.445833
4 0.479687 0.412500 0.517188 0.412500 0.517188 0.445833 0.479687 0.445833
4 0.326562 0.418750 0.375000 0.418750 0.375000 0.485417 0.326562 0.485417
4 0.484375 0.431250 0.529688 0.431250 0.529688 0.502083 0.484375 0.502083
4 0.237500 0.433333 0.293750 0.433333 0.293750 0.502083 0.237500 0.502083
5 0.065625 0.395833 0.179688 0.395833 0.179688 0.539583 0.065625 0.539583
5 0.685937 0.412500 0.817188 0.412500 0.817188 0.564583 0.685937 0.564583
4 0.607812 0.487500 0.682812 0.487500 0.682812 0.583333 0.607812 0.583333
4 0.492188 0.495833 0.559375 0.495833 0.559375 0.591667 0.492188 0.591667
4 0.860938 0.535417 0.946875 0.535417 0.946875 0.627083 0.860938 0.627083
4 0.143750 0.550000 0.226562 0.550000 0.226562 0.635417 0.143750 0.635417
7 0.773438 0.554167 0.871875 0.554167 0.871875 0.662500 0.773438 0.662500
4 0.528125 0.581250 0.607812 0.581250 0.607812 0.685417 0.528125 0.685417
4 0.885938 0.675000 1.000000 0.675000 1.000000 0.808333 0.885938 0.808333
4 0.743750 0.685417 0.873437 0.685417 0.873437 0.866667 0.743750 0.866667
4 0.598437 0.762500 0.739062 0.762500 0.739062 0.977083 0.598437 0.977083