10 0.575000 0.343750 0.615625 0.343750 0.615625 0.402083 0.575000 0.402083
4 0.359375 0.370833 0.392188 0.370833 0.392188 0.410417 0.359375 0.410417
4 0.546875 0.375000 0.584375 0.375000 0.584375 0.429167 0.546875 0.429167
4 0.281250 0.385417 0.321875 0.385417 0.321875 0.437500 0.281250 0.437500
10 0.190625 0.379167 0.253125 0.379167 0.253125 0.456250 0.190625 0.456250
4 0.626563 0.404167 0.668750 0.404167 0.668750 0.458333 0.626563 0.458333
10 0.126562 0.393750 0.201563 0.393750 0.201563 0.504167 0.126562 0.504167
4 0.482812 0.414583 0.526562 0.414583 0.526562 0.491667 0.482812 0.491667
4 0.332813 0.429167 0.385937 0.429167 0.385937 0.489583 0.332813 0.489583
10 0.581250 0.414583 0.643750 0.414583 0.643750 0.516667 0.581250 0.516667
4 0.492187 0.477083 0.548437 0.477083 0.548437 0.560417 0.492187 0.560417
4 0.298438 0.493750 0.365625 0.493750 0.365625 0.577083 0.298438 0.577083
10 0.750000 0.475000 0.814062 0.475000 0.814062 0.597917 0.750000 0.597917
10 0.101562 0.479167 0.223438 0.479167 0.223438 0.645833 0.101562 0.645833
11 0.629687 0.429167 0.848437 0.429167 0.848437 0.770833 0.629687 0.770833
10 0.853125 0.554167 0.998437 0.554167 0.998437 0.783333 0.853125 0.783333
2 0.518750 0.504167 0.734375 0.504167 0.734375 0.918750 0.518750 0.918750
4 0.192188 0.720833 0.304688 0.720833 0.304688 0.856250 0.192188 0.856250