4 0.462500 0.354167 0.496875 0.354167 0.496875 0.393750 0.462500 0.393750
9 0.528125 0.337500 0.576562 0.337500 0.576562 0.429167 0.528125 0.429167
4 0.467187 0.379167 0.509375 0.379167 0.509375 0.435417 0.467187 0.435417
11 0.593750 0.368750 0.682813 0.368750 0.682813 0.464583 0.593750 0.464583
7 0.242187 0.368750 0.309375 0.368750 0.309375 0.472917 0.242187 0.472917
4 0.498438 0.402083 0.539062 0.402083 0.539062 0.452083 0.498438 0.452083
4 0.153125 0.429167 0.212500 0.429167 0.212500 0.495833 0.153125 0.495833
3 0.481250 0.427083 0.545312 0.427083 0.545312 0.539583 0.481250 0.539583
4 0.748437 0.456250 0.818750 0.456250 0.818750 0.531250 0.748437 0.531250
4 0.831250 0.508333 0.923438 0.508333 0.923438 0.618750 0.831250 0.618750
9 0.612500 0.481250 0.726562 0.481250 0.726562 0.647917 0.612500 0.647917
9 0.737500 0.504167 0.864062 0.504167 0.864062 0.666667 0.737500 0.666667
4 0.514062 0.539583 0.596875 0.539583 0.596875 0.660417 0.514062 0.660417
4 0.740625 0.681250 0.887500 0.681250 0.887500 0.877083 0.740625 0.877083
4 0.150000 0.781250 0.289062 0.781250 0.289062 0.956250 0.150000 0.956250
4 0.568750 0.762500 0.709375 0.762500 0.709375 1.000000 0.568750 1.000000