7 0.240625 0.333333 0.290625 0.333333 0.290625 0.400000 0.240625 0.400000
1 0.512500 0.320833 0.568750 0.320833 0.568750 0.412500 0.512500 0.412500
7 0.590625 0.356250 0.639062 0.356250 0.639062 0.418750 0.590625 0.418750
4 0.465625 0.372917 0.503125 0.372917 0.503125 0.420833 0.465625 0.420833
4 0.543750 0.397917 0.595313 0.397917 0.595313 0.460417 0.543750 0.460417
4 0.321875 0.402083 0.373437 0.402083 0.373437 0.464583 0.321875 0.464583
4 0.626563 0.406250 0.676563 0.406250 0.676563 0.472917 0.626563 0.472917
4 0.484375 0.429167 0.539062 0.429167 0.539062 0.500000 0.484375 0.500000
7 0.681250 0.414583 0.754688 0.414583 0.754688 0.539583 0.681250 0.539583
4 0.606250 0.487500 0.685937 0.487500 0.685937 0.589583 0.606250 0.589583
4 0.500000 0.504167 0.564062 0.504167 0.564062 0.587500 0.500000 0.587500
1 0.762500 0.410417 1.000000 0.410417 1.000000 0.772917 0.762500 0.772917
4 0.540625 0.633333 0.675000 0.633333 0.675000 0.827083 0.540625 0.827083