7 0.332813 0.287500 0.371875 0.287500 0.371875 0.360417 0.332813 0.360417
1 0.560937 0.295833 0.620312 0.295833 0.620312 0.379167 0.560937 0.379167
7 0.287500 0.312500 0.328125 0.312500 0.328125 0.364583 0.287500 0.364583
1 0.507812 0.295833 0.564062 0.295833 0.564062 0.395833 0.507812 0.395833
0 0.456250 0.316667 0.512500 0.316667 0.512500 0.418750 0.456250 0.418750
4 0.354688 0.360417 0.398438 0.360417 0.398438 0.414583 0.354688 0.414583
7 0.267188 0.366667 0.320312 0.366667 0.320312 0.445833 0.267188 0.445833
7 0.193750 0.370833 0.250000 0.370833 0.250000 0.456250 0.193750 0.456250
4 0.470312 0.400000 0.526562 0.400000 0.526562 0.477083 0.470312 0.477083
4 0.317188 0.429167 0.376562 0.429167 0.376562 0.495833 0.317188 0.495833
4 0.573438 0.377083 0.700000 0.377083 0.700000 0.595833 0.573438 0.595833
4 0.698437 0.406250 0.853125 0.406250 0.853125 0.616667 0.698437 0.616667
4 0.570312 0.745833 0.721875 0.745833 0.721875 0.981250 0.570312 0.981250
4 0.856250 0.812500 1.000000 0.812500 1.000000 1.000000 0.856250 1.000000