10 0.496875 0.293750 0.531250 0.293750 0.531250 0.364583 0.496875 0.364583
10 0.540625 0.302083 0.576562 0.302083 0.576562 0.366667 0.540625 0.366667
8 0.306250 0.302083 0.360938 0.302083 0.360938 0.387500 0.306250 0.387500
9 0.256250 0.314583 0.312500 0.314583 0.312500 0.385417 0.256250 0.385417
8 0.193750 0.341667 0.275000 0.341667 0.275000 0.427083 0.193750 0.427083
4 0.360938 0.364583 0.392188 0.364583 0.392188 0.406250 0.360938 0.406250
4 0.531250 0.375000 0.568750 0.375000 0.568750 0.429167 0.531250 0.429167
4 0.485937 0.385417 0.526562 0.385417 0.526562 0.454167 0.485937 0.454167
4 0.325000 0.416667 0.370312 0.416667 0.370312 0.477083 0.325000 0.477083
2 0.204687 0.375000 0.309375 0.375000 0.309375 0.520833 0.204687 0.520833
10 0.103125 0.414583 0.182812 0.414583 0.182812 0.527083 0.103125 0.527083
10 0.237500 0.564583 0.337500 0.564583 0.337500 0.689583 0.237500 0.689583
4 0.721875 0.818750 0.882812 0.818750 0.882812 1.000000 0.721875 1.000000