7 0.904688 0.350000 0.906250 0.350000 0.906250 0.354167 0.904688 0.354167
1 0.587500 0.337500 0.642188 0.337500 0.642188 0.418750 0.587500 0.418750
7 0.528125 0.337500 0.584375 0.337500 0.584375 0.420833 0.528125 0.420833
4 0.462500 0.364583 0.504687 0.364583 0.504687 0.395833 0.462500 0.395833
4 0.220312 0.370833 0.268750 0.370833 0.268750 0.441667 0.220312 0.441667
4 0.551562 0.395833 0.585938 0.395833 0.585938 0.441667 0.551562 0.441667
7 0.650000 0.377083 0.712500 0.377083 0.712500 0.470833 0.650000 0.470833
4 0.329687 0.395833 0.379688 0.395833 0.379688 0.458333 0.329687 0.458333
4 0.471875 0.412500 0.529687 0.412500 0.529687 0.460417 0.471875 0.460417
4 0.571875 0.418750 0.609375 0.418750 0.609375 0.458333 0.571875 0.458333
4 0.228125 0.441667 0.295312 0.441667 0.295312 0.502083 0.228125 0.502083
4 0.471875 0.441667 0.540625 0.441667 0.540625 0.508333 0.471875 0.508333
7 0.700000 0.414583 0.810937 0.414583 0.810937 0.562500 0.700000 0.562500
4 0.310937 0.462500 0.376563 0.462500 0.376563 0.537500 0.310937 0.537500
4 0.485937 0.489583 0.570312 0.489583 0.570312 0.541667 0.485937 0.541667
7 0.626563 0.447917 0.712500 0.447917 0.712500 0.631250 0.626563 0.631250
7 0.596875 0.579167 0.600000 0.579167 0.600000 0.581250 0.596875 0.581250
7 0.481250 0.525000 0.578125 0.525000 0.578125 0.675000 0.481250 0.675000
7 0.704688 0.562500 0.759375 0.562500 0.759375 0.702083 0.704688 0.702083
4 0.523438 0.645833 0.635938 0.645833 0.635938 0.770833 0.523438 0.770833
4 0.700000 0.716667 0.701562 0.716667 0.701562 0.718750 0.700000 0.718750
7 0.726562 0.768750 0.728125 0.768750 0.728125 0.775000 0.726562 0.775000
4 0.523438 0.752083 0.684375 0.752083 0.684375 0.941667 0.523438 0.941667
4 0.565625 0.900000 0.723437 0.900000 0.723437 1.000000 0.565625 1.000000