5 0.253125 0.325000 0.326563 0.325000 0.326563 0.435417 0.253125 0.435417
4 0.365625 0.360417 0.401562 0.360417 0.401562 0.408333 0.365625 0.408333
4 0.582813 0.362500 0.623437 0.362500 0.623437 0.408333 0.582813 0.408333
7 0.203125 0.368750 0.251563 0.368750 0.251563 0.425000 0.203125 0.425000
4 0.471875 0.383333 0.509375 0.383333 0.509375 0.433333 0.471875 0.433333
9 0.148438 0.393750 0.210938 0.393750 0.210938 0.481250 0.148438 0.481250
4 0.554688 0.412500 0.598437 0.412500 0.598437 0.466667 0.554688 0.466667
8 0.628125 0.383333 0.726562 0.383333 0.726562 0.506250 0.628125 0.506250
4 0.482813 0.425000 0.531250 0.425000 0.531250 0.493750 0.482813 0.493750
9 0.053125 0.443750 0.156250 0.443750 0.156250 0.572917 0.053125 0.572917
4 0.598437 0.477083 0.660937 0.477083 0.660937 0.550000 0.598437 0.550000
4 0.284375 0.539583 0.360937 0.539583 0.360937 0.633333 0.284375 0.633333
4 0.656250 0.539583 0.746875 0.539583 0.746875 0.658333 0.656250 0.658333
9 0.000000 0.595833 0.157812 0.595833 0.157812 0.889583 0.000000 0.889583
4 0.540625 0.687500 0.656250 0.687500 0.656250 0.877083 0.540625 0.877083