7 0.264063 0.306250 0.307812 0.306250 0.307812 0.372917 0.264063 0.372917
4 0.359375 0.350000 0.398438 0.350000 0.398438 0.391667 0.359375 0.391667
1 0.268750 0.341667 0.342188 0.341667 0.342188 0.437500 0.268750 0.437500
10 0.535937 0.352083 0.581250 0.352083 0.581250 0.439583 0.535937 0.439583
4 0.467187 0.385417 0.509375 0.385417 0.509375 0.429167 0.467187 0.429167
9 0.637500 0.379167 0.706250 0.379167 0.706250 0.487500 0.637500 0.487500
4 0.484375 0.412500 0.537500 0.412500 0.537500 0.487500 0.484375 0.487500
4 0.582813 0.447917 0.634375 0.447917 0.634375 0.522917 0.582813 0.522917
8 0.704688 0.402083 0.904687 0.402083 0.904687 0.645833 0.704688 0.645833
9 0.618750 0.475000 0.715625 0.475000 0.715625 0.637500 0.618750 0.637500
4 0.504687 0.541667 0.578125 0.541667 0.578125 0.650000 0.504687 0.650000
9 0.754687 0.647917 0.965625 0.647917 0.965625 1.000000 0.754687 1.000000
4 0.571875 0.750000 0.731250 0.750000 0.731250 0.997917 0.571875 0.997917