9 0.525000 0.333333 0.567188 0.333333 0.567188 0.412500 0.525000 0.412500
4 0.468750 0.372917 0.503125 0.372917 0.503125 0.416667 0.468750 0.416667
11 0.587500 0.360417 0.671875 0.360417 0.671875 0.447917 0.587500 0.447917
4 0.495313 0.389583 0.526563 0.389583 0.526563 0.429167 0.495313 0.429167
4 0.703125 0.414583 0.759375 0.414583 0.759375 0.481250 0.703125 0.481250
3 0.476562 0.402083 0.531250 0.402083 0.531250 0.506250 0.476562 0.506250
7 0.192188 0.410417 0.281250 0.410417 0.281250 0.547917 0.192188 0.547917
4 0.762500 0.458333 0.831250 0.458333 0.831250 0.535417 0.762500 0.535417
9 0.593750 0.443750 0.689062 0.443750 0.689062 0.597917 0.593750 0.597917
4 0.076563 0.485417 0.157812 0.485417 0.157812 0.560417 0.076563 0.560417
4 0.501563 0.493750 0.573437 0.493750 0.573437 0.600000 0.501563 0.600000
9 0.714062 0.477083 0.818750 0.477083 0.818750 0.616667 0.714062 0.616667
10 0.854688 0.589583 0.995313 0.589583 0.995313 0.772917 0.854688 0.772917
4 0.690625 0.610417 0.803125 0.610417 0.803125 0.758333 0.690625 0.758333
4 0.534375 0.650000 0.656250 0.650000 0.656250 0.835417 0.534375 0.835417