4 0.331250 0.291667 0.351562 0.291667 0.351562 0.325000 0.331250 0.325000
1 0.573437 0.291667 0.646875 0.291667 0.646875 0.418750 0.573437 0.418750
7 0.520312 0.337500 0.582812 0.337500 0.582812 0.443750 0.520312 0.443750
4 0.332812 0.368750 0.390625 0.368750 0.390625 0.447917 0.332812 0.447917
1 0.592187 0.341667 0.682812 0.341667 0.682812 0.487500 0.592187 0.487500
4 0.553125 0.395833 0.596875 0.395833 0.596875 0.460417 0.553125 0.460417
4 0.470313 0.404167 0.521875 0.404167 0.521875 0.456250 0.470313 0.456250
4 0.571875 0.414583 0.620312 0.414583 0.620312 0.487500 0.571875 0.487500
4 0.478125 0.441667 0.543750 0.441667 0.543750 0.516667 0.478125 0.516667
7 0.685938 0.395833 0.796875 0.395833 0.796875 0.591667 0.685938 0.591667
7 0.582812 0.447917 0.645312 0.447917 0.645312 0.581250 0.582812 0.581250
7 0.043750 0.447917 0.165625 0.447917 0.165625 0.585417 0.043750 0.585417
4 0.500000 0.483333 0.560938 0.483333 0.560938 0.554167 0.500000 0.554167
7 0.770313 0.472917 0.912500 0.472917 0.912500 0.614583 0.770313 0.614583
7 0.621875 0.447917 0.732812 0.447917 0.732812 0.654167 0.621875 0.654167
4 0.275000 0.508333 0.364063 0.508333 0.364063 0.602083 0.275000 0.602083
4 0.525000 0.522917 0.595313 0.522917 0.595313 0.622917 0.525000 0.622917
7 0.485938 0.545833 0.582813 0.545833 0.582813 0.677083 0.485938 0.677083
7 0.707812 0.564583 0.757812 0.564583 0.757812 0.720833 0.707812 0.720833
1 0.732812 0.545833 0.959375 0.545833 0.959375 0.875000 0.732812 0.875000
4 0.512500 0.639583 0.659375 0.639583 0.659375 0.806250 0.512500 0.806250
1 0.000000 0.654167 0.112500 0.654167 0.112500 1.000000 0.000000 1.000000
4 0.532813 0.754167 0.690625 0.754167 0.690625 0.910417 0.532813 0.910417
1 0.842188 0.689583 1.000000 0.689583 1.000000 1.000000 0.842188 1.000000
4 0.121875 0.885417 0.321875 0.885417 0.321875 1.000000 0.121875 1.000000
4 0.560937 0.889583 0.729687 0.889583 0.729687 1.000000 0.560937 1.000000