7 0.321875 0.275000 0.353125 0.275000 0.353125 0.325000 0.321875 0.325000
4 0.390625 0.291667 0.412500 0.291667 0.412500 0.316667 0.390625 0.316667
1 0.551562 0.277083 0.609375 0.277083 0.609375 0.343750 0.551562 0.343750
4 0.351562 0.291667 0.385938 0.291667 0.385938 0.337500 0.351562 0.337500
4 0.457812 0.327083 0.492188 0.327083 0.492188 0.358333 0.457812 0.358333
5 0.495312 0.314583 0.548438 0.314583 0.548438 0.381250 0.495312 0.381250
4 0.370313 0.329167 0.406250 0.329167 0.406250 0.375000 0.370313 0.375000
4 0.456250 0.350000 0.490625 0.350000 0.490625 0.387500 0.456250 0.387500
4 0.462500 0.372917 0.503125 0.372917 0.503125 0.429167 0.462500 0.429167
1 0.535937 0.320833 0.640625 0.320833 0.640625 0.504167 0.535937 0.504167
4 0.618750 0.395833 0.667187 0.395833 0.667187 0.466667 0.618750 0.466667
0 0.651562 0.368750 0.782813 0.368750 0.782813 0.552083 0.651562 0.552083
4 0.479688 0.441667 0.539062 0.441667 0.539062 0.525000 0.479688 0.525000
4 0.237500 0.527083 0.339062 0.527083 0.339062 0.645833 0.237500 0.645833
4 0.504687 0.537500 0.598437 0.537500 0.598437 0.662500 0.504687 0.662500
5 0.793750 0.510417 0.995313 0.510417 0.995313 0.729167 0.793750 0.729167
4 0.556250 0.722917 0.696875 0.722917 0.696875 0.941667 0.556250 0.941667
4 0.000000 0.716667 0.110937 0.716667 0.110937 0.950000 0.000000 0.950000
4 0.881250 0.837500 1.000000 0.837500 1.000000 1.000000 0.881250 1.000000