4 0.298437 0.308333 0.325000 0.308333 0.325000 0.343750 0.298437 0.343750
4 0.379687 0.316667 0.406250 0.316667 0.406250 0.343750 0.379687 0.343750
7 0.334375 0.310417 0.364063 0.310417 0.364063 0.358333 0.334375 0.358333
1 0.585938 0.308333 0.657812 0.308333 0.657812 0.425000 0.585938 0.425000
1 0.525000 0.314583 0.593750 0.314583 0.593750 0.433333 0.525000 0.433333
0 0.468750 0.341667 0.535937 0.341667 0.535937 0.462500 0.468750 0.462500
4 0.660937 0.377083 0.706250 0.377083 0.706250 0.427083 0.660937 0.427083
4 0.345312 0.389583 0.387500 0.389583 0.387500 0.437500 0.345312 0.437500
7 0.270312 0.383333 0.320312 0.383333 0.320312 0.445833 0.270312 0.445833
1 0.115625 0.387500 0.221875 0.387500 0.221875 0.522917 0.115625 0.522917
4 0.656250 0.425000 0.714063 0.425000 0.714063 0.512500 0.656250 0.512500
4 0.750000 0.456250 0.806250 0.456250 0.806250 0.487500 0.750000 0.487500
7 0.220313 0.431250 0.281250 0.431250 0.281250 0.535417 0.220313 0.535417
4 0.317188 0.485417 0.378125 0.485417 0.378125 0.550000 0.317188 0.550000
7 0.746875 0.479167 0.839063 0.479167 0.839063 0.577083 0.746875 0.577083
7 0.073437 0.497917 0.198437 0.497917 0.198437 0.658333 0.073437 0.658333
4 0.526563 0.645833 0.625000 0.645833 0.625000 0.779167 0.526563 0.779167
1 0.746875 0.589583 1.000000 0.589583 1.000000 1.000000 0.746875 1.000000