7 0.301563 0.283333 0.354687 0.283333 0.354687 0.339583 0.301563 0.339583
7 0.331250 0.297917 0.379688 0.297917 0.379688 0.360417 0.331250 0.360417
7 0.304688 0.322917 0.345313 0.322917 0.345313 0.395833 0.304688 0.395833
4 0.365625 0.350000 0.406250 0.350000 0.406250 0.402083 0.365625 0.402083
1 0.206250 0.329167 0.307812 0.329167 0.307812 0.531250 0.206250 0.531250
4 0.476562 0.437500 0.540625 0.437500 0.540625 0.497917 0.476562 0.497917
4 0.326562 0.427083 0.381250 0.427083 0.381250 0.510417 0.326562 0.510417
4 0.490625 0.472917 0.573437 0.472917 0.573437 0.543750 0.490625 0.543750
4 0.745312 0.495833 0.803125 0.495833 0.803125 0.587500 0.745312 0.587500
1 0.601562 0.408333 0.768750 0.408333 0.768750 0.702083 0.601562 0.702083
4 0.506250 0.510417 0.581250 0.510417 0.581250 0.612500 0.506250 0.612500
4 0.518750 0.581250 0.609375 0.581250 0.609375 0.737500 0.518750 0.737500
1 0.740625 0.604167 1.000000 0.604167 1.000000 1.000000 0.740625 1.000000
4 0.556250 0.835417 0.745312 0.835417 0.745312 1.000000 0.556250 1.000000