5 0.242187 0.322917 0.293750 0.322917 0.293750 0.391667 0.242187 0.391667
4 0.360937 0.343750 0.401562 0.343750 0.401562 0.385417 0.360937 0.385417
4 0.303125 0.356250 0.360938 0.356250 0.360938 0.418750 0.303125 0.418750
4 0.545313 0.389583 0.601562 0.389583 0.601562 0.445833 0.545313 0.445833
1 0.625000 0.356250 0.728125 0.356250 0.728125 0.481250 0.625000 0.481250
4 0.573438 0.414583 0.628125 0.414583 0.628125 0.487500 0.573438 0.487500
4 0.481250 0.454167 0.546875 0.454167 0.546875 0.537500 0.481250 0.537500
5 0.165625 0.420833 0.303125 0.420833 0.303125 0.577083 0.165625 0.577083
4 0.585938 0.460417 0.643750 0.460417 0.643750 0.537500 0.585938 0.537500
4 0.684375 0.447917 0.751563 0.447917 0.751563 0.552083 0.684375 0.552083
4 0.290625 0.450000 0.381250 0.450000 0.381250 0.558333 0.290625 0.558333
4 0.495312 0.495833 0.568750 0.495833 0.568750 0.591667 0.495312 0.591667
4 0.745313 0.510417 0.804688 0.510417 0.804688 0.593750 0.745313 0.593750
5 0.614062 0.470833 0.706250 0.470833 0.706250 0.645833 0.614062 0.645833
4 0.546875 0.547917 0.639063 0.547917 0.639063 0.693750 0.546875 0.693750
4 0.248437 0.550000 0.357812 0.550000 0.357812 0.693750 0.248437 0.693750
1 0.801562 0.418750 1.000000 0.418750 1.000000 0.854167 0.801562 0.854167
7 0.485937 0.568750 0.601562 0.568750 0.601562 0.783333 0.485937 0.783333
5 0.685937 0.512500 0.878125 0.512500 0.878125 0.845833 0.685937 0.845833