7 0.375000 0.318750 0.407813 0.318750 0.407813 0.362500 0.375000 0.362500
7 0.295312 0.316667 0.342187 0.316667 0.342187 0.379167 0.295312 0.379167
4 0.359375 0.358333 0.403125 0.358333 0.403125 0.412500 0.359375 0.412500
1 0.196875 0.337500 0.296875 0.337500 0.296875 0.439583 0.196875 0.439583
4 0.292188 0.368750 0.335938 0.368750 0.335938 0.418750 0.292188 0.418750
4 0.560937 0.402083 0.614063 0.402083 0.614063 0.475000 0.560937 0.475000
4 0.650000 0.408333 0.718750 0.408333 0.718750 0.495833 0.650000 0.495833
4 0.476562 0.443750 0.550000 0.443750 0.550000 0.535417 0.476562 0.535417
1 0.706250 0.427083 0.834375 0.427083 0.834375 0.564583 0.706250 0.564583
1 0.134375 0.412500 0.310937 0.412500 0.310937 0.585417 0.134375 0.585417
4 0.815625 0.454167 0.867188 0.454167 0.867188 0.554167 0.815625 0.554167
4 0.309375 0.454167 0.381250 0.454167 0.381250 0.560417 0.309375 0.560417
7 0.587500 0.443750 0.650000 0.443750 0.650000 0.575000 0.587500 0.575000
7 0.614063 0.454167 0.725000 0.454167 0.725000 0.658333 0.614063 0.658333
4 0.485938 0.516667 0.567188 0.516667 0.567188 0.631250 0.485938 0.631250
1 0.879687 0.489583 1.000000 0.489583 1.000000 0.672917 0.879687 0.672917
4 0.517188 0.566667 0.600000 0.566667 0.600000 0.672917 0.517188 0.672917
1 0.712500 0.554167 0.795312 0.554167 0.795312 0.691667 0.712500 0.691667
4 0.515625 0.629167 0.606250 0.629167 0.606250 0.795833 0.515625 0.795833
1 0.745313 0.541667 1.000000 0.541667 1.000000 1.000000 0.745313 1.000000
4 0.643750 0.750000 0.809375 0.750000 0.809375 0.991667 0.643750 0.991667
4 0.557813 0.925000 0.687500 0.925000 0.687500 1.000000 0.557813 1.000000