2 0.509375 0.318750 0.571875 0.318750 0.571875 0.406250 0.509375 0.406250
4 0.459375 0.347917 0.487500 0.347917 0.487500 0.379167 0.459375 0.379167
8 0.614063 0.333333 0.709375 0.333333 0.709375 0.443750 0.614063 0.443750
4 0.462500 0.370833 0.500000 0.370833 0.500000 0.414583 0.462500 0.414583
4 0.465625 0.404167 0.515625 0.404167 0.515625 0.466667 0.465625 0.466667
2 0.543750 0.356250 0.626563 0.356250 0.626563 0.514583 0.543750 0.514583
4 0.487500 0.433333 0.531250 0.433333 0.531250 0.470833 0.487500 0.470833
4 0.239062 0.422917 0.289062 0.422917 0.289062 0.491667 0.239062 0.491667
4 0.698438 0.458333 0.734375 0.458333 0.734375 0.522917 0.698438 0.522917
4 0.300000 0.460417 0.360937 0.460417 0.360937 0.533333 0.300000 0.533333
8 0.593750 0.385417 0.717188 0.385417 0.717188 0.614583 0.593750 0.614583
4 0.482813 0.462500 0.546875 0.462500 0.546875 0.550000 0.482813 0.550000
4 0.728125 0.489583 0.793750 0.489583 0.793750 0.562500 0.728125 0.562500
4 0.503125 0.512500 0.600000 0.512500 0.600000 0.633333 0.503125 0.633333
4 0.762500 0.529167 0.832812 0.529167 0.832812 0.627083 0.762500 0.627083
4 0.812500 0.568750 0.923437 0.568750 0.923437 0.706250 0.812500 0.706250
4 0.676562 0.593750 0.781250 0.593750 0.781250 0.743750 0.676562 0.743750
4 0.514062 0.610417 0.620312 0.610417 0.620312 0.760417 0.514062 0.760417
4 0.914062 0.695833 1.000000 0.695833 1.000000 0.835417 0.914062 0.835417
4 0.168750 0.729167 0.301563 0.729167 0.301563 0.918750 0.168750 0.918750
4 0.565625 0.806250 0.710938 0.806250 0.710938 1.000000 0.565625 1.000000