5 0.179688 0.333333 0.265625 0.333333 0.265625 0.418750 0.179688 0.418750
4 0.301563 0.362500 0.334375 0.362500 0.334375 0.410417 0.301563 0.410417
4 0.542187 0.372917 0.579688 0.372917 0.579688 0.422917 0.542187 0.422917
4 0.476562 0.395833 0.518750 0.395833 0.518750 0.456250 0.476562 0.456250
9 0.639063 0.404167 0.703125 0.404167 0.703125 0.502083 0.639063 0.502083
4 0.334375 0.433333 0.384375 0.433333 0.384375 0.491667 0.334375 0.491667
4 0.557812 0.433333 0.607812 0.433333 0.607812 0.493750 0.557812 0.493750
5 0.132812 0.381250 0.273438 0.381250 0.273438 0.579167 0.132812 0.579167
4 0.496875 0.450000 0.551562 0.450000 0.551562 0.531250 0.496875 0.531250
9 0.592187 0.452083 0.678125 0.452083 0.678125 0.579167 0.592187 0.579167
1 0.000000 0.420833 0.137500 0.420833 0.137500 0.620833 0.000000 0.620833
4 0.512500 0.583333 0.609375 0.583333 0.609375 0.733333 0.512500 0.733333
4 0.820312 0.791667 1.000000 0.791667 1.000000 1.000000 0.820312 1.000000