4 0.531250 0.366667 0.573438 0.366667 0.573438 0.408333 0.531250 0.408333
4 0.465625 0.391667 0.514062 0.391667 0.514062 0.429167 0.465625 0.429167
4 0.550000 0.385417 0.593750 0.385417 0.593750 0.447917 0.550000 0.447917
7 0.610937 0.383333 0.664062 0.383333 0.664062 0.450000 0.610937 0.450000
4 0.331250 0.400000 0.390625 0.400000 0.390625 0.475000 0.331250 0.475000
1 0.665625 0.383333 0.756250 0.383333 0.756250 0.508333 0.665625 0.508333
4 0.478125 0.429167 0.529687 0.429167 0.529687 0.506250 0.478125 0.506250
4 0.559375 0.425000 0.601562 0.425000 0.601562 0.510417 0.559375 0.510417
4 0.750000 0.456250 0.781250 0.456250 0.781250 0.529167 0.750000 0.529167
7 0.590625 0.429167 0.640625 0.429167 0.640625 0.591667 0.590625 0.591667
4 0.481250 0.483333 0.532813 0.483333 0.532813 0.572917 0.481250 0.572917
7 0.164062 0.460417 0.264062 0.460417 0.264062 0.606250 0.164062 0.606250
1 0.000000 0.447917 0.125000 0.447917 0.125000 0.645833 0.000000 0.645833
1 0.806250 0.447917 1.000000 0.447917 1.000000 0.670833 0.806250 0.670833
7 0.623437 0.472917 0.735938 0.472917 0.735938 0.652083 0.623437 0.652083
7 0.290625 0.502083 0.356250 0.502083 0.356250 0.643750 0.290625 0.643750
4 0.493750 0.535417 0.578125 0.535417 0.578125 0.643750 0.493750 0.643750
7 0.704688 0.550000 0.759375 0.550000 0.759375 0.687500 0.704688 0.687500
4 0.507812 0.606250 0.606250 0.606250 0.606250 0.770833 0.507812 0.770833
1 0.767187 0.545833 0.960938 0.545833 0.960938 0.910417 0.767187 0.910417
4 0.000000 0.677083 0.121875 0.677083 0.121875 0.850000 0.000000 0.850000
4 0.639062 0.716667 0.817188 0.716667 0.817188 0.960417 0.639062 0.960417
4 0.525000 0.841667 0.651562 0.841667 0.651562 1.000000 0.525000 1.000000