1 0.340625 0.258333 0.385937 0.258333 0.385937 0.325000 0.340625 0.325000
7 0.304688 0.310417 0.359375 0.310417 0.359375 0.387500 0.304688 0.387500
7 0.356250 0.316667 0.410938 0.316667 0.410938 0.402083 0.356250 0.402083
1 0.634375 0.343750 0.740625 0.343750 0.740625 0.454167 0.634375 0.454167
4 0.501563 0.364583 0.553125 0.364583 0.553125 0.437500 0.501563 0.437500
7 0.556250 0.360417 0.625000 0.360417 0.625000 0.464583 0.556250 0.464583
4 0.737500 0.416667 0.812500 0.416667 0.812500 0.510417 0.737500 0.510417
4 0.304688 0.433333 0.368750 0.433333 0.368750 0.516667 0.304688 0.516667
4 0.606250 0.437500 0.654687 0.437500 0.654687 0.545833 0.606250 0.545833
4 0.478125 0.466667 0.550000 0.466667 0.550000 0.560417 0.478125 0.560417
7 0.632812 0.420833 0.759375 0.420833 0.759375 0.616667 0.632812 0.616667
4 0.846875 0.514583 0.954688 0.514583 0.954688 0.614583 0.846875 0.614583
4 0.501563 0.537500 0.595313 0.537500 0.595313 0.645833 0.501563 0.645833
4 0.218750 0.558333 0.343750 0.558333 0.343750 0.718750 0.218750 0.718750
4 0.523438 0.614583 0.634375 0.614583 0.634375 0.785417 0.523438 0.785417
1 0.664062 0.481250 0.964063 0.481250 0.964063 0.929167 0.664062 0.929167
1 0.003125 0.691667 0.057813 0.691667 0.057813 1.000000 0.003125 1.000000
4 0.543750 0.816667 0.712500 0.816667 0.712500 1.000000 0.543750 1.000000