4 0.378125 0.308333 0.404688 0.308333 0.404688 0.341667 0.378125 0.341667
1 0.512500 0.297917 0.573438 0.297917 0.573438 0.418750 0.512500 0.418750
7 0.304688 0.341667 0.343750 0.341667 0.343750 0.402083 0.304688 0.402083
4 0.579688 0.358333 0.615625 0.358333 0.615625 0.404167 0.579688 0.404167
4 0.351562 0.368750 0.393750 0.368750 0.393750 0.410417 0.351562 0.410417
4 0.464063 0.368750 0.500000 0.368750 0.500000 0.410417 0.464063 0.410417
0 0.621875 0.341667 0.684375 0.341667 0.684375 0.443750 0.621875 0.443750
4 0.475000 0.406250 0.518750 0.406250 0.518750 0.466667 0.475000 0.466667
5 0.667188 0.408333 0.762500 0.408333 0.762500 0.514583 0.667188 0.514583
4 0.590625 0.435417 0.640625 0.435417 0.640625 0.489583 0.590625 0.489583
7 0.114062 0.414583 0.198437 0.414583 0.198437 0.535417 0.114062 0.535417
4 0.482813 0.452083 0.543750 0.452083 0.543750 0.527083 0.482813 0.527083
9 0.698438 0.466667 0.832812 0.466667 0.832812 0.652083 0.698438 0.652083
4 0.506250 0.570833 0.596875 0.570833 0.596875 0.695833 0.506250 0.695833
1 0.731250 0.583333 1.000000 0.583333 1.000000 1.000000 0.731250 1.000000
4 0.579687 0.800000 0.742188 0.800000 0.742188 1.000000 0.579687 1.000000