1 0.320312 0.297917 0.370313 0.297917 0.370313 0.372917 0.320312 0.372917
7 0.287500 0.308333 0.321875 0.308333 0.321875 0.366667 0.287500 0.366667
4 0.381250 0.322917 0.406250 0.322917 0.406250 0.352083 0.381250 0.352083
4 0.362500 0.339583 0.393750 0.339583 0.393750 0.377083 0.362500 0.377083
1 0.598437 0.316667 0.676562 0.316667 0.676562 0.439583 0.598437 0.439583
7 0.529687 0.343750 0.576562 0.343750 0.576562 0.431250 0.529687 0.431250
6 0.334375 0.358333 0.381250 0.358333 0.381250 0.420833 0.334375 0.420833
4 0.554688 0.397917 0.587500 0.397917 0.587500 0.450000 0.554688 0.450000
4 0.573438 0.414583 0.617188 0.414583 0.617188 0.481250 0.573438 0.481250
7 0.651562 0.387500 0.728125 0.387500 0.728125 0.512500 0.651562 0.512500
4 0.325000 0.416667 0.378125 0.416667 0.378125 0.493750 0.325000 0.493750
4 0.482812 0.431250 0.521875 0.431250 0.521875 0.493750 0.482812 0.493750
4 0.487500 0.454167 0.546875 0.454167 0.546875 0.535417 0.487500 0.535417
7 0.589063 0.441667 0.656250 0.441667 0.656250 0.577083 0.589063 0.577083
4 0.498438 0.491667 0.562500 0.491667 0.562500 0.577083 0.498438 0.577083
7 0.756250 0.452083 0.879688 0.452083 0.879688 0.622917 0.756250 0.622917
7 0.614062 0.447917 0.721875 0.447917 0.721875 0.650000 0.614062 0.650000
1 0.000000 0.433333 0.132812 0.433333 0.132812 0.677083 0.000000 0.677083
4 0.523438 0.525000 0.593750 0.525000 0.593750 0.629167 0.523438 0.629167
7 0.495312 0.543750 0.576562 0.543750 0.576562 0.702083 0.495312 0.702083
7 0.715625 0.570833 0.814063 0.570833 0.814063 0.731250 0.715625 0.731250
1 0.748437 0.539583 0.978125 0.539583 0.978125 0.929167 0.748437 0.929167
4 0.523438 0.654167 0.623438 0.654167 0.623438 0.829167 0.523438 0.829167
4 0.545312 0.758333 0.681250 0.758333 0.681250 0.964583 0.545312 0.964583
4 0.128125 0.762500 0.275000 0.762500 0.275000 0.964583 0.128125 0.964583
4 0.567187 0.902083 0.718750 0.902083 0.718750 1.000000 0.567187 1.000000