7 0.310937 0.289583 0.343750 0.289583 0.343750 0.335417 0.310937 0.335417
4 0.381250 0.314583 0.407813 0.314583 0.407813 0.350000 0.381250 0.350000
7 0.267188 0.320833 0.306250 0.320833 0.306250 0.377083 0.267188 0.377083
1 0.573437 0.293750 0.642188 0.293750 0.642188 0.404167 0.573437 0.404167
7 0.314062 0.327083 0.354687 0.327083 0.354687 0.383333 0.314062 0.383333
1 0.517188 0.310417 0.581250 0.310417 0.581250 0.418750 0.517188 0.418750
4 0.364063 0.343750 0.396875 0.343750 0.396875 0.387500 0.364063 0.387500
0 0.457813 0.329167 0.520312 0.329167 0.520312 0.437500 0.457813 0.437500
4 0.678125 0.397917 0.717187 0.397917 0.717187 0.443750 0.678125 0.443750
4 0.632812 0.404167 0.681250 0.404167 0.681250 0.468750 0.632812 0.468750
4 0.312500 0.464583 0.375000 0.464583 0.375000 0.533333 0.312500 0.533333
7 0.176563 0.456250 0.276562 0.456250 0.276562 0.577083 0.176563 0.577083
1 0.000000 0.458333 0.156250 0.458333 0.156250 0.629167 0.000000 0.629167
4 0.500000 0.512500 0.573438 0.512500 0.573438 0.612500 0.500000 0.612500
1 0.800000 0.479167 1.000000 0.479167 1.000000 0.785417 0.800000 0.785417
1 0.625000 0.462500 0.862500 0.462500 0.862500 0.825000 0.625000 0.825000
7 0.012500 0.597917 0.181250 0.597917 0.181250 0.825000 0.012500 0.825000
4 0.192188 0.779167 0.323437 0.779167 0.323437 0.931250 0.192188 0.931250