4 0.382812 0.302083 0.406250 0.302083 0.406250 0.337500 0.382812 0.337500
10 0.501563 0.291667 0.535938 0.291667 0.535938 0.356250 0.501563 0.356250
4 0.451562 0.310417 0.478125 0.310417 0.478125 0.345833 0.451562 0.345833
4 0.354687 0.333333 0.389063 0.333333 0.389063 0.377083 0.354687 0.377083
4 0.470313 0.366667 0.509375 0.366667 0.509375 0.422917 0.470313 0.422917
7 0.196875 0.362500 0.253125 0.362500 0.253125 0.441667 0.196875 0.441667
8 0.237500 0.352083 0.320312 0.352083 0.320312 0.458333 0.237500 0.458333
4 0.556250 0.414583 0.620312 0.414583 0.620312 0.489583 0.556250 0.489583
4 0.515625 0.510417 0.600000 0.510417 0.600000 0.629167 0.515625 0.629167
4 0.246875 0.568750 0.329687 0.568750 0.329687 0.666667 0.246875 0.666667
4 0.737500 0.685417 0.896875 0.685417 0.896875 0.897917 0.737500 0.897917