4 0.370312 0.347917 0.401562 0.347917 0.401562 0.387500 0.370312 0.387500
5 0.262500 0.320833 0.332813 0.320833 0.332813 0.422917 0.262500 0.422917
7 0.220312 0.356250 0.264062 0.356250 0.264062 0.406250 0.220312 0.406250
4 0.590625 0.370833 0.634375 0.370833 0.634375 0.420833 0.590625 0.420833
9 0.176563 0.377083 0.229687 0.377083 0.229687 0.466667 0.176563 0.466667
4 0.473438 0.395833 0.514062 0.395833 0.514062 0.447917 0.473438 0.447917
4 0.557813 0.418750 0.604688 0.418750 0.604688 0.477083 0.557813 0.477083
8 0.637500 0.385417 0.754687 0.385417 0.754687 0.514583 0.637500 0.514583
9 0.096875 0.420833 0.189063 0.420833 0.189063 0.535417 0.096875 0.535417
4 0.485937 0.445833 0.539062 0.445833 0.539062 0.514583 0.485937 0.514583
4 0.317187 0.477083 0.375000 0.477083 0.375000 0.552083 0.317187 0.552083
4 0.615625 0.500000 0.685937 0.500000 0.685937 0.581250 0.615625 0.581250
4 0.682813 0.575000 0.785937 0.575000 0.785937 0.704167 0.682813 0.704167
9 0.029688 0.527083 0.185938 0.527083 0.185938 0.758333 0.029688 0.758333
4 0.153125 0.795833 0.300000 0.795833 0.300000 0.975000 0.153125 0.975000
4 0.564063 0.779167 0.709375 0.779167 0.709375 1.000000 0.564063 1.000000