7 0.293750 0.337500 0.334375 0.337500 0.334375 0.406250 0.293750 0.406250
4 0.353125 0.381250 0.387500 0.381250 0.387500 0.429167 0.353125 0.429167
7 0.632812 0.368750 0.709375 0.368750 0.709375 0.466667 0.632812 0.466667
4 0.554688 0.395833 0.595312 0.395833 0.595312 0.450000 0.554688 0.450000
4 0.478125 0.404167 0.518750 0.404167 0.518750 0.450000 0.478125 0.450000
4 0.487500 0.429167 0.521875 0.429167 0.521875 0.458333 0.487500 0.458333
4 0.567187 0.410417 0.606250 0.410417 0.606250 0.477083 0.567187 0.477083
7 0.476562 0.452083 0.543750 0.452083 0.543750 0.554167 0.476562 0.554167
7 0.590625 0.441667 0.635938 0.441667 0.635938 0.587500 0.590625 0.587500
7 0.710938 0.468750 0.795313 0.468750 0.795313 0.564583 0.710938 0.564583
7 0.614063 0.462500 0.728125 0.462500 0.728125 0.654167 0.614063 0.654167
4 0.476562 0.525000 0.557813 0.525000 0.557813 0.650000 0.476562 0.650000
7 0.695312 0.562500 0.771875 0.562500 0.771875 0.714583 0.695312 0.714583
4 0.503125 0.577083 0.604688 0.577083 0.604688 0.739583 0.503125 0.739583
4 0.517187 0.779167 0.703125 0.779167 0.703125 1.000000 0.517187 1.000000