7 0.531250 0.350000 0.578125 0.350000 0.578125 0.422917 0.531250 0.422917
4 0.476562 0.381250 0.512500 0.381250 0.512500 0.414583 0.476562 0.414583
4 0.348438 0.379167 0.385937 0.379167 0.385937 0.422917 0.348438 0.422917
4 0.593750 0.379167 0.654688 0.379167 0.654688 0.429167 0.593750 0.429167
4 0.473438 0.395833 0.506250 0.395833 0.506250 0.437500 0.473438 0.437500
4 0.553125 0.397917 0.592187 0.397917 0.592187 0.445833 0.553125 0.445833
4 0.268750 0.400000 0.317188 0.400000 0.317188 0.456250 0.268750 0.456250
4 0.479687 0.412500 0.517188 0.412500 0.517188 0.445833 0.479687 0.445833
4 0.481250 0.431250 0.526563 0.431250 0.526563 0.502083 0.481250 0.502083
5 0.673437 0.400000 0.804688 0.400000 0.804688 0.552083 0.673437 0.552083
4 0.315625 0.441667 0.365625 0.441667 0.365625 0.514583 0.315625 0.514583
5 0.021875 0.414583 0.156250 0.414583 0.156250 0.583333 0.021875 0.583333
4 0.218750 0.468750 0.275000 0.468750 0.275000 0.537500 0.218750 0.537500
4 0.600000 0.487500 0.675000 0.487500 0.675000 0.575000 0.600000 0.575000
4 0.492188 0.495833 0.550000 0.495833 0.550000 0.581250 0.492188 0.581250
4 0.820312 0.508333 0.900000 0.508333 0.900000 0.589583 0.820312 0.589583
7 0.767188 0.552083 0.865625 0.552083 0.865625 0.660417 0.767188 0.660417
4 0.520313 0.570833 0.600000 0.570833 0.600000 0.675000 0.520313 0.675000
4 0.079688 0.618750 0.175000 0.618750 0.175000 0.731250 0.079688 0.731250
4 0.860937 0.654167 0.984375 0.654167 0.984375 0.789583 0.860937 0.789583
4 0.720312 0.660417 0.843750 0.660417 0.843750 0.831250 0.720312 0.831250
4 0.587500 0.733333 0.720313 0.733333 0.720313 0.933333 0.587500 0.933333