0 0.442188 0.304167 0.485937 0.304167 0.485937 0.368750 0.442188 0.368750
0 0.500000 0.295833 0.551562 0.295833 0.551562 0.377083 0.500000 0.377083
4 0.456250 0.343750 0.482813 0.343750 0.482813 0.375000 0.456250 0.375000
4 0.309375 0.347917 0.342188 0.347917 0.342188 0.393750 0.309375 0.393750
7 0.596875 0.343750 0.659375 0.343750 0.659375 0.443750 0.596875 0.443750
4 0.467187 0.372917 0.501563 0.372917 0.501563 0.418750 0.467187 0.418750
4 0.345313 0.368750 0.389062 0.368750 0.389062 0.427083 0.345313 0.427083
0 0.531250 0.335417 0.606250 0.335417 0.606250 0.462500 0.531250 0.462500
4 0.670312 0.393750 0.717187 0.393750 0.717187 0.445833 0.670312 0.445833
7 0.242188 0.393750 0.300000 0.393750 0.300000 0.472917 0.242188 0.472917
4 0.639062 0.418750 0.684375 0.418750 0.684375 0.479167 0.639062 0.479167
4 0.478125 0.414583 0.528125 0.414583 0.528125 0.493750 0.478125 0.493750
7 0.137500 0.414583 0.214062 0.414583 0.214062 0.520833 0.137500 0.520833
4 0.495313 0.456250 0.550000 0.456250 0.550000 0.543750 0.495313 0.543750
8 0.714063 0.393750 0.906250 0.393750 0.906250 0.639583 0.714063 0.639583
4 0.620312 0.514583 0.696875 0.514583 0.696875 0.622917 0.620312 0.622917
4 0.257812 0.558333 0.350000 0.558333 0.350000 0.687500 0.257812 0.687500
4 0.509375 0.558333 0.592187 0.558333 0.592187 0.697917 0.509375 0.697917
4 0.562500 0.729167 0.693750 0.729167 0.693750 0.908333 0.562500 0.908333
4 0.753125 0.754167 0.928125 0.754167 0.928125 0.981250 0.753125 0.981250