4 0.320312 0.291667 0.342187 0.291667 0.342187 0.322917 0.320312 0.322917
4 0.390625 0.293750 0.412500 0.293750 0.412500 0.322917 0.390625 0.322917
4 0.348438 0.300000 0.371875 0.300000 0.371875 0.335417 0.348438 0.335417
4 0.500000 0.318750 0.518750 0.318750 0.518750 0.343750 0.500000 0.343750
4 0.457813 0.320833 0.479687 0.320833 0.479687 0.347917 0.457813 0.347917
7 0.525000 0.322917 0.542187 0.322917 0.542187 0.370833 0.525000 0.370833
7 0.242188 0.354167 0.260938 0.354167 0.260938 0.356250 0.242188 0.356250
4 0.367188 0.345833 0.395312 0.345833 0.395312 0.381250 0.367188 0.381250
4 0.309375 0.341667 0.342188 0.341667 0.342188 0.389583 0.309375 0.389583
1 0.612500 0.331250 0.675000 0.331250 0.675000 0.466667 0.612500 0.466667
1 0.534375 0.333333 0.609375 0.333333 0.609375 0.466667 0.534375 0.466667
7 0.279688 0.368750 0.332813 0.368750 0.332813 0.443750 0.279688 0.443750
7 0.253125 0.404167 0.262500 0.404167 0.262500 0.410417 0.253125 0.410417
1 0.195312 0.356250 0.264062 0.356250 0.264062 0.462500 0.195312 0.462500
4 0.351562 0.391667 0.389062 0.391667 0.389062 0.445833 0.351562 0.445833
4 0.678125 0.393750 0.704688 0.393750 0.704688 0.445833 0.678125 0.445833
1 0.703125 0.427083 0.712500 0.427083 0.712500 0.435417 0.703125 0.435417
1 0.695312 0.435417 0.709375 0.435417 0.709375 0.439583 0.695312 0.439583
0 0.464062 0.364583 0.560937 0.364583 0.560937 0.527083 0.464062 0.527083
7 0.228125 0.404167 0.298438 0.404167 0.298438 0.502083 0.228125 0.502083
4 0.751562 0.452083 0.796875 0.452083 0.796875 0.514583 0.751562 0.514583
4 0.684375 0.464583 0.773438 0.464583 0.773438 0.583333 0.684375 0.583333
7 0.140625 0.475000 0.240625 0.475000 0.240625 0.645833 0.140625 0.645833
4 0.278125 0.520833 0.357813 0.520833 0.357813 0.618750 0.278125 0.618750
4 0.056250 0.566667 0.062500 0.566667 0.062500 0.583333 0.056250 0.583333
4 0.000000 0.577083 0.090625 0.577083 0.090625 0.672917 0.000000 0.672917
4 0.968750 0.589583 1.000000 0.589583 1.000000 0.718750 0.968750 0.718750
4 0.835938 0.554167 0.976562 0.554167 0.976562 0.764583 0.835938 0.764583
7 0.875000 0.708333 0.878125 0.708333 0.878125 0.722917 0.875000 0.722917