0 0.351562 0.272917 0.384375 0.272917 0.384375 0.325000 0.351562 0.325000
1 0.284375 0.339583 0.337500 0.339583 0.337500 0.422917 0.284375 0.422917
1 0.156250 0.362500 0.248437 0.362500 0.248437 0.470833 0.156250 0.470833
4 0.265625 0.404167 0.310937 0.404167 0.310937 0.464583 0.265625 0.464583
1 0.631250 0.408333 0.698437 0.408333 0.698437 0.470833 0.631250 0.470833
4 0.334375 0.416667 0.385937 0.416667 0.385937 0.479167 0.334375 0.479167
1 0.701562 0.412500 0.807812 0.412500 0.807812 0.566667 0.701562 0.566667
4 0.489063 0.464583 0.553125 0.464583 0.553125 0.529167 0.489063 0.529167
1 0.587500 0.443750 0.673438 0.443750 0.673438 0.556250 0.587500 0.556250
4 0.804688 0.481250 0.851562 0.481250 0.851562 0.543750 0.804688 0.543750
1 0.621875 0.443750 0.712500 0.443750 0.712500 0.643750 0.621875 0.643750
4 0.482812 0.502083 0.564063 0.502083 0.564063 0.622917 0.482812 0.622917
1 0.842188 0.483333 1.000000 0.483333 1.000000 0.660417 0.842188 0.660417
4 0.514062 0.564583 0.604687 0.564583 0.604687 0.666667 0.514062 0.666667
7 0.709375 0.556250 0.776562 0.556250 0.776562 0.700000 0.709375 0.700000
4 0.514062 0.629167 0.607812 0.629167 0.607812 0.775000 0.514062 0.775000
1 0.000000 0.520833 0.209375 0.520833 0.209375 0.906250 0.000000 0.906250
1 0.750000 0.543750 1.000000 0.543750 1.000000 1.000000 0.750000 1.000000
4 0.176563 0.702083 0.326563 0.702083 0.326563 0.891667 0.176563 0.891667
4 0.651563 0.741667 0.793750 0.741667 0.793750 1.000000 0.651563 1.000000
4 0.531250 0.856250 0.659375 0.856250 0.659375 1.000000 0.531250 1.000000