2 0.573438 0.322917 0.635938 0.322917 0.635938 0.416667 0.573438 0.416667
9 0.528125 0.335417 0.578125 0.335417 0.578125 0.431250 0.528125 0.431250
4 0.468750 0.375000 0.506250 0.375000 0.506250 0.420833 0.468750 0.420833
2 0.617188 0.350000 0.715625 0.350000 0.715625 0.493750 0.617188 0.493750
4 0.476562 0.406250 0.520312 0.406250 0.520312 0.466667 0.476562 0.466667
4 0.559375 0.414583 0.609375 0.414583 0.609375 0.477083 0.559375 0.477083
4 0.717187 0.425000 0.778125 0.425000 0.778125 0.491667 0.717187 0.491667
4 0.578125 0.450000 0.642187 0.450000 0.642187 0.527083 0.578125 0.527083
4 0.492188 0.454167 0.542188 0.454167 0.542188 0.527083 0.492188 0.527083
10 0.635937 0.460417 0.725000 0.460417 0.725000 0.629167 0.635937 0.629167
4 0.526562 0.510417 0.600000 0.510417 0.600000 0.618750 0.526562 0.618750
4 0.228125 0.583333 0.321875 0.583333 0.321875 0.702083 0.228125 0.702083
4 0.681250 0.622917 0.803125 0.622917 0.803125 0.775000 0.681250 0.775000