1 0.254688 0.327083 0.334375 0.327083 0.334375 0.450000 0.254688 0.450000
10 0.618750 0.370833 0.670312 0.370833 0.670312 0.454167 0.618750 0.454167
4 0.548437 0.391667 0.593750 0.391667 0.593750 0.447917 0.548437 0.447917
9 0.090625 0.362500 0.209375 0.362500 0.209375 0.516667 0.090625 0.516667
4 0.706250 0.422917 0.768750 0.422917 0.768750 0.489583 0.706250 0.489583
4 0.475000 0.429167 0.528125 0.429167 0.528125 0.506250 0.475000 0.506250
4 0.653125 0.433333 0.720313 0.433333 0.720313 0.525000 0.653125 0.525000
4 0.565625 0.441667 0.628125 0.441667 0.628125 0.518750 0.565625 0.518750
9 0.745313 0.462500 0.878125 0.462500 0.878125 0.670833 0.745313 0.670833
4 0.515625 0.535417 0.604688 0.535417 0.604688 0.656250 0.515625 0.656250
9 0.676563 0.533333 0.818750 0.533333 0.818750 0.797917 0.676563 0.797917