8 0.526563 0.287500 0.573438 0.287500 0.573438 0.364583 0.526563 0.364583
0 0.298437 0.314583 0.348438 0.314583 0.348438 0.395833 0.298437 0.395833
4 0.459375 0.341667 0.490625 0.341667 0.490625 0.385417 0.459375 0.385417
4 0.345313 0.372917 0.392188 0.372917 0.392188 0.422917 0.345313 0.422917
8 0.178125 0.354167 0.251563 0.354167 0.251563 0.456250 0.178125 0.456250
10 0.565625 0.368750 0.620313 0.368750 0.620313 0.468750 0.565625 0.468750
4 0.504687 0.481250 0.570312 0.481250 0.570312 0.585417 0.504687 0.585417
8 0.000000 0.472917 0.084375 0.472917 0.084375 0.708333 0.000000 0.708333
10 0.075000 0.547917 0.204687 0.547917 0.204687 0.716667 0.075000 0.716667
4 0.154687 0.731250 0.293750 0.731250 0.293750 0.912500 0.154687 0.912500
4 0.587500 0.735417 0.729687 0.735417 0.729687 0.941667 0.587500 0.941667