2 0.515625 0.320833 0.578125 0.320833 0.578125 0.410417 0.515625 0.410417
4 0.464062 0.372917 0.496875 0.372917 0.496875 0.416667 0.464062 0.416667
4 0.471875 0.391667 0.504687 0.391667 0.504687 0.422917 0.471875 0.422917
4 0.532813 0.391667 0.573437 0.391667 0.573437 0.435417 0.532813 0.435417
4 0.471875 0.406250 0.523438 0.406250 0.523438 0.462500 0.471875 0.462500
4 0.548438 0.427083 0.598438 0.427083 0.598438 0.485417 0.548438 0.485417
4 0.310937 0.443750 0.359375 0.443750 0.359375 0.502083 0.310937 0.502083
4 0.484375 0.441667 0.535937 0.441667 0.535937 0.525000 0.484375 0.525000
4 0.725000 0.491667 0.784375 0.491667 0.784375 0.589583 0.725000 0.589583
2 0.592187 0.414583 0.756250 0.414583 0.756250 0.685417 0.592187 0.685417
4 0.504687 0.539583 0.593750 0.539583 0.593750 0.650000 0.504687 0.650000
4 0.531250 0.697917 0.646875 0.697917 0.646875 0.843750 0.531250 0.843750