7 0.314063 0.302083 0.343750 0.302083 0.343750 0.345833 0.314063 0.345833
4 0.375000 0.322917 0.404687 0.322917 0.404687 0.364583 0.375000 0.364583
1 0.231250 0.318750 0.292187 0.318750 0.292187 0.404167 0.231250 0.404167
4 0.342187 0.366667 0.390625 0.366667 0.390625 0.425000 0.342187 0.425000
7 0.604687 0.343750 0.681250 0.343750 0.681250 0.456250 0.604687 0.456250
1 0.268750 0.352083 0.334375 0.352083 0.334375 0.450000 0.268750 0.450000
7 0.659375 0.427083 0.740625 0.427083 0.740625 0.518750 0.659375 0.518750
7 0.590625 0.437500 0.664062 0.437500 0.664062 0.568750 0.590625 0.568750
1 0.732812 0.443750 0.876563 0.443750 0.876563 0.570833 0.732812 0.570833
7 0.131250 0.439583 0.231250 0.439583 0.231250 0.602083 0.131250 0.602083
4 0.278125 0.481250 0.359375 0.481250 0.359375 0.577083 0.278125 0.577083
7 0.623437 0.456250 0.721875 0.456250 0.721875 0.645833 0.623437 0.645833
4 0.885938 0.520833 0.948438 0.520833 0.948438 0.614583 0.885938 0.614583
4 0.487500 0.516667 0.575000 0.516667 0.575000 0.647917 0.487500 0.647917
1 0.923438 0.508333 0.998437 0.508333 0.998437 0.695833 0.923438 0.695833
4 0.507812 0.564583 0.603125 0.564583 0.603125 0.681250 0.507812 0.681250
7 0.703125 0.564583 0.784375 0.564583 0.784375 0.731250 0.703125 0.731250
7 0.000000 0.562500 0.131250 0.562500 0.131250 0.772917 0.000000 0.772917
1 0.750000 0.541667 0.937500 0.541667 0.937500 0.822917 0.750000 0.822917
4 0.515625 0.654167 0.621875 0.654167 0.621875 0.825000 0.515625 0.825000
1 0.854688 0.706250 1.000000 0.706250 1.000000 1.000000 0.854688 1.000000
4 0.656250 0.766667 0.831250 0.766667 0.831250 1.000000 0.656250 1.000000