4 0.459375 0.347917 0.487500 0.347917 0.487500 0.379167 0.459375 0.379167
2 0.512500 0.322917 0.575000 0.322917 0.575000 0.410417 0.512500 0.410417
8 0.612500 0.331250 0.712500 0.331250 0.712500 0.443750 0.612500 0.443750
4 0.462500 0.370833 0.500000 0.370833 0.500000 0.414583 0.462500 0.414583
4 0.465625 0.404167 0.515625 0.404167 0.515625 0.466667 0.465625 0.466667
2 0.543750 0.356250 0.626563 0.356250 0.626563 0.514583 0.543750 0.514583
4 0.479687 0.441667 0.540625 0.441667 0.540625 0.481250 0.479687 0.481250
4 0.306250 0.450000 0.370312 0.450000 0.370312 0.541667 0.306250 0.541667
4 0.700000 0.466667 0.735938 0.466667 0.735938 0.531250 0.700000 0.531250
8 0.593750 0.385417 0.717188 0.385417 0.717188 0.614583 0.593750 0.614583
4 0.489063 0.472917 0.550000 0.472917 0.550000 0.558333 0.489063 0.558333
4 0.728125 0.489583 0.793750 0.489583 0.793750 0.562500 0.728125 0.562500
4 0.162500 0.497917 0.235937 0.497917 0.235937 0.585417 0.162500 0.585417
4 0.500000 0.516667 0.564062 0.516667 0.564062 0.604167 0.500000 0.604167
4 0.762500 0.533333 0.850000 0.533333 0.850000 0.637500 0.762500 0.637500
4 0.517188 0.525000 0.606250 0.525000 0.606250 0.660417 0.517188 0.660417
4 0.868750 0.625000 1.000000 0.625000 1.000000 0.777083 0.868750 0.777083
4 0.718750 0.647917 0.848437 0.647917 0.848437 0.829167 0.718750 0.829167
4 0.545312 0.675000 0.659375 0.675000 0.659375 0.839583 0.545312 0.839583