7 0.323437 0.320833 0.365625 0.320833 0.365625 0.375000 0.323437 0.375000
1 0.240625 0.304167 0.307812 0.304167 0.307812 0.393750 0.240625 0.393750
4 0.368750 0.343750 0.401562 0.343750 0.401562 0.379167 0.368750 0.379167
4 0.359375 0.362500 0.400000 0.362500 0.400000 0.416667 0.359375 0.416667
7 0.257812 0.356250 0.332812 0.356250 0.332812 0.483333 0.257812 0.483333
4 0.467187 0.416667 0.517188 0.416667 0.517188 0.487500 0.467187 0.487500
4 0.678125 0.427083 0.726562 0.427083 0.726562 0.518750 0.678125 0.518750
4 0.493750 0.450000 0.548438 0.450000 0.548438 0.500000 0.493750 0.500000
1 0.554688 0.372917 0.696875 0.372917 0.696875 0.581250 0.554688 0.581250
7 0.159375 0.445833 0.268750 0.445833 0.268750 0.577083 0.159375 0.577083
1 0.731250 0.414583 0.900000 0.414583 0.900000 0.618750 0.731250 0.618750
4 0.496875 0.483333 0.559375 0.483333 0.559375 0.585417 0.496875 0.585417
4 0.506250 0.550000 0.584375 0.550000 0.584375 0.683333 0.506250 0.683333
4 0.893750 0.579167 1.000000 0.579167 1.000000 0.729167 0.893750 0.729167
1 0.651563 0.514583 0.903125 0.514583 0.903125 0.864583 0.651563 0.864583
4 0.181250 0.666667 0.334375 0.666667 0.334375 0.858333 0.181250 0.858333
4 0.534375 0.681250 0.675000 0.681250 0.675000 0.858333 0.534375 0.858333
1 0.801562 0.647917 1.000000 0.647917 1.000000 1.000000 0.801562 1.000000