4 0.300000 0.366667 0.337500 0.366667 0.337500 0.414583 0.300000 0.414583
4 0.612500 0.387500 0.648438 0.387500 0.648438 0.435417 0.612500 0.435417
9 0.554688 0.364583 0.618750 0.364583 0.618750 0.468750 0.554688 0.468750
3 0.470313 0.385417 0.514062 0.385417 0.514062 0.456250 0.470313 0.456250
7 0.237500 0.408333 0.285938 0.408333 0.285938 0.468750 0.237500 0.468750
10 0.657812 0.412500 0.726562 0.412500 0.726562 0.481250 0.657812 0.481250
9 0.585938 0.427083 0.653125 0.427083 0.653125 0.516667 0.585938 0.516667
4 0.489063 0.464583 0.540625 0.464583 0.540625 0.527083 0.489063 0.527083
4 0.307812 0.445833 0.371875 0.445833 0.371875 0.550000 0.307812 0.550000
4 0.200000 0.483333 0.262500 0.483333 0.262500 0.556250 0.200000 0.556250
8 0.740625 0.402083 0.882812 0.402083 0.882812 0.639583 0.740625 0.639583
4 0.498437 0.539583 0.584375 0.539583 0.584375 0.652083 0.498437 0.652083
11 0.612500 0.472917 0.879687 0.472917 0.879687 0.839583 0.612500 0.839583
4 0.234375 0.670833 0.339063 0.670833 0.339063 0.797917 0.234375 0.797917
4 0.010937 0.702083 0.148438 0.702083 0.148438 0.862500 0.010937 0.862500
4 0.559375 0.716667 0.693750 0.716667 0.693750 0.925000 0.559375 0.925000