7 0.292187 0.304167 0.326563 0.304167 0.326563 0.362500 0.292187 0.362500
1 0.326563 0.297917 0.370312 0.297917 0.370312 0.368750 0.326563 0.368750
4 0.381250 0.322917 0.406250 0.322917 0.406250 0.352083 0.381250 0.352083
4 0.368750 0.335417 0.396875 0.335417 0.396875 0.368750 0.368750 0.368750
6 0.350000 0.341667 0.384375 0.341667 0.384375 0.393750 0.350000 0.393750
1 0.598437 0.316667 0.676562 0.316667 0.676562 0.439583 0.598437 0.439583
7 0.529687 0.343750 0.576562 0.343750 0.576562 0.431250 0.529687 0.431250
4 0.554688 0.397917 0.587500 0.397917 0.587500 0.450000 0.554688 0.450000
4 0.335938 0.393750 0.379687 0.393750 0.379687 0.462500 0.335938 0.462500
4 0.573438 0.414583 0.617188 0.414583 0.617188 0.481250 0.573438 0.481250
7 0.653125 0.391667 0.729688 0.391667 0.729688 0.516667 0.653125 0.516667
4 0.482812 0.431250 0.521875 0.431250 0.521875 0.493750 0.482812 0.493750
4 0.487500 0.454167 0.546875 0.454167 0.546875 0.535417 0.487500 0.535417
7 0.589063 0.441667 0.656250 0.441667 0.656250 0.577083 0.589063 0.577083
1 0.001562 0.418750 0.157812 0.418750 0.157812 0.635417 0.001562 0.635417
4 0.498438 0.491667 0.562500 0.491667 0.562500 0.577083 0.498438 0.577083
7 0.762500 0.460417 0.885938 0.460417 0.885938 0.631250 0.762500 0.631250
7 0.614062 0.447917 0.721875 0.447917 0.721875 0.650000 0.614062 0.650000
4 0.523438 0.525000 0.593750 0.525000 0.593750 0.629167 0.523438 0.629167
7 0.495312 0.543750 0.576562 0.543750 0.576562 0.702083 0.495312 0.702083
7 0.715625 0.570833 0.814063 0.570833 0.814063 0.731250 0.715625 0.731250
4 0.189062 0.641667 0.303125 0.641667 0.303125 0.791667 0.189062 0.791667
1 0.748437 0.539583 0.978125 0.539583 0.978125 0.929167 0.748437 0.929167
4 0.523438 0.654167 0.623438 0.654167 0.623438 0.829167 0.523438 0.829167
4 0.545312 0.758333 0.681250 0.758333 0.681250 0.964583 0.545312 0.964583
4 0.567187 0.902083 0.718750 0.902083 0.718750 1.000000 0.567187 1.000000