7 0.279688 0.308333 0.315625 0.308333 0.315625 0.364583 0.279688 0.364583
4 0.365625 0.339583 0.396875 0.339583 0.396875 0.377083 0.365625 0.377083
1 0.281250 0.329167 0.348437 0.329167 0.348437 0.422917 0.281250 0.422917
10 0.537500 0.362500 0.589062 0.362500 0.589062 0.450000 0.537500 0.450000
4 0.468750 0.387500 0.510938 0.387500 0.510938 0.447917 0.468750 0.447917
4 0.617188 0.410417 0.654688 0.410417 0.654688 0.458333 0.617188 0.458333
9 0.646875 0.385417 0.726562 0.385417 0.726562 0.516667 0.646875 0.516667
4 0.489063 0.425000 0.542188 0.425000 0.542188 0.500000 0.489063 0.500000
4 0.589062 0.460417 0.657813 0.460417 0.657813 0.556250 0.589062 0.556250
8 0.721875 0.410417 0.923438 0.410417 0.923438 0.685417 0.721875 0.685417
9 0.631250 0.493750 0.739063 0.493750 0.739063 0.672917 0.631250 0.672917
4 0.514062 0.564583 0.590625 0.564583 0.590625 0.677083 0.514062 0.677083
4 0.190625 0.693750 0.301563 0.693750 0.301563 0.837500 0.190625 0.837500