4 0.325000 0.339583 0.351562 0.339583 0.351562 0.366667 0.325000 0.366667
2 0.571875 0.316667 0.625000 0.316667 0.625000 0.402083 0.571875 0.402083
2 0.615625 0.350000 0.706250 0.350000 0.706250 0.479167 0.615625 0.479167
4 0.478125 0.402083 0.521875 0.402083 0.521875 0.460417 0.478125 0.460417
4 0.553125 0.402083 0.601562 0.402083 0.601562 0.460417 0.553125 0.460417
4 0.700000 0.410417 0.750000 0.410417 0.750000 0.475000 0.700000 0.475000
4 0.575000 0.437500 0.629687 0.437500 0.629687 0.508333 0.575000 0.508333
4 0.487500 0.445833 0.535937 0.445833 0.535937 0.512500 0.487500 0.512500
10 0.617188 0.445833 0.700000 0.445833 0.700000 0.591667 0.617188 0.591667
4 0.517188 0.475000 0.584375 0.475000 0.584375 0.583333 0.517188 0.583333
4 0.659375 0.583333 0.764062 0.583333 0.764062 0.720833 0.659375 0.720833
4 0.160938 0.700000 0.289062 0.700000 0.289062 0.856250 0.160938 0.856250
10 0.793750 0.725000 0.965625 0.725000 0.965625 0.991667 0.793750 0.991667