9 0.592187 0.354167 0.650000 0.354167 0.650000 0.456250 0.592187 0.456250
4 0.471875 0.377083 0.515625 0.377083 0.515625 0.441667 0.471875 0.441667
4 0.543750 0.395833 0.593750 0.395833 0.593750 0.452083 0.543750 0.452083
8 0.643750 0.354167 0.759375 0.354167 0.759375 0.520833 0.643750 0.520833
7 0.125000 0.400000 0.200000 0.400000 0.200000 0.491667 0.125000 0.491667
9 0.567188 0.427083 0.626563 0.427083 0.626563 0.516667 0.567188 0.516667
4 0.485938 0.441667 0.535938 0.441667 0.535938 0.514583 0.485938 0.514583
4 0.285938 0.516667 0.348438 0.516667 0.348438 0.593750 0.285938 0.593750
9 0.620313 0.470833 0.718750 0.470833 0.718750 0.641667 0.620313 0.641667
4 0.504687 0.518750 0.589063 0.518750 0.589063 0.637500 0.504687 0.637500
1 0.040625 0.479167 0.234375 0.479167 0.234375 0.745833 0.040625 0.745833
8 0.851562 0.518750 1.000000 0.518750 1.000000 0.822917 0.851562 0.822917
4 0.598437 0.781250 0.745313 0.781250 0.745313 1.000000 0.598437 1.000000