4 0.362500 0.335417 0.398438 0.335417 0.398438 0.379167 0.362500 0.379167
9 0.515625 0.327083 0.560938 0.327083 0.560938 0.400000 0.515625 0.400000
4 0.254688 0.354167 0.293750 0.354167 0.293750 0.397917 0.254688 0.397917
8 0.606250 0.333333 0.671875 0.333333 0.671875 0.435417 0.606250 0.435417
4 0.478125 0.381250 0.517188 0.381250 0.517188 0.429167 0.478125 0.429167
4 0.671875 0.379167 0.721875 0.379167 0.721875 0.435417 0.671875 0.435417
2 0.548438 0.345833 0.626563 0.345833 0.626563 0.470833 0.548438 0.470833
4 0.318750 0.427083 0.368750 0.427083 0.368750 0.491667 0.318750 0.491667
4 0.492188 0.454167 0.546875 0.454167 0.546875 0.525000 0.492188 0.525000
8 0.695312 0.416667 0.829687 0.416667 0.829687 0.568750 0.695312 0.568750
10 0.607812 0.462500 0.684375 0.462500 0.684375 0.597917 0.607812 0.597917
4 0.512500 0.543750 0.585938 0.543750 0.585938 0.641667 0.512500 0.641667
9 0.668750 0.489583 0.831250 0.489583 0.831250 0.789583 0.668750 0.789583
4 0.573438 0.756250 0.715625 0.756250 0.715625 0.985417 0.573438 0.985417