4 0.362500 0.283333 0.393750 0.283333 0.393750 0.312500 0.362500 0.312500
7 0.303125 0.270833 0.350000 0.270833 0.350000 0.337500 0.303125 0.337500
4 0.378125 0.295833 0.420313 0.295833 0.420313 0.327083 0.378125 0.327083
4 0.370312 0.320833 0.412500 0.320833 0.412500 0.379167 0.370312 0.379167
7 0.564063 0.310417 0.606250 0.310417 0.606250 0.393750 0.564063 0.393750
1 0.501563 0.316667 0.584375 0.316667 0.584375 0.429167 0.501563 0.429167
4 0.343750 0.379167 0.390625 0.379167 0.390625 0.431250 0.343750 0.431250
4 0.470313 0.389583 0.523438 0.389583 0.523438 0.445833 0.470313 0.445833
4 0.664062 0.420833 0.715625 0.420833 0.715625 0.495833 0.664062 0.495833
4 0.478125 0.431250 0.528125 0.431250 0.528125 0.508333 0.478125 0.508333
7 0.581250 0.420833 0.676562 0.420833 0.676562 0.568750 0.581250 0.568750
4 0.717187 0.462500 0.792187 0.462500 0.792187 0.564583 0.717187 0.564583
4 0.503125 0.506250 0.575000 0.506250 0.575000 0.612500 0.503125 0.612500
4 0.629687 0.541667 0.745313 0.541667 0.745313 0.691667 0.629687 0.691667
4 0.521875 0.593750 0.635937 0.593750 0.635937 0.760417 0.521875 0.760417
1 0.939062 0.593750 1.000000 0.593750 1.000000 0.872917 0.939062 0.872917
4 0.550000 0.829167 0.712500 0.829167 0.712500 1.000000 0.550000 1.000000