4 0.384375 0.310417 0.406250 0.310417 0.406250 0.350000 0.384375 0.350000
4 0.357812 0.350000 0.390625 0.350000 0.390625 0.395833 0.357812 0.395833
4 0.467188 0.366667 0.503125 0.366667 0.503125 0.416667 0.467188 0.416667
8 0.615625 0.341667 0.718750 0.341667 0.718750 0.493750 0.615625 0.493750
9 0.546875 0.385417 0.596875 0.385417 0.596875 0.468750 0.546875 0.468750
4 0.478125 0.408333 0.523438 0.408333 0.523438 0.477083 0.478125 0.477083
9 0.582812 0.420833 0.659375 0.420833 0.659375 0.554167 0.582812 0.554167
4 0.495312 0.464583 0.551562 0.464583 0.551562 0.554167 0.495312 0.554167
8 0.760938 0.458333 0.968750 0.458333 0.968750 0.685417 0.760938 0.685417
4 0.535937 0.604167 0.635938 0.604167 0.635938 0.741667 0.535937 0.741667
2 0.756250 0.606250 1.000000 0.606250 1.000000 1.000000 0.756250 1.000000