4 0.362500 0.343750 0.395313 0.343750 0.395313 0.383333 0.362500 0.383333
4 0.309375 0.352083 0.350000 0.352083 0.350000 0.395833 0.309375 0.395833
7 0.531250 0.350000 0.578125 0.350000 0.578125 0.422917 0.531250 0.422917
4 0.603125 0.366667 0.642188 0.366667 0.642188 0.406250 0.603125 0.406250
4 0.476562 0.381250 0.512500 0.381250 0.512500 0.414583 0.476562 0.414583
4 0.345313 0.375000 0.384375 0.375000 0.384375 0.431250 0.345313 0.431250
4 0.276562 0.389583 0.321875 0.389583 0.321875 0.437500 0.276562 0.437500
4 0.473438 0.395833 0.506250 0.395833 0.506250 0.437500 0.473438 0.437500
4 0.610937 0.397917 0.671875 0.397917 0.671875 0.447917 0.610937 0.447917
4 0.554688 0.402083 0.593750 0.402083 0.593750 0.450000 0.554688 0.450000
4 0.479687 0.412500 0.517188 0.412500 0.517188 0.445833 0.479687 0.445833
5 0.139062 0.366667 0.234375 0.366667 0.234375 0.495833 0.139062 0.495833
4 0.235938 0.439583 0.290625 0.439583 0.290625 0.502083 0.235938 0.502083
4 0.485937 0.439583 0.531250 0.439583 0.531250 0.510417 0.485937 0.510417
5 0.692187 0.414583 0.840625 0.414583 0.840625 0.595833 0.692187 0.595833
4 0.492187 0.512500 0.564062 0.512500 0.564062 0.612500 0.492187 0.612500
4 0.626563 0.518750 0.712500 0.518750 0.712500 0.633333 0.626563 0.633333
7 0.810937 0.575000 0.917187 0.575000 0.917187 0.710417 0.810937 0.710417
4 0.529687 0.612500 0.620312 0.612500 0.620312 0.741667 0.529687 0.741667
4 0.162500 0.737500 0.290625 0.737500 0.290625 0.887500 0.162500 0.887500
4 0.779687 0.756250 0.940625 0.756250 0.940625 0.970833 0.779687 0.970833