4 0.460938 0.331250 0.490625 0.331250 0.490625 0.372917 0.460938 0.372917
4 0.353125 0.341667 0.385937 0.341667 0.385937 0.381250 0.353125 0.381250
4 0.476562 0.360417 0.512500 0.360417 0.512500 0.412500 0.476562 0.412500
4 0.287500 0.377083 0.326562 0.377083 0.326562 0.429167 0.287500 0.429167
4 0.339062 0.381250 0.378125 0.381250 0.378125 0.431250 0.339062 0.431250
4 0.492188 0.408333 0.543750 0.408333 0.543750 0.470833 0.492188 0.470833
4 0.626563 0.497917 0.701562 0.497917 0.701562 0.591667 0.626563 0.591667
0 0.070313 0.445833 0.251563 0.445833 0.251563 0.704167 0.070313 0.704167
8 0.000000 0.491667 0.075000 0.491667 0.075000 0.687500 0.000000 0.687500
4 0.773438 0.704167 0.937500 0.704167 0.937500 0.929167 0.773438 0.929167
4 0.604687 0.766667 0.743750 0.766667 0.743750 1.000000 0.604687 1.000000