4 0.457813 0.341667 0.493750 0.341667 0.493750 0.372917 0.457813 0.372917
2 0.515625 0.325000 0.571875 0.325000 0.571875 0.414583 0.515625 0.414583
4 0.464062 0.364583 0.495312 0.364583 0.495312 0.402083 0.464062 0.402083
8 0.612500 0.337500 0.707812 0.337500 0.707812 0.456250 0.612500 0.456250
4 0.473438 0.391667 0.512500 0.391667 0.512500 0.422917 0.473438 0.422917
4 0.534375 0.393750 0.557813 0.393750 0.557813 0.445833 0.534375 0.445833
2 0.126562 0.364583 0.235937 0.364583 0.235937 0.508333 0.126562 0.508333
4 0.473438 0.420833 0.525000 0.420833 0.525000 0.475000 0.473438 0.475000
4 0.328125 0.425000 0.382812 0.425000 0.382812 0.491667 0.328125 0.491667
2 0.556250 0.377083 0.651562 0.377083 0.651562 0.541667 0.556250 0.541667
4 0.485937 0.464583 0.546875 0.464583 0.546875 0.525000 0.485937 0.525000
4 0.503125 0.512500 0.570312 0.512500 0.570312 0.593750 0.503125 0.593750
8 0.639062 0.429167 0.818750 0.429167 0.818750 0.725000 0.639062 0.725000
4 0.787500 0.527083 0.859375 0.527083 0.859375 0.641667 0.787500 0.641667
4 0.512500 0.579167 0.601562 0.579167 0.601562 0.702083 0.512500 0.702083
4 0.868750 0.652083 0.992188 0.652083 0.992188 0.793750 0.868750 0.793750
4 0.570312 0.741667 0.731250 0.741667 0.731250 1.000000 0.570312 1.000000