4 0.501563 0.356250 0.540625 0.356250 0.540625 0.422917 0.501563 0.422917
7 0.550000 0.364583 0.609375 0.364583 0.609375 0.452083 0.550000 0.452083
7 0.257812 0.362500 0.331250 0.362500 0.331250 0.462500 0.257812 0.462500
4 0.460938 0.391667 0.503125 0.391667 0.503125 0.439583 0.460938 0.439583
4 0.325000 0.383333 0.396875 0.383333 0.396875 0.489583 0.325000 0.489583
4 0.475000 0.416667 0.520313 0.416667 0.520313 0.477083 0.475000 0.477083
4 0.589063 0.422917 0.632812 0.422917 0.632812 0.525000 0.589063 0.525000
4 0.740625 0.447917 0.804688 0.447917 0.804688 0.520833 0.740625 0.520833
4 0.476562 0.447917 0.540625 0.447917 0.540625 0.552083 0.476562 0.552083
4 0.509375 0.508333 0.570312 0.508333 0.570312 0.606250 0.509375 0.606250
4 0.517188 0.550000 0.606250 0.550000 0.606250 0.710417 0.517188 0.710417
1 0.712500 0.545833 0.926563 0.545833 0.926563 0.868750 0.712500 0.868750
4 0.931250 0.633333 1.000000 0.633333 1.000000 0.793750 0.931250 0.793750
4 0.171875 0.643750 0.293750 0.643750 0.293750 0.827083 0.171875 0.827083
4 0.534375 0.729167 0.684375 0.729167 0.684375 0.975000 0.534375 0.975000