4 0.495312 0.314583 0.520312 0.314583 0.520312 0.354167 0.495312 0.354167
10 0.262500 0.314583 0.295313 0.314583 0.295313 0.379167 0.262500 0.379167
10 0.521875 0.308333 0.562500 0.308333 0.562500 0.395833 0.521875 0.395833
8 0.293750 0.318750 0.345312 0.318750 0.345312 0.393750 0.293750 0.393750
4 0.460938 0.341667 0.493750 0.341667 0.493750 0.387500 0.460938 0.387500
4 0.339062 0.387500 0.379688 0.387500 0.379688 0.437500 0.339062 0.437500
8 0.118750 0.418750 0.253125 0.418750 0.253125 0.616667 0.118750 0.616667
4 0.509375 0.516667 0.584375 0.516667 0.584375 0.635417 0.509375 0.635417
4 0.264062 0.535417 0.345313 0.535417 0.345313 0.645833 0.264062 0.645833
4 0.671875 0.579167 0.792188 0.579167 0.792188 0.743750 0.671875 0.743750
9 0.000000 0.575000 0.131250 0.575000 0.131250 0.877083 0.000000 0.877083