7 0.314062 0.312500 0.362500 0.312500 0.362500 0.385417 0.314062 0.385417
7 0.362500 0.322917 0.409375 0.322917 0.409375 0.389583 0.362500 0.389583
1 0.631250 0.345833 0.754688 0.345833 0.754688 0.472917 0.631250 0.472917
4 0.504688 0.377083 0.564063 0.377083 0.564063 0.466667 0.504688 0.466667
7 0.548438 0.362500 0.631250 0.362500 0.631250 0.487500 0.548438 0.487500
4 0.326563 0.397917 0.379688 0.397917 0.379688 0.464583 0.326563 0.464583
4 0.771875 0.454167 0.864063 0.454167 0.864063 0.550000 0.771875 0.550000
4 0.475000 0.475000 0.557812 0.475000 0.557812 0.562500 0.475000 0.562500
7 0.634375 0.435417 0.770313 0.435417 0.770313 0.639583 0.634375 0.639583
4 0.270313 0.481250 0.362500 0.481250 0.362500 0.606250 0.270313 0.606250
4 0.507812 0.550000 0.603125 0.550000 0.603125 0.672917 0.507812 0.672917
4 0.935938 0.575000 1.000000 0.575000 1.000000 0.739583 0.935938 0.739583
1 0.000000 0.508333 0.168750 0.508333 0.168750 0.939583 0.000000 0.939583
4 0.520312 0.637500 0.651563 0.637500 0.651563 0.820833 0.520312 0.820833
1 0.684375 0.512500 0.995313 0.512500 0.995313 0.997917 0.684375 0.997917
4 0.565625 0.854167 0.712500 0.854167 0.712500 1.000000 0.565625 1.000000