8 0.334375 0.287500 0.371875 0.287500 0.371875 0.350000 0.334375 0.350000
9 0.293750 0.297917 0.334375 0.297917 0.334375 0.341667 0.293750 0.341667
8 0.251562 0.316667 0.309375 0.316667 0.309375 0.372917 0.251562 0.372917
10 0.512500 0.316667 0.554688 0.316667 0.554688 0.393750 0.512500 0.393750
4 0.457813 0.339583 0.490625 0.339583 0.490625 0.375000 0.457813 0.375000
4 0.354687 0.347917 0.389063 0.347917 0.389063 0.387500 0.354687 0.387500
2 0.276562 0.337500 0.340625 0.337500 0.340625 0.418750 0.276562 0.418750
10 0.573438 0.343750 0.617188 0.343750 0.617188 0.412500 0.573438 0.412500
10 0.204688 0.354167 0.257812 0.354167 0.257812 0.429167 0.204688 0.429167
10 0.328125 0.400000 0.379687 0.400000 0.379687 0.466667 0.328125 0.466667
4 0.525000 0.497917 0.590625 0.497917 0.590625 0.593750 0.525000 0.593750
4 0.134375 0.514583 0.223437 0.514583 0.223437 0.625000 0.134375 0.625000