7 0.310938 0.279167 0.348438 0.279167 0.348438 0.333333 0.310938 0.333333
4 0.395313 0.293750 0.418750 0.293750 0.418750 0.327083 0.395313 0.327083
7 0.350000 0.285417 0.379688 0.285417 0.379688 0.341667 0.350000 0.341667
7 0.321875 0.316667 0.350000 0.316667 0.350000 0.375000 0.321875 0.375000
4 0.367188 0.337500 0.403125 0.337500 0.403125 0.368750 0.367188 0.368750
1 0.246875 0.308333 0.329687 0.308333 0.329687 0.447917 0.246875 0.447917
4 0.348438 0.387500 0.395313 0.387500 0.395313 0.450000 0.348438 0.450000
4 0.475000 0.404167 0.514062 0.404167 0.514062 0.452083 0.475000 0.452083
4 0.473438 0.435417 0.518750 0.435417 0.518750 0.514583 0.473438 0.514583
4 0.496875 0.477083 0.575000 0.477083 0.575000 0.541667 0.496875 0.541667
4 0.770312 0.510417 0.843750 0.510417 0.843750 0.610417 0.770312 0.610417
4 0.506250 0.518750 0.604687 0.518750 0.604687 0.618750 0.506250 0.618750
4 0.610938 0.420833 0.776562 0.420833 0.776562 0.735417 0.610938 0.735417
4 0.514062 0.595833 0.642188 0.595833 0.642188 0.787500 0.514062 0.787500
1 0.760938 0.610417 1.000000 0.610417 1.000000 1.000000 0.760938 1.000000