4 0.500000 0.312500 0.525000 0.312500 0.525000 0.360417 0.500000 0.360417
4 0.379687 0.320833 0.406250 0.320833 0.406250 0.354167 0.379687 0.354167
1 0.214063 0.314583 0.287500 0.314583 0.287500 0.408333 0.214063 0.408333
4 0.364063 0.352083 0.400000 0.352083 0.400000 0.397917 0.364063 0.397917
7 0.271875 0.360417 0.315625 0.360417 0.315625 0.429167 0.271875 0.429167
1 0.629688 0.335417 0.701562 0.335417 0.701562 0.483333 0.629688 0.483333
1 0.554688 0.333333 0.629687 0.333333 0.629687 0.487500 0.554688 0.487500
4 0.706250 0.416667 0.760938 0.416667 0.760938 0.491667 0.706250 0.491667
4 0.310937 0.410417 0.384375 0.410417 0.384375 0.522917 0.310937 0.522917
0 0.467188 0.377083 0.585938 0.377083 0.585938 0.560417 0.467188 0.560417
7 0.203125 0.400000 0.306250 0.400000 0.306250 0.560417 0.203125 0.560417
4 0.090625 0.464583 0.192188 0.464583 0.192188 0.581250 0.090625 0.581250
4 0.732812 0.481250 0.825000 0.481250 0.825000 0.635417 0.732812 0.635417
4 0.809375 0.500000 0.909375 0.500000 0.909375 0.616667 0.809375 0.616667
4 0.218750 0.600000 0.343750 0.600000 0.343750 0.783333 0.218750 0.783333
7 0.000000 0.583333 0.182812 0.583333 0.182812 0.827083 0.000000 0.827083
7 0.903125 0.583333 1.000000 0.583333 1.000000 0.841667 0.903125 0.841667