4 0.459375 0.347917 0.487500 0.347917 0.487500 0.379167 0.459375 0.379167
2 0.512500 0.320833 0.575000 0.320833 0.575000 0.408333 0.512500 0.408333
8 0.612500 0.331250 0.712500 0.331250 0.712500 0.443750 0.612500 0.443750
4 0.462500 0.370833 0.500000 0.370833 0.500000 0.414583 0.462500 0.414583
4 0.465625 0.404167 0.515625 0.404167 0.515625 0.466667 0.465625 0.466667
2 0.543750 0.356250 0.626563 0.356250 0.626563 0.514583 0.543750 0.514583
4 0.487500 0.433333 0.531250 0.433333 0.531250 0.470833 0.487500 0.470833
4 0.698438 0.458333 0.734375 0.458333 0.734375 0.522917 0.698438 0.522917
8 0.593750 0.385417 0.717188 0.385417 0.717188 0.614583 0.593750 0.614583
4 0.482813 0.462500 0.546875 0.462500 0.546875 0.550000 0.482813 0.550000
4 0.728125 0.489583 0.793750 0.489583 0.793750 0.562500 0.728125 0.562500
4 0.156250 0.514583 0.237500 0.514583 0.237500 0.597917 0.156250 0.597917
4 0.503125 0.512500 0.600000 0.512500 0.600000 0.633333 0.503125 0.633333
4 0.762500 0.529167 0.832812 0.529167 0.832812 0.627083 0.762500 0.627083
4 0.253125 0.562500 0.331250 0.562500 0.331250 0.654167 0.253125 0.654167
4 0.812500 0.568750 0.923437 0.568750 0.923437 0.706250 0.812500 0.706250
4 0.656250 0.572917 0.760938 0.572917 0.760938 0.722917 0.656250 0.722917
4 0.510938 0.595833 0.617188 0.595833 0.617188 0.745833 0.510938 0.745833
4 0.882812 0.662500 1.000000 0.662500 1.000000 0.808333 0.882812 0.808333
4 0.545312 0.741667 0.684375 0.741667 0.684375 0.975000 0.545312 0.975000