4 0.357812 0.354167 0.389062 0.354167 0.389062 0.395833 0.357812 0.395833
4 0.492188 0.393750 0.539062 0.393750 0.539062 0.464583 0.492188 0.464583
4 0.632812 0.397917 0.696875 0.397917 0.696875 0.464583 0.632812 0.464583
4 0.551562 0.404167 0.593750 0.404167 0.593750 0.460417 0.551562 0.460417
4 0.737500 0.437500 0.803125 0.437500 0.803125 0.520833 0.737500 0.520833
4 0.490625 0.468750 0.554688 0.468750 0.554688 0.550000 0.490625 0.550000
10 0.596875 0.437500 0.684375 0.437500 0.684375 0.585417 0.596875 0.585417
4 0.687500 0.485417 0.757812 0.485417 0.757812 0.556250 0.687500 0.556250
9 0.765625 0.475000 0.903125 0.475000 0.903125 0.681250 0.765625 0.681250
4 0.118750 0.579167 0.210938 0.579167 0.210938 0.670833 0.118750 0.670833
4 0.529687 0.562500 0.615625 0.562500 0.615625 0.689583 0.529687 0.689583
4 0.718750 0.652083 0.851562 0.652083 0.851562 0.827083 0.718750 0.827083