7 0.565625 0.320833 0.626563 0.320833 0.626563 0.404167 0.565625 0.404167
7 0.529687 0.343750 0.582813 0.343750 0.582813 0.433333 0.529687 0.433333
7 0.607812 0.350000 0.670312 0.350000 0.670312 0.437500 0.607812 0.437500
7 0.225000 0.350000 0.284375 0.350000 0.284375 0.454167 0.225000 0.454167
4 0.478125 0.391667 0.507812 0.391667 0.507812 0.416667 0.478125 0.416667
4 0.481250 0.410417 0.521875 0.410417 0.521875 0.437500 0.481250 0.437500
4 0.556250 0.400000 0.592187 0.400000 0.592187 0.447917 0.556250 0.447917
4 0.579688 0.412500 0.612500 0.412500 0.612500 0.456250 0.579688 0.456250
7 0.653125 0.377083 0.739062 0.377083 0.739062 0.504167 0.653125 0.504167
4 0.485938 0.435417 0.521875 0.435417 0.521875 0.460417 0.485938 0.460417
7 0.282813 0.395833 0.376563 0.395833 0.376563 0.572917 0.282813 0.572917
7 0.490625 0.454167 0.546875 0.454167 0.546875 0.545833 0.490625 0.545833
7 0.189062 0.447917 0.254688 0.447917 0.254688 0.554167 0.189062 0.554167
7 0.585938 0.447917 0.684375 0.447917 0.684375 0.579167 0.585938 0.579167
7 0.735938 0.504167 0.848438 0.504167 0.848438 0.589583 0.735938 0.589583
7 0.620312 0.458333 0.725000 0.458333 0.725000 0.645833 0.620312 0.645833
4 0.500000 0.537500 0.568750 0.537500 0.568750 0.656250 0.500000 0.656250
1 0.873438 0.543750 1.000000 0.543750 1.000000 0.679167 0.873438 0.679167
7 0.706250 0.568750 0.768750 0.568750 0.768750 0.710417 0.706250 0.710417
1 0.751563 0.539583 0.951562 0.539583 0.951562 0.852083 0.751563 0.852083
4 0.535937 0.652083 0.628125 0.652083 0.628125 0.831250 0.535937 0.831250
1 0.856250 0.687500 1.000000 0.687500 1.000000 1.000000 0.856250 1.000000
4 0.568750 0.864583 0.715625 0.864583 0.715625 1.000000 0.568750 1.000000