5 0.320312 0.354167 0.357812 0.354167 0.357812 0.393750 0.320312 0.393750
9 0.532813 0.347917 0.589062 0.347917 0.589062 0.447917 0.532813 0.447917
4 0.476562 0.385417 0.518750 0.385417 0.518750 0.441667 0.476562 0.441667
9 0.560937 0.364583 0.628125 0.364583 0.628125 0.495833 0.560937 0.495833
2 0.634375 0.372917 0.751563 0.372917 0.751563 0.527083 0.634375 0.527083
4 0.495313 0.462500 0.550000 0.462500 0.550000 0.535417 0.495313 0.535417
4 0.753125 0.462500 0.809375 0.462500 0.809375 0.535417 0.753125 0.535417
9 0.610938 0.427083 0.723438 0.427083 0.723438 0.629167 0.610938 0.629167
2 0.784375 0.472917 1.000000 0.472917 1.000000 0.820833 0.784375 0.820833
4 0.526562 0.600000 0.623437 0.600000 0.623437 0.747917 0.526562 0.747917
4 0.757812 0.695833 0.910937 0.695833 0.910937 0.891667 0.757812 0.891667