4 0.375000 0.325000 0.406250 0.325000 0.406250 0.360417 0.375000 0.360417
7 0.328125 0.318750 0.367188 0.318750 0.367188 0.368750 0.328125 0.368750
7 0.243750 0.331250 0.289062 0.331250 0.289062 0.395833 0.243750 0.395833
1 0.518750 0.306250 0.582812 0.306250 0.582812 0.433333 0.518750 0.433333
4 0.585938 0.370833 0.629687 0.370833 0.629687 0.425000 0.585938 0.425000
0 0.628125 0.339583 0.707812 0.339583 0.707812 0.462500 0.628125 0.462500
4 0.470313 0.387500 0.506250 0.387500 0.506250 0.439583 0.470313 0.439583
4 0.481250 0.425000 0.532813 0.425000 0.532813 0.495833 0.481250 0.495833
5 0.700000 0.435417 0.818750 0.435417 0.818750 0.583333 0.700000 0.583333
4 0.614063 0.491667 0.673438 0.491667 0.673438 0.570833 0.614063 0.570833
4 0.500000 0.506250 0.564062 0.506250 0.564062 0.593750 0.500000 0.593750
4 0.253125 0.547917 0.334375 0.547917 0.334375 0.650000 0.253125 0.650000
4 0.537500 0.697917 0.656250 0.697917 0.656250 0.879167 0.537500 0.879167