7 0.334375 0.262500 0.368750 0.262500 0.368750 0.318750 0.334375 0.318750
4 0.367188 0.283333 0.389062 0.283333 0.389062 0.318750 0.367188 0.318750
4 0.389062 0.283333 0.414062 0.283333 0.414062 0.318750 0.389062 0.318750
1 0.540625 0.293750 0.596875 0.293750 0.596875 0.347917 0.540625 0.347917
4 0.498438 0.310417 0.546875 0.310417 0.546875 0.368750 0.498438 0.368750
1 0.310937 0.327083 0.357812 0.327083 0.357812 0.393750 0.310937 0.393750
1 0.515625 0.318750 0.567187 0.318750 0.567187 0.404167 0.515625 0.404167
4 0.459375 0.352083 0.493750 0.352083 0.493750 0.379167 0.459375 0.379167
4 0.465625 0.372917 0.501563 0.372917 0.501563 0.395833 0.465625 0.395833
4 0.473438 0.383333 0.512500 0.383333 0.512500 0.410417 0.473438 0.410417
4 0.351562 0.368750 0.400000 0.368750 0.400000 0.445833 0.351562 0.445833
1 0.142188 0.341667 0.245312 0.341667 0.245312 0.497917 0.142188 0.497917
1 0.548438 0.345833 0.659375 0.345833 0.659375 0.525000 0.548438 0.525000
4 0.465625 0.402083 0.515625 0.402083 0.515625 0.477083 0.465625 0.477083
1 0.645313 0.350000 0.790625 0.350000 0.790625 0.531250 0.645313 0.531250
1 0.242188 0.395833 0.314063 0.395833 0.314063 0.506250 0.242188 0.506250
4 0.489063 0.433333 0.545312 0.433333 0.545312 0.493750 0.489063 0.493750
4 0.487500 0.464583 0.562500 0.464583 0.562500 0.550000 0.487500 0.550000
4 0.296875 0.472917 0.375000 0.472917 0.375000 0.566667 0.296875 0.566667
1 0.606250 0.429167 0.796875 0.429167 0.796875 0.733333 0.606250 0.733333
4 0.495312 0.522917 0.592187 0.522917 0.592187 0.654167 0.495312 0.654167
4 0.235937 0.606250 0.346875 0.606250 0.346875 0.764583 0.235937 0.764583
4 0.521875 0.641667 0.648438 0.641667 0.648438 0.779167 0.521875 0.779167
1 0.707812 0.508333 1.000000 0.508333 1.000000 1.000000 0.707812 1.000000
1 0.000000 0.581250 0.159375 0.581250 0.159375 0.964583 0.000000 0.964583
4 0.535937 0.772917 0.710938 0.772917 0.710938 1.000000 0.535937 1.000000