1 0.285938 0.306250 0.346875 0.306250 0.346875 0.408333 0.285938 0.408333
9 0.175000 0.329167 0.259375 0.329167 0.259375 0.443750 0.175000 0.443750
10 0.639062 0.391667 0.700000 0.391667 0.700000 0.487500 0.639062 0.487500
4 0.560937 0.408333 0.614063 0.408333 0.614063 0.477083 0.560937 0.477083
4 0.482813 0.456250 0.543750 0.456250 0.543750 0.547917 0.482813 0.547917
4 0.690625 0.470833 0.764062 0.470833 0.764062 0.577083 0.690625 0.577083
4 0.593750 0.485417 0.665625 0.485417 0.665625 0.579167 0.593750 0.579167
4 0.798438 0.491667 0.873437 0.491667 0.873437 0.583333 0.798438 0.583333
7 0.000000 0.510417 0.118750 0.510417 0.118750 0.654167 0.000000 0.654167
9 0.820312 0.518750 0.984375 0.518750 0.984375 0.775000 0.820312 0.775000
7 0.085937 0.593750 0.201562 0.593750 0.201562 0.737500 0.085937 0.737500
4 0.545313 0.627083 0.664062 0.627083 0.664062 0.791667 0.545313 0.791667
9 0.759375 0.639583 0.975000 0.639583 0.975000 1.000000 0.759375 1.000000