7 0.334375 0.310417 0.373437 0.310417 0.373437 0.360417 0.334375 0.360417
7 0.271875 0.304167 0.307812 0.304167 0.307812 0.368750 0.271875 0.368750
4 0.453125 0.333333 0.487500 0.333333 0.487500 0.370833 0.453125 0.370833
1 0.525000 0.310417 0.595313 0.310417 0.595313 0.441667 0.525000 0.441667
4 0.460938 0.360417 0.495313 0.360417 0.495313 0.402083 0.460938 0.402083
4 0.598437 0.375000 0.637500 0.375000 0.637500 0.429167 0.598437 0.429167
0 0.632812 0.352083 0.712500 0.352083 0.712500 0.468750 0.632812 0.468750
4 0.473438 0.402083 0.509375 0.402083 0.509375 0.454167 0.473438 0.454167
4 0.310937 0.435417 0.367188 0.435417 0.367188 0.510417 0.310937 0.510417
4 0.482812 0.450000 0.540625 0.450000 0.540625 0.522917 0.482812 0.522917
5 0.714062 0.443750 0.842187 0.443750 0.842187 0.591667 0.714062 0.591667
4 0.634375 0.537500 0.712500 0.537500 0.712500 0.633333 0.634375 0.633333
4 0.510937 0.543750 0.584375 0.543750 0.584375 0.635417 0.510937 0.635417
4 0.560937 0.791667 0.701562 0.791667 0.701562 1.000000 0.560937 1.000000