7 0.245313 0.325000 0.295313 0.325000 0.295313 0.391667 0.245313 0.391667
1 0.512500 0.320833 0.576562 0.320833 0.576562 0.422917 0.512500 0.422917
4 0.337500 0.370833 0.379688 0.370833 0.379688 0.420833 0.337500 0.420833
4 0.465625 0.372917 0.503125 0.372917 0.503125 0.420833 0.465625 0.420833
7 0.598438 0.370833 0.646875 0.370833 0.646875 0.433333 0.598438 0.433333
4 0.548438 0.410417 0.600000 0.410417 0.600000 0.472917 0.548438 0.472917
4 0.635937 0.416667 0.685937 0.416667 0.685937 0.483333 0.635937 0.483333
4 0.492188 0.445833 0.546875 0.445833 0.546875 0.516667 0.492188 0.516667
7 0.696875 0.439583 0.781250 0.439583 0.781250 0.568750 0.696875 0.568750
4 0.625000 0.518750 0.710938 0.518750 0.710938 0.631250 0.625000 0.631250
4 0.504687 0.535417 0.581250 0.535417 0.581250 0.629167 0.504687 0.629167
1 0.795313 0.429167 1.000000 0.429167 1.000000 0.750000 0.795313 0.750000
4 0.551563 0.691667 0.696875 0.691667 0.696875 0.910417 0.551563 0.910417
4 0.160938 0.725000 0.293750 0.725000 0.293750 0.879167 0.160938 0.879167