2 0.575000 0.322917 0.637500 0.322917 0.637500 0.416667 0.575000 0.416667
9 0.529687 0.337500 0.584375 0.337500 0.584375 0.437500 0.529687 0.437500
4 0.470313 0.377083 0.507812 0.377083 0.507812 0.422917 0.470313 0.422917
2 0.621875 0.358333 0.729688 0.358333 0.729688 0.520833 0.621875 0.520833
4 0.478125 0.412500 0.526562 0.412500 0.526562 0.483333 0.478125 0.483333
4 0.568750 0.425000 0.618750 0.425000 0.618750 0.487500 0.568750 0.487500
4 0.750000 0.452083 0.828125 0.452083 0.828125 0.533333 0.750000 0.533333
4 0.589063 0.456250 0.656250 0.456250 0.656250 0.547917 0.589063 0.547917
4 0.492188 0.464583 0.553125 0.464583 0.553125 0.543750 0.492188 0.543750
4 0.281250 0.485417 0.351562 0.485417 0.351562 0.581250 0.281250 0.581250
10 0.657812 0.493750 0.765625 0.493750 0.765625 0.697917 0.657812 0.697917
4 0.532813 0.539583 0.621875 0.539583 0.621875 0.670833 0.532813 0.670833
4 0.726562 0.700000 0.879687 0.700000 0.879687 0.893750 0.726562 0.893750