9 0.253125 0.333333 0.293750 0.333333 0.293750 0.381250 0.253125 0.381250
9 0.225000 0.347917 0.270313 0.347917 0.270313 0.412500 0.225000 0.412500
4 0.601562 0.387500 0.645312 0.387500 0.645312 0.443750 0.601562 0.443750
4 0.665625 0.389583 0.712500 0.389583 0.712500 0.445833 0.665625 0.445833
4 0.551562 0.387500 0.590625 0.387500 0.590625 0.452083 0.551562 0.452083
9 0.235937 0.383333 0.295312 0.383333 0.295312 0.477083 0.235937 0.477083
4 0.337500 0.418750 0.384375 0.418750 0.384375 0.475000 0.337500 0.475000
4 0.153125 0.416667 0.204687 0.416667 0.204687 0.493750 0.153125 0.493750
4 0.651563 0.427083 0.714063 0.427083 0.714063 0.497917 0.651563 0.497917
9 0.193750 0.414583 0.267188 0.414583 0.267188 0.547917 0.193750 0.547917
4 0.490625 0.479167 0.551563 0.479167 0.551563 0.570833 0.490625 0.570833
4 0.301563 0.495833 0.360937 0.495833 0.360937 0.568750 0.301563 0.568750
4 0.042188 0.550000 0.145313 0.550000 0.145313 0.666667 0.042188 0.666667
4 0.634375 0.560417 0.718750 0.560417 0.718750 0.666667 0.634375 0.666667
8 0.753125 0.510417 0.984375 0.510417 0.984375 0.747917 0.753125 0.747917
4 0.250000 0.579167 0.342187 0.579167 0.342187 0.685417 0.250000 0.685417
4 0.528125 0.612500 0.626563 0.612500 0.626563 0.750000 0.528125 0.750000
4 0.159375 0.733333 0.298438 0.733333 0.298438 0.904167 0.159375 0.904167
4 0.781250 0.750000 0.929688 0.750000 0.929688 0.925000 0.781250 0.925000