1 0.607812 0.350000 0.692188 0.350000 0.692188 0.445833 0.607812 0.445833
4 0.571875 0.410417 0.618750 0.410417 0.618750 0.487500 0.571875 0.487500
4 0.484375 0.427083 0.528125 0.427083 0.528125 0.481250 0.484375 0.481250
4 0.485938 0.447917 0.543750 0.447917 0.543750 0.531250 0.485938 0.531250
1 0.725000 0.397917 0.926563 0.397917 0.926563 0.583333 0.725000 0.583333
7 0.585938 0.441667 0.657812 0.441667 0.657812 0.568750 0.585938 0.568750
4 0.500000 0.487500 0.564062 0.487500 0.564062 0.550000 0.500000 0.550000
4 0.173438 0.481250 0.276562 0.481250 0.276562 0.595833 0.173438 0.595833
7 0.023438 0.460417 0.118750 0.460417 0.118750 0.618750 0.023438 0.618750
7 0.614063 0.443750 0.732812 0.443750 0.732812 0.643750 0.614063 0.643750
4 0.512500 0.520833 0.596875 0.520833 0.596875 0.635417 0.512500 0.635417
7 0.492187 0.550000 0.579687 0.550000 0.579687 0.708333 0.492187 0.708333
7 0.723438 0.587500 0.821875 0.587500 0.821875 0.752083 0.723438 0.752083
4 0.518750 0.662500 0.635938 0.662500 0.635938 0.839583 0.518750 0.839583
7 0.795313 0.575000 1.000000 0.575000 1.000000 0.958333 0.795313 0.958333
4 0.548437 0.785417 0.695312 0.785417 0.695312 1.000000 0.548437 1.000000