4 0.371875 0.333333 0.403125 0.333333 0.403125 0.375000 0.371875 0.375000
4 0.507812 0.339583 0.535937 0.339583 0.535937 0.383333 0.507812 0.383333
8 0.284375 0.316667 0.345312 0.316667 0.345312 0.408333 0.284375 0.408333
4 0.456250 0.341667 0.489063 0.341667 0.489063 0.389583 0.456250 0.389583
9 0.270313 0.350000 0.325000 0.350000 0.325000 0.439583 0.270313 0.439583
4 0.546875 0.387500 0.592188 0.387500 0.592188 0.450000 0.546875 0.450000
4 0.342188 0.391667 0.385937 0.391667 0.385937 0.447917 0.342188 0.447917
10 0.593750 0.406250 0.682813 0.406250 0.682813 0.570833 0.593750 0.570833
4 0.300000 0.454167 0.360937 0.454167 0.360937 0.535417 0.300000 0.535417
9 0.000000 0.495833 0.085938 0.495833 0.085938 0.660417 0.000000 0.660417
4 0.515625 0.554167 0.589063 0.554167 0.589063 0.662500 0.515625 0.662500
11 0.000000 0.483333 0.223438 0.483333 0.223438 0.887500 0.000000 0.887500