0 0.351562 0.275000 0.384375 0.275000 0.384375 0.329167 0.351562 0.329167
4 0.379688 0.318750 0.400000 0.318750 0.400000 0.356250 0.379688 0.356250
1 0.287500 0.329167 0.335938 0.329167 0.335938 0.402083 0.287500 0.402083
4 0.365625 0.347917 0.400000 0.347917 0.400000 0.397917 0.365625 0.397917
1 0.156250 0.356250 0.250000 0.356250 0.250000 0.477083 0.156250 0.477083
4 0.265625 0.395833 0.310937 0.395833 0.310937 0.452083 0.265625 0.452083
4 0.335938 0.400000 0.398438 0.400000 0.398438 0.458333 0.335938 0.458333
1 0.473438 0.445833 0.548438 0.445833 0.548438 0.529167 0.473438 0.529167
1 0.700000 0.414583 0.810937 0.414583 0.810937 0.562500 0.700000 0.562500
1 0.592188 0.443750 0.656250 0.443750 0.656250 0.577083 0.592188 0.577083
1 0.620313 0.452083 0.715625 0.452083 0.715625 0.641667 0.620313 0.641667
4 0.478125 0.514583 0.562500 0.514583 0.562500 0.618750 0.478125 0.618750
1 0.853125 0.485417 1.000000 0.485417 1.000000 0.689583 0.853125 0.689583
4 0.514062 0.558333 0.595313 0.558333 0.595313 0.668750 0.514062 0.668750
7 0.704688 0.556250 0.793750 0.556250 0.793750 0.714583 0.704688 0.714583
1 0.000000 0.487500 0.231250 0.487500 0.231250 0.797917 0.000000 0.797917
4 0.509375 0.633333 0.607812 0.633333 0.607812 0.779167 0.509375 0.779167
4 0.215625 0.637500 0.346875 0.637500 0.346875 0.812500 0.215625 0.812500
1 0.751562 0.545833 1.000000 0.545833 1.000000 1.000000 0.751562 1.000000
4 0.650000 0.739583 0.815625 0.739583 0.815625 0.995833 0.650000 0.995833
4 0.537500 0.870833 0.660938 0.870833 0.660938 1.000000 0.537500 1.000000