9 0.278125 0.302083 0.321875 0.302083 0.321875 0.350000 0.278125 0.350000
8 0.320312 0.293750 0.368750 0.293750 0.368750 0.364583 0.320312 0.364583
10 0.504687 0.306250 0.546875 0.306250 0.546875 0.379167 0.504687 0.379167
10 0.554688 0.322917 0.598437 0.322917 0.598437 0.393750 0.554688 0.393750
8 0.210937 0.322917 0.293750 0.322917 0.293750 0.408333 0.210937 0.408333
4 0.348438 0.362500 0.387500 0.362500 0.387500 0.410417 0.348438 0.410417
2 0.260937 0.339583 0.331250 0.339583 0.331250 0.454167 0.260937 0.454167
10 0.176563 0.366667 0.239063 0.366667 0.239063 0.458333 0.176563 0.458333
10 0.310938 0.431250 0.371875 0.431250 0.371875 0.506250 0.310938 0.506250
4 0.573437 0.437500 0.631250 0.437500 0.631250 0.514583 0.573437 0.514583
4 0.507812 0.443750 0.564062 0.443750 0.564062 0.533333 0.507812 0.533333
4 0.060937 0.583333 0.175000 0.583333 0.175000 0.735417 0.060937 0.735417