4 0.382812 0.285417 0.414062 0.285417 0.414062 0.327083 0.382812 0.327083
4 0.375000 0.316667 0.404687 0.316667 0.404687 0.362500 0.375000 0.362500
4 0.467187 0.339583 0.492188 0.339583 0.492188 0.381250 0.467187 0.381250
7 0.535938 0.347917 0.579688 0.347917 0.579688 0.425000 0.535938 0.425000
4 0.470313 0.385417 0.507812 0.385417 0.507812 0.422917 0.470313 0.422917
4 0.331250 0.375000 0.404688 0.375000 0.404688 0.466667 0.331250 0.466667
4 0.475000 0.427083 0.515625 0.427083 0.515625 0.483333 0.475000 0.483333
4 0.496875 0.464583 0.550000 0.464583 0.550000 0.552083 0.496875 0.552083
7 0.159375 0.427083 0.295312 0.427083 0.295312 0.627083 0.159375 0.627083
1 0.589062 0.406250 0.775000 0.406250 0.775000 0.683333 0.589062 0.683333
4 0.829687 0.575000 0.945312 0.575000 0.945312 0.722917 0.829687 0.722917
4 0.584375 0.708333 0.701562 0.708333 0.701562 0.902083 0.584375 0.902083