9 0.528125 0.337500 0.576562 0.337500 0.576562 0.429167 0.528125 0.429167
4 0.468750 0.377083 0.510938 0.377083 0.510938 0.433333 0.468750 0.433333
11 0.593750 0.368750 0.682813 0.368750 0.682813 0.464583 0.593750 0.464583
4 0.492187 0.397917 0.532812 0.397917 0.532812 0.447917 0.492187 0.447917
7 0.226562 0.391667 0.293750 0.391667 0.293750 0.495833 0.226562 0.495833
4 0.718750 0.431250 0.784375 0.431250 0.784375 0.508333 0.718750 0.508333
3 0.478125 0.414583 0.542187 0.414583 0.542187 0.527083 0.478125 0.527083
4 0.121875 0.456250 0.181250 0.456250 0.181250 0.522917 0.121875 0.522917
4 0.793750 0.481250 0.875000 0.481250 0.875000 0.570833 0.793750 0.570833
9 0.600000 0.462500 0.714062 0.462500 0.714062 0.629167 0.600000 0.629167
4 0.506250 0.512500 0.589062 0.512500 0.589062 0.633333 0.506250 0.633333
9 0.731250 0.516667 0.839063 0.516667 0.839063 0.645833 0.731250 0.645833
10 0.882812 0.620833 1.000000 0.620833 1.000000 0.816667 0.882812 0.816667
4 0.710938 0.643750 0.840625 0.643750 0.840625 0.822917 0.710938 0.822917
4 0.543750 0.695833 0.685937 0.695833 0.685937 0.918750 0.543750 0.918750