4 0.362500 0.345833 0.398438 0.345833 0.398438 0.402083 0.362500 0.402083
10 0.587500 0.347917 0.626563 0.347917 0.626563 0.416667 0.587500 0.416667
4 0.298438 0.372917 0.335938 0.372917 0.335938 0.420833 0.298438 0.420833
4 0.476562 0.375000 0.517188 0.375000 0.517188 0.433333 0.476562 0.433333
4 0.339063 0.420833 0.382812 0.420833 0.382812 0.472917 0.339063 0.472917
1 0.090625 0.350000 0.237500 0.350000 0.237500 0.547917 0.090625 0.547917
4 0.242188 0.433333 0.298438 0.433333 0.298438 0.506250 0.242188 0.506250
4 0.579688 0.468750 0.642188 0.468750 0.642188 0.556250 0.579688 0.556250
4 0.303125 0.485417 0.371875 0.485417 0.371875 0.570833 0.303125 0.570833
9 0.646875 0.458333 0.775000 0.458333 0.775000 0.697917 0.646875 0.697917
10 0.800000 0.533333 0.909375 0.533333 0.909375 0.672917 0.800000 0.672917
3 0.514062 0.552083 0.606250 0.552083 0.606250 0.708333 0.514062 0.708333
1 0.000000 0.522917 0.192188 0.522917 0.192188 0.829167 0.000000 0.829167
9 0.740625 0.610417 0.892188 0.610417 0.892188 0.845833 0.740625 0.845833
4 0.189063 0.672917 0.307812 0.672917 0.307812 0.841667 0.189063 0.841667