9 0.246875 0.331250 0.285938 0.331250 0.285938 0.389583 0.246875 0.389583
4 0.375000 0.347917 0.403125 0.347917 0.403125 0.387500 0.375000 0.387500
9 0.218750 0.350000 0.267188 0.350000 0.267188 0.418750 0.218750 0.418750
4 0.657813 0.381250 0.700000 0.381250 0.700000 0.425000 0.657813 0.425000
4 0.598438 0.383333 0.639062 0.383333 0.639062 0.433333 0.598438 0.433333
4 0.548438 0.381250 0.589062 0.381250 0.589062 0.445833 0.548438 0.445833
9 0.235937 0.383333 0.295312 0.383333 0.295312 0.477083 0.235937 0.477083
4 0.646875 0.420833 0.707813 0.420833 0.707813 0.489583 0.646875 0.489583
4 0.332813 0.427083 0.379688 0.427083 0.379688 0.487500 0.332813 0.487500
4 0.140625 0.425000 0.195312 0.425000 0.195312 0.502083 0.140625 0.502083
9 0.179688 0.422917 0.259375 0.422917 0.259375 0.562500 0.179688 0.562500
4 0.489063 0.468750 0.548438 0.468750 0.548438 0.552083 0.489063 0.552083
4 0.293750 0.516667 0.356250 0.516667 0.356250 0.589583 0.293750 0.589583
4 0.626563 0.543750 0.706250 0.543750 0.706250 0.643750 0.626563 0.643750
8 0.742188 0.510417 0.957812 0.510417 0.957812 0.725000 0.742188 0.725000
4 0.014062 0.570833 0.121875 0.570833 0.121875 0.691667 0.014062 0.691667
4 0.526562 0.593750 0.615625 0.593750 0.615625 0.716667 0.526562 0.716667
4 0.232813 0.610417 0.332813 0.610417 0.332813 0.722917 0.232813 0.722917
4 0.760937 0.720833 0.900000 0.720833 0.900000 0.881250 0.760937 0.881250
4 0.118750 0.802083 0.282813 0.802083 0.282813 1.000000 0.118750 1.000000