9 0.515625 0.325000 0.554688 0.325000 0.554688 0.391667 0.515625 0.391667
4 0.460938 0.356250 0.493750 0.356250 0.493750 0.402083 0.460938 0.402083
11 0.576563 0.345833 0.648438 0.345833 0.648438 0.425000 0.576563 0.425000
4 0.485938 0.372917 0.520313 0.372917 0.520313 0.408333 0.485938 0.408333
4 0.656250 0.381250 0.704687 0.381250 0.704687 0.439583 0.656250 0.439583
3 0.471875 0.383333 0.517188 0.383333 0.517188 0.475000 0.471875 0.475000
4 0.696875 0.410417 0.750000 0.410417 0.750000 0.466667 0.696875 0.466667
9 0.565625 0.410417 0.643750 0.410417 0.643750 0.529167 0.565625 0.529167
4 0.485938 0.454167 0.553125 0.454167 0.553125 0.543750 0.485938 0.543750
9 0.679688 0.445833 0.765625 0.445833 0.765625 0.564583 0.679688 0.564583
4 0.634375 0.535417 0.718750 0.535417 0.718750 0.647917 0.634375 0.647917
10 0.782813 0.531250 0.887500 0.531250 0.887500 0.660417 0.782813 0.660417
4 0.507812 0.560417 0.603125 0.560417 0.603125 0.691667 0.507812 0.691667
7 0.020313 0.560417 0.187500 0.560417 0.187500 0.800000 0.020313 0.800000