1 0.340625 0.258333 0.385937 0.258333 0.385937 0.325000 0.340625 0.325000
7 0.304688 0.310417 0.359375 0.310417 0.359375 0.387500 0.304688 0.387500
7 0.356250 0.316667 0.410938 0.316667 0.410938 0.402083 0.356250 0.402083
1 0.634375 0.343750 0.740625 0.343750 0.740625 0.454167 0.634375 0.454167
4 0.503125 0.375000 0.554688 0.375000 0.554688 0.447917 0.503125 0.447917
7 0.556250 0.360417 0.625000 0.360417 0.625000 0.464583 0.556250 0.464583
4 0.310937 0.412500 0.375000 0.412500 0.375000 0.495833 0.310937 0.495833
4 0.737500 0.416667 0.812500 0.416667 0.812500 0.510417 0.737500 0.510417
4 0.606250 0.437500 0.654687 0.437500 0.654687 0.545833 0.606250 0.545833
4 0.478125 0.466667 0.550000 0.466667 0.550000 0.560417 0.478125 0.560417
7 0.632812 0.420833 0.759375 0.420833 0.759375 0.616667 0.632812 0.616667
4 0.501563 0.537500 0.595313 0.537500 0.595313 0.645833 0.501563 0.645833
4 0.235938 0.533333 0.360938 0.533333 0.360938 0.693750 0.235938 0.693750
4 0.882812 0.547917 0.993750 0.547917 0.993750 0.689583 0.882812 0.689583
4 0.523438 0.614583 0.634375 0.614583 0.634375 0.785417 0.523438 0.785417
1 0.682813 0.491667 0.996875 0.491667 0.996875 0.979167 0.682813 0.979167
1 0.003125 0.575000 0.100000 0.575000 0.100000 1.000000 0.003125 1.000000
4 0.543750 0.816667 0.712500 0.816667 0.712500 1.000000 0.543750 1.000000