0 0.445312 0.297917 0.489062 0.297917 0.489062 0.362500 0.445312 0.362500
0 0.500000 0.295833 0.551562 0.295833 0.551562 0.377083 0.500000 0.377083
4 0.456250 0.343750 0.482813 0.343750 0.482813 0.375000 0.456250 0.375000
7 0.589063 0.333333 0.651563 0.333333 0.651563 0.433333 0.589063 0.433333
0 0.531250 0.335417 0.598437 0.335417 0.598437 0.443750 0.531250 0.443750
4 0.464062 0.372917 0.496875 0.372917 0.496875 0.416667 0.464062 0.416667
4 0.532813 0.391667 0.573437 0.391667 0.573437 0.435417 0.532813 0.435417
4 0.623437 0.393750 0.668750 0.393750 0.668750 0.454167 0.623437 0.454167
4 0.473437 0.391667 0.515625 0.391667 0.515625 0.468750 0.473437 0.468750
4 0.485938 0.439583 0.532813 0.439583 0.532813 0.477083 0.485938 0.477083
8 0.673437 0.372917 0.812500 0.372917 0.812500 0.570833 0.673437 0.570833
4 0.573437 0.452083 0.642188 0.452083 0.642188 0.535417 0.573437 0.535417
4 0.223438 0.456250 0.284375 0.456250 0.284375 0.535417 0.223438 0.535417
4 0.489062 0.475000 0.546875 0.475000 0.546875 0.558333 0.489062 0.558333
4 0.803125 0.475000 0.871875 0.475000 0.871875 0.566667 0.803125 0.566667
4 0.623437 0.537500 0.712500 0.537500 0.712500 0.658333 0.623437 0.658333
4 0.504688 0.550000 0.587500 0.550000 0.587500 0.672917 0.504688 0.672917
4 0.218750 0.602083 0.320312 0.602083 0.320312 0.731250 0.218750 0.731250
7 0.000000 0.597917 0.129688 0.597917 0.129688 0.783333 0.000000 0.783333
0 0.787500 0.631250 1.000000 0.631250 1.000000 1.000000 0.787500 1.000000