0 0.362500 0.262500 0.398438 0.262500 0.398438 0.320833 0.362500 0.320833
7 0.303125 0.312500 0.353125 0.312500 0.353125 0.350000 0.303125 0.350000
4 0.364063 0.339583 0.409375 0.339583 0.409375 0.383333 0.364063 0.383333
1 0.225000 0.325000 0.293750 0.325000 0.293750 0.410417 0.225000 0.410417
4 0.307813 0.354167 0.343750 0.354167 0.343750 0.383333 0.307813 0.383333
4 0.334375 0.391667 0.385937 0.391667 0.385937 0.470833 0.334375 0.470833
1 0.229687 0.364583 0.329687 0.364583 0.329687 0.508333 0.229687 0.508333
7 0.642188 0.406250 0.728125 0.406250 0.728125 0.508333 0.642188 0.508333
7 0.471875 0.450000 0.542188 0.450000 0.542188 0.556250 0.471875 0.556250
1 0.729688 0.437500 0.859375 0.437500 0.859375 0.577083 0.729688 0.577083
7 0.581250 0.437500 0.653125 0.437500 0.653125 0.585417 0.581250 0.585417
7 0.875000 0.433333 0.939062 0.433333 0.939062 0.614583 0.875000 0.614583
4 0.840625 0.489583 0.906250 0.489583 0.906250 0.583333 0.840625 0.583333
7 0.621875 0.456250 0.715625 0.456250 0.715625 0.650000 0.621875 0.650000
4 0.492188 0.510417 0.550000 0.510417 0.550000 0.627083 0.492188 0.627083
1 0.910937 0.502083 1.000000 0.502083 1.000000 0.693750 0.910937 0.693750
4 0.509375 0.558333 0.592187 0.558333 0.592187 0.647917 0.509375 0.647917
7 0.010938 0.520833 0.154687 0.520833 0.154687 0.750000 0.010938 0.750000
7 0.706250 0.562500 0.792188 0.562500 0.792188 0.722917 0.706250 0.722917
4 0.210937 0.600000 0.332812 0.600000 0.332812 0.747917 0.210937 0.747917
4 0.510938 0.643750 0.621875 0.643750 0.621875 0.818750 0.510938 0.818750
1 0.754687 0.537500 0.964063 0.537500 0.964063 0.939583 0.754687 0.939583
1 0.850000 0.689583 1.000000 0.689583 1.000000 1.000000 0.850000 1.000000
4 0.632812 0.727083 0.831250 0.727083 0.831250 1.000000 0.632812 1.000000