4 0.454688 0.362500 0.498437 0.362500 0.498437 0.414583 0.454688 0.414583
4 0.346875 0.372917 0.379688 0.372917 0.379688 0.431250 0.346875 0.431250
4 0.462500 0.397917 0.517188 0.397917 0.517188 0.450000 0.462500 0.450000
1 0.570312 0.375000 0.637500 0.375000 0.637500 0.472917 0.570312 0.472917
1 0.653125 0.358333 0.789062 0.358333 0.789062 0.508333 0.653125 0.508333
4 0.507812 0.397917 0.578125 0.397917 0.578125 0.477083 0.507812 0.477083
4 0.314063 0.427083 0.373437 0.427083 0.373437 0.497917 0.314063 0.497917
4 0.475000 0.437500 0.528125 0.437500 0.528125 0.522917 0.475000 0.522917
7 0.623437 0.460417 0.678125 0.460417 0.678125 0.570833 0.623437 0.570833
4 0.828125 0.495833 0.928125 0.495833 0.928125 0.577083 0.828125 0.577083
4 0.490625 0.489583 0.556250 0.489583 0.556250 0.597917 0.490625 0.597917
1 0.654688 0.441667 0.789062 0.441667 0.789062 0.660417 0.654688 0.660417
1 0.078125 0.431250 0.232812 0.431250 0.232812 0.679167 0.078125 0.679167
4 0.515625 0.556250 0.607813 0.556250 0.607813 0.695833 0.515625 0.695833
4 0.525000 0.662500 0.654687 0.662500 0.654687 0.854167 0.525000 0.854167
1 0.764063 0.587500 1.000000 0.587500 1.000000 1.000000 0.764063 1.000000