9 0.234375 0.325000 0.290625 0.325000 0.290625 0.395833 0.234375 0.395833
11 0.289062 0.312500 0.354688 0.312500 0.354688 0.408333 0.289062 0.408333
4 0.518750 0.360417 0.553125 0.360417 0.553125 0.406250 0.518750 0.406250
11 0.159375 0.358333 0.257812 0.358333 0.257812 0.452083 0.159375 0.452083
4 0.346875 0.372917 0.393750 0.372917 0.393750 0.437500 0.346875 0.437500
4 0.479687 0.377083 0.518750 0.377083 0.518750 0.435417 0.479687 0.435417
2 0.165625 0.400000 0.289062 0.400000 0.289062 0.572917 0.165625 0.572917
4 0.306250 0.452083 0.362500 0.452083 0.362500 0.527083 0.306250 0.527083
10 0.050000 0.433333 0.153125 0.433333 0.153125 0.577083 0.050000 0.577083
4 0.651562 0.662500 0.775000 0.662500 0.775000 0.856250 0.651562 0.856250
10 0.154688 0.687500 0.300000 0.687500 0.300000 0.872917 0.154688 0.872917