1 0.367188 0.266667 0.392188 0.266667 0.392188 0.306250 0.367188 0.306250
6 0.398438 0.279167 0.420312 0.279167 0.420312 0.308333 0.398438 0.308333
7 0.329687 0.281250 0.354687 0.281250 0.354687 0.316667 0.329687 0.316667
4 0.392187 0.293750 0.410938 0.293750 0.410938 0.316667 0.392187 0.316667
4 0.381250 0.306250 0.407813 0.306250 0.407813 0.341667 0.381250 0.341667
1 0.262500 0.295833 0.315625 0.295833 0.315625 0.377083 0.262500 0.377083
7 0.360938 0.335417 0.392188 0.335417 0.392188 0.381250 0.360938 0.381250
4 0.464062 0.352083 0.498438 0.352083 0.498438 0.408333 0.464062 0.408333
7 0.529687 0.343750 0.576562 0.343750 0.576562 0.431250 0.529687 0.431250
7 0.271875 0.350000 0.328125 0.350000 0.328125 0.431250 0.271875 0.431250
7 0.142188 0.368750 0.229687 0.368750 0.229687 0.477083 0.142188 0.477083
1 0.632812 0.331250 0.745313 0.331250 0.745313 0.514583 0.632812 0.514583
4 0.554688 0.397917 0.587500 0.397917 0.587500 0.450000 0.554688 0.450000
4 0.468750 0.393750 0.504687 0.393750 0.504687 0.460417 0.468750 0.460417
4 0.573438 0.414583 0.617188 0.414583 0.617188 0.481250 0.573438 0.481250
4 0.331250 0.420833 0.385937 0.420833 0.385937 0.479167 0.331250 0.479167
4 0.482812 0.431250 0.521875 0.431250 0.521875 0.493750 0.482812 0.493750
4 0.487500 0.454167 0.546875 0.454167 0.546875 0.535417 0.487500 0.535417
7 0.696875 0.422917 0.800000 0.422917 0.800000 0.581250 0.696875 0.581250
7 0.589063 0.441667 0.656250 0.441667 0.656250 0.577083 0.589063 0.577083
4 0.498438 0.491667 0.562500 0.491667 0.562500 0.577083 0.498438 0.577083
7 0.614062 0.447917 0.721875 0.447917 0.721875 0.650000 0.614062 0.650000
4 0.842187 0.516667 0.910938 0.516667 0.910938 0.589583 0.842187 0.589583
4 0.284375 0.510417 0.356250 0.510417 0.356250 0.608333 0.284375 0.608333
4 0.523438 0.525000 0.593750 0.525000 0.593750 0.629167 0.523438 0.629167
7 0.495312 0.543750 0.576562 0.543750 0.576562 0.702083 0.495312 0.702083
7 0.715625 0.570833 0.814063 0.570833 0.814063 0.731250 0.715625 0.731250
1 0.748437 0.539583 0.978125 0.539583 0.978125 0.929167 0.748437 0.929167
4 0.523438 0.654167 0.623438 0.654167 0.623438 0.829167 0.523438 0.829167
4 0.545312 0.758333 0.681250 0.758333 0.681250 0.964583 0.545312 0.964583
4 0.096875 0.866667 0.254688 0.866667 0.254688 1.000000 0.096875 1.000000
4 0.567187 0.902083 0.718750 0.902083 0.718750 1.000000 0.567187 1.000000