5 0.198437 0.327083 0.275000 0.327083 0.275000 0.402083 0.198437 0.402083
4 0.314063 0.352083 0.343750 0.352083 0.343750 0.397917 0.314063 0.397917
4 0.546875 0.379167 0.585938 0.379167 0.585938 0.431250 0.546875 0.431250
4 0.346875 0.408333 0.390625 0.408333 0.390625 0.460417 0.346875 0.460417
4 0.478125 0.406250 0.523438 0.406250 0.523438 0.470833 0.478125 0.470833
5 0.159375 0.364583 0.287500 0.364583 0.287500 0.547917 0.159375 0.547917
9 0.646875 0.414583 0.720313 0.414583 0.720313 0.525000 0.646875 0.525000
4 0.567187 0.447917 0.620313 0.447917 0.620313 0.512500 0.567187 0.512500
1 0.042188 0.402083 0.165625 0.402083 0.165625 0.560417 0.042188 0.560417
4 0.503125 0.468750 0.559375 0.468750 0.559375 0.552083 0.503125 0.552083
9 0.606250 0.470833 0.704688 0.470833 0.704688 0.610417 0.606250 0.610417
4 0.523438 0.622917 0.632812 0.622917 0.632812 0.785417 0.523438 0.785417
5 0.000000 0.497917 0.176563 0.497917 0.176563 0.914583 0.000000 0.914583