5 0.209375 0.325000 0.282813 0.325000 0.282813 0.393750 0.209375 0.393750
4 0.356250 0.379167 0.395313 0.379167 0.395313 0.425000 0.356250 0.425000
4 0.554688 0.391667 0.598437 0.391667 0.598437 0.447917 0.554688 0.447917
1 0.115625 0.377083 0.203125 0.377083 0.203125 0.489583 0.115625 0.489583
5 0.190625 0.352083 0.303125 0.352083 0.303125 0.516667 0.190625 0.516667
4 0.482813 0.420833 0.531250 0.420833 0.531250 0.489583 0.482813 0.489583
9 0.665625 0.435417 0.748437 0.435417 0.748437 0.556250 0.665625 0.556250
4 0.579688 0.472917 0.642188 0.472917 0.642188 0.550000 0.579688 0.550000
4 0.509375 0.491667 0.571875 0.491667 0.571875 0.591667 0.509375 0.591667
9 0.631250 0.514583 0.745312 0.514583 0.745312 0.672917 0.631250 0.672917
5 0.000000 0.445833 0.217188 0.445833 0.217188 0.770833 0.000000 0.770833
4 0.539062 0.697917 0.678125 0.697917 0.678125 0.916667 0.539062 0.916667
4 0.120313 0.877083 0.282813 0.877083 0.282813 1.000000 0.120313 1.000000