9 0.278125 0.302083 0.321875 0.302083 0.321875 0.350000 0.278125 0.350000
8 0.320312 0.293750 0.368750 0.293750 0.368750 0.364583 0.320312 0.364583
10 0.504687 0.310417 0.546875 0.310417 0.546875 0.385417 0.504687 0.385417
8 0.210937 0.322917 0.293750 0.322917 0.293750 0.408333 0.210937 0.408333
10 0.560937 0.331250 0.604687 0.331250 0.604687 0.402083 0.560937 0.402083
4 0.353125 0.360417 0.385937 0.360417 0.385937 0.404167 0.353125 0.404167
2 0.268750 0.337500 0.335938 0.337500 0.335938 0.439583 0.268750 0.439583
10 0.187500 0.368750 0.239063 0.368750 0.239063 0.452083 0.187500 0.452083
10 0.314063 0.425000 0.375000 0.425000 0.375000 0.500000 0.314063 0.500000
4 0.582812 0.450000 0.648438 0.450000 0.648438 0.537500 0.582812 0.537500
4 0.071875 0.579167 0.185938 0.579167 0.185938 0.710417 0.071875 0.710417
4 0.225000 0.654167 0.325000 0.654167 0.325000 0.791667 0.225000 0.791667