9 0.525000 0.325000 0.576562 0.325000 0.576562 0.412500 0.525000 0.412500
9 0.289062 0.341667 0.334375 0.341667 0.334375 0.414583 0.289062 0.414583
4 0.348438 0.379167 0.392187 0.379167 0.392187 0.422917 0.348438 0.422917
4 0.470312 0.383333 0.504687 0.383333 0.504687 0.425000 0.470312 0.425000
1 0.129688 0.335417 0.248437 0.335417 0.248437 0.502083 0.129688 0.502083
8 0.648438 0.350000 0.743750 0.350000 0.743750 0.520833 0.648438 0.520833
4 0.251562 0.416667 0.300000 0.416667 0.300000 0.472917 0.251562 0.472917
4 0.473438 0.416667 0.525000 0.416667 0.525000 0.491667 0.473438 0.491667
4 0.325000 0.425000 0.371875 0.425000 0.371875 0.491667 0.325000 0.491667
11 0.560937 0.366667 0.696875 0.366667 0.696875 0.572917 0.560937 0.572917
4 0.496875 0.483333 0.560937 0.483333 0.560937 0.579167 0.496875 0.579167
7 0.132812 0.497917 0.223438 0.497917 0.223438 0.602083 0.132812 0.602083
6 0.195312 0.637500 0.328125 0.637500 0.328125 0.831250 0.195312 0.831250
4 0.023438 0.689583 0.137500 0.689583 0.137500 0.804167 0.023438 0.804167