7 0.289062 0.293750 0.321875 0.293750 0.321875 0.345833 0.289062 0.345833
1 0.331250 0.277083 0.384375 0.277083 0.384375 0.360417 0.331250 0.360417
0 0.368750 0.333333 0.375000 0.333333 0.375000 0.337500 0.368750 0.337500
0 0.303125 0.360417 0.346875 0.360417 0.346875 0.404167 0.303125 0.404167
4 0.537500 0.393750 0.585938 0.393750 0.585938 0.462500 0.537500 0.462500
4 0.464062 0.418750 0.528125 0.418750 0.528125 0.481250 0.464062 0.481250
1 0.565625 0.402083 0.629687 0.402083 0.629687 0.508333 0.565625 0.508333
1 0.590625 0.418750 0.678125 0.418750 0.678125 0.568750 0.590625 0.568750
1 0.715625 0.400000 0.925000 0.400000 0.925000 0.600000 0.715625 0.600000
4 0.471875 0.466667 0.520312 0.466667 0.520312 0.545833 0.471875 0.545833
4 0.485938 0.510417 0.576562 0.510417 0.576562 0.618750 0.485938 0.618750
0 0.040625 0.452083 0.242188 0.452083 0.242188 0.735417 0.040625 0.735417
7 0.696875 0.552083 0.787500 0.552083 0.787500 0.683333 0.696875 0.683333
4 0.504687 0.566667 0.581250 0.566667 0.581250 0.708333 0.504687 0.708333
4 0.600000 0.587500 0.714062 0.587500 0.714062 0.754167 0.600000 0.754167
1 0.729687 0.520833 0.920312 0.520833 0.920312 0.887500 0.729687 0.887500
1 0.817187 0.647917 1.000000 0.647917 1.000000 1.000000 0.817187 1.000000
4 0.135937 0.768750 0.284375 0.768750 0.284375 0.964583 0.135937 0.964583
4 0.529687 0.758333 0.668750 0.758333 0.668750 1.000000 0.529687 1.000000