4 0.390625 0.291667 0.412500 0.291667 0.412500 0.316667 0.390625 0.316667
7 0.317188 0.279167 0.348438 0.279167 0.348438 0.329167 0.317188 0.329167
1 0.543750 0.277083 0.601562 0.277083 0.601562 0.343750 0.543750 0.343750
4 0.348437 0.295833 0.382812 0.295833 0.382812 0.337500 0.348437 0.337500
5 0.489063 0.306250 0.542188 0.306250 0.542188 0.372917 0.489063 0.372917
4 0.457812 0.327083 0.492188 0.327083 0.492188 0.358333 0.457812 0.358333
4 0.360938 0.339583 0.400000 0.339583 0.400000 0.387500 0.360938 0.387500
4 0.456250 0.350000 0.490625 0.350000 0.490625 0.387500 0.456250 0.387500
4 0.462500 0.370833 0.503125 0.370833 0.503125 0.427083 0.462500 0.427083
1 0.531250 0.318750 0.625000 0.318750 0.625000 0.481250 0.531250 0.481250
4 0.606250 0.389583 0.654687 0.389583 0.654687 0.460417 0.606250 0.460417
0 0.650000 0.358333 0.760937 0.358333 0.760937 0.539583 0.650000 0.539583
4 0.478125 0.433333 0.528125 0.433333 0.528125 0.502083 0.478125 0.502083
4 0.496875 0.508333 0.578125 0.508333 0.578125 0.616667 0.496875 0.616667
5 0.759375 0.493750 0.960938 0.493750 0.960938 0.712500 0.759375 0.712500
4 0.168750 0.660417 0.304688 0.660417 0.304688 0.810417 0.168750 0.810417
4 0.539062 0.658333 0.662500 0.658333 0.662500 0.847917 0.539062 0.847917
4 0.771875 0.731250 0.937500 0.731250 0.937500 0.929167 0.771875 0.929167