7 0.335938 0.258333 0.370313 0.258333 0.370313 0.314583 0.335938 0.314583
4 0.393750 0.295833 0.414062 0.295833 0.414062 0.322917 0.393750 0.322917
0 0.582812 0.306250 0.635938 0.306250 0.635938 0.381250 0.582812 0.381250
7 0.510938 0.314583 0.543750 0.314583 0.543750 0.377083 0.510938 0.377083
7 0.584375 0.333333 0.634375 0.333333 0.634375 0.404167 0.584375 0.404167
4 0.465625 0.366667 0.498438 0.366667 0.498438 0.406250 0.465625 0.406250
1 0.535938 0.347917 0.615625 0.347917 0.615625 0.456250 0.535938 0.456250
0 0.476562 0.389583 0.520312 0.389583 0.520312 0.460417 0.476562 0.460417
4 0.487500 0.427083 0.543750 0.427083 0.543750 0.506250 0.487500 0.506250
4 0.296875 0.456250 0.362500 0.456250 0.362500 0.539583 0.296875 0.539583
4 0.504688 0.522917 0.576562 0.522917 0.576562 0.639583 0.504688 0.639583
4 0.856250 0.583333 0.968750 0.583333 0.968750 0.718750 0.856250 0.718750
1 0.706250 0.583333 0.900000 0.583333 0.900000 0.920833 0.706250 0.920833
4 0.559375 0.731250 0.703125 0.731250 0.703125 0.972917 0.559375 0.972917