7 0.298437 0.289583 0.332813 0.289583 0.332813 0.345833 0.298437 0.345833
4 0.367188 0.335417 0.393750 0.335417 0.393750 0.375000 0.367188 0.375000
4 0.576562 0.308333 0.646875 0.308333 0.646875 0.418750 0.576562 0.418750
7 0.526563 0.341667 0.578125 0.341667 0.578125 0.433333 0.526563 0.433333
1 0.242188 0.329167 0.326562 0.329167 0.326562 0.470833 0.242188 0.470833
4 0.475000 0.377083 0.512500 0.377083 0.512500 0.427083 0.475000 0.427083
4 0.345312 0.391667 0.387500 0.391667 0.387500 0.456250 0.345312 0.456250
4 0.554688 0.397917 0.589063 0.397917 0.589063 0.450000 0.554688 0.450000
4 0.571875 0.414583 0.617188 0.414583 0.617188 0.489583 0.571875 0.489583
1 0.660937 0.345833 0.793750 0.345833 0.793750 0.575000 0.660937 0.575000
4 0.481250 0.431250 0.528125 0.431250 0.528125 0.497917 0.481250 0.497917
4 0.485937 0.456250 0.546875 0.456250 0.546875 0.539583 0.485937 0.539583
4 0.304688 0.464583 0.370313 0.464583 0.370313 0.550000 0.304688 0.550000
7 0.587500 0.445833 0.659375 0.445833 0.659375 0.577083 0.587500 0.577083
4 0.503125 0.487500 0.560937 0.487500 0.560937 0.575000 0.503125 0.575000
7 0.615625 0.439583 0.725000 0.439583 0.725000 0.647917 0.615625 0.647917
7 0.767188 0.468750 0.907813 0.468750 0.907813 0.685417 0.767188 0.685417
7 0.493750 0.552083 0.582813 0.552083 0.582813 0.718750 0.493750 0.718750
4 0.526562 0.654167 0.634375 0.654167 0.634375 0.825000 0.526562 0.825000
1 0.745312 0.539583 0.970313 0.539583 0.970313 0.968750 0.745312 0.968750
4 0.542188 0.752083 0.684375 0.752083 0.684375 0.975000 0.542188 0.975000
4 0.567188 0.897917 0.717187 0.897917 0.717187 1.000000 0.567188 1.000000