5 0.242187 0.306250 0.301562 0.306250 0.301562 0.370833 0.242187 0.370833
4 0.373438 0.350000 0.401562 0.350000 0.401562 0.385417 0.373438 0.385417
1 0.165625 0.352083 0.237500 0.352083 0.237500 0.435417 0.165625 0.435417
5 0.231250 0.333333 0.320312 0.333333 0.320312 0.460417 0.231250 0.460417
4 0.545312 0.385417 0.584375 0.385417 0.584375 0.435417 0.545312 0.435417
4 0.567187 0.416667 0.617188 0.416667 0.617188 0.481250 0.567187 0.481250
4 0.489063 0.458333 0.545312 0.458333 0.545312 0.537500 0.489063 0.537500
5 0.104687 0.395833 0.260937 0.395833 0.260937 0.612500 0.104687 0.612500
9 0.709375 0.470833 0.810937 0.470833 0.810937 0.612500 0.709375 0.612500
7 0.003125 0.489583 0.109375 0.489583 0.109375 0.614583 0.003125 0.614583
4 0.610938 0.525000 0.684375 0.525000 0.684375 0.616667 0.610938 0.616667
4 0.523438 0.552083 0.603125 0.552083 0.603125 0.675000 0.523438 0.675000
4 0.264063 0.568750 0.348438 0.568750 0.348438 0.687500 0.264063 0.687500
9 0.684375 0.589583 0.842187 0.589583 0.842187 0.791667 0.684375 0.791667