1 0.590625 0.314583 0.665625 0.314583 0.665625 0.437500 0.590625 0.437500
1 0.526563 0.325000 0.598437 0.325000 0.598437 0.441667 0.526563 0.441667
4 0.356250 0.364583 0.390625 0.364583 0.390625 0.406250 0.356250 0.406250
7 0.285938 0.360417 0.334375 0.360417 0.334375 0.420833 0.285938 0.420833
0 0.465625 0.345833 0.542188 0.345833 0.542188 0.483333 0.465625 0.483333
1 0.154687 0.366667 0.242188 0.366667 0.242188 0.485417 0.154687 0.485417
4 0.690625 0.402083 0.740625 0.402083 0.740625 0.460417 0.690625 0.460417
7 0.240625 0.395833 0.310937 0.395833 0.310937 0.493750 0.240625 0.493750
4 0.334375 0.433333 0.381250 0.433333 0.381250 0.495833 0.334375 0.495833
4 0.664062 0.433333 0.735937 0.433333 0.735937 0.535417 0.664062 0.535417
1 0.145313 0.443750 0.246875 0.443750 0.246875 0.558333 0.145313 0.558333
7 0.773438 0.493750 0.885938 0.493750 0.885938 0.664583 0.773438 0.664583
7 0.000000 0.585417 0.150000 0.585417 0.150000 0.837500 0.000000 0.837500
4 0.185938 0.704167 0.315625 0.704167 0.315625 0.856250 0.185938 0.856250
4 0.542188 0.725000 0.679688 0.725000 0.679688 0.914583 0.542188 0.914583