4 0.551562 0.397917 0.582812 0.397917 0.582812 0.450000 0.551562 0.450000
4 0.331250 0.402083 0.389063 0.402083 0.389063 0.481250 0.331250 0.481250
4 0.645312 0.414583 0.679688 0.414583 0.679688 0.468750 0.645312 0.468750
9 0.576562 0.381250 0.653125 0.381250 0.653125 0.518750 0.576562 0.518750
4 0.245312 0.431250 0.301563 0.431250 0.301563 0.489583 0.245312 0.489583
3 0.481250 0.420833 0.534375 0.420833 0.534375 0.510417 0.481250 0.510417
10 0.695312 0.441667 0.770312 0.441667 0.770312 0.535417 0.695312 0.535417
9 0.618750 0.452083 0.698437 0.452083 0.698437 0.585417 0.618750 0.585417
4 0.506250 0.522917 0.571875 0.522917 0.571875 0.625000 0.506250 0.625000
1 0.000000 0.418750 0.140625 0.418750 0.140625 0.729167 0.000000 0.729167
4 0.290625 0.543750 0.367188 0.543750 0.367188 0.639583 0.290625 0.639583
8 0.800000 0.439583 0.996875 0.439583 0.996875 0.760417 0.800000 0.760417
4 0.129688 0.575000 0.221875 0.575000 0.221875 0.675000 0.129688 0.675000
4 0.532813 0.660417 0.651562 0.660417 0.651562 0.858333 0.532813 0.858333
4 0.181250 0.733333 0.309375 0.733333 0.309375 0.897917 0.181250 0.897917