4 0.459375 0.347917 0.487500 0.347917 0.487500 0.379167 0.459375 0.379167
2 0.512500 0.320833 0.575000 0.320833 0.575000 0.408333 0.512500 0.408333
8 0.612500 0.331250 0.712500 0.331250 0.712500 0.443750 0.612500 0.443750
4 0.462500 0.370833 0.500000 0.370833 0.500000 0.414583 0.462500 0.414583
4 0.282813 0.377083 0.321875 0.377083 0.321875 0.429167 0.282813 0.429167
4 0.465625 0.404167 0.515625 0.404167 0.515625 0.466667 0.465625 0.466667
2 0.543750 0.356250 0.626563 0.356250 0.626563 0.514583 0.543750 0.514583
4 0.332812 0.412500 0.375000 0.412500 0.375000 0.466667 0.332812 0.466667
4 0.479687 0.441667 0.540625 0.441667 0.540625 0.481250 0.479687 0.481250
4 0.698438 0.458333 0.734375 0.458333 0.734375 0.522917 0.698438 0.522917
8 0.593750 0.385417 0.717188 0.385417 0.717188 0.614583 0.593750 0.614583
4 0.484375 0.466667 0.550000 0.466667 0.550000 0.558333 0.484375 0.558333
4 0.728125 0.489583 0.793750 0.489583 0.793750 0.562500 0.728125 0.562500
4 0.500000 0.516667 0.564062 0.516667 0.564062 0.604167 0.500000 0.604167
4 0.759375 0.525000 0.840625 0.525000 0.840625 0.629167 0.759375 0.629167
4 0.267187 0.531250 0.346875 0.531250 0.346875 0.645833 0.267187 0.645833
4 0.517188 0.525000 0.606250 0.525000 0.606250 0.660417 0.517188 0.660417
4 0.835938 0.583333 0.967188 0.583333 0.967188 0.735417 0.835938 0.735417
4 0.689062 0.618750 0.812500 0.618750 0.812500 0.783333 0.689062 0.783333
4 0.529687 0.643750 0.635937 0.643750 0.635937 0.797917 0.529687 0.797917
4 0.014062 0.660417 0.134375 0.660417 0.134375 0.795833 0.014062 0.795833
4 0.960938 0.737500 1.000000 0.737500 1.000000 0.900000 0.960938 0.900000