1 0.332813 0.268750 0.379688 0.268750 0.379688 0.358333 0.332813 0.358333
4 0.371875 0.295833 0.412500 0.295833 0.412500 0.347917 0.371875 0.347917
4 0.264062 0.333333 0.310937 0.333333 0.310937 0.379167 0.264062 0.379167
1 0.590625 0.329167 0.682813 0.329167 0.682813 0.447917 0.590625 0.447917
4 0.245312 0.360417 0.292187 0.360417 0.292187 0.420833 0.245312 0.420833
1 0.692187 0.360417 0.887500 0.360417 0.887500 0.579167 0.692187 0.579167
4 0.487500 0.450000 0.551562 0.450000 0.551562 0.537500 0.487500 0.537500
7 0.148438 0.410417 0.298438 0.410417 0.298438 0.625000 0.148438 0.625000
4 0.498438 0.489583 0.559375 0.489583 0.559375 0.564583 0.498438 0.564583
7 0.615625 0.441667 0.720313 0.441667 0.720313 0.645833 0.615625 0.645833
4 0.478125 0.539583 0.604687 0.539583 0.604687 0.702083 0.478125 0.702083
7 0.490625 0.543750 0.585938 0.543750 0.585938 0.714583 0.490625 0.714583
1 0.737500 0.520833 0.968750 0.520833 0.968750 0.933333 0.737500 0.933333
4 0.521875 0.650000 0.642188 0.650000 0.642188 0.818750 0.521875 0.818750
4 0.537500 0.750000 0.687500 0.750000 0.687500 1.000000 0.537500 1.000000
1 0.943750 0.775000 1.000000 0.775000 1.000000 1.000000 0.943750 1.000000