4 0.300000 0.347917 0.351562 0.347917 0.351562 0.420833 0.300000 0.420833
1 0.626563 0.364583 0.701562 0.364583 0.701562 0.454167 0.626563 0.454167
1 0.143750 0.377083 0.206250 0.377083 0.206250 0.483333 0.143750 0.483333
4 0.571875 0.414583 0.610938 0.414583 0.610938 0.468750 0.571875 0.468750
4 0.485938 0.429167 0.529687 0.429167 0.529687 0.468750 0.485938 0.468750
4 0.251563 0.425000 0.312500 0.425000 0.312500 0.506250 0.251563 0.506250
4 0.489063 0.454167 0.553125 0.454167 0.553125 0.522917 0.489063 0.522917
7 0.571875 0.437500 0.668750 0.437500 0.668750 0.568750 0.571875 0.568750
4 0.685937 0.454167 0.753125 0.454167 0.753125 0.585417 0.685937 0.585417
4 0.501563 0.481250 0.560937 0.481250 0.560937 0.579167 0.501563 0.579167
7 0.637500 0.479167 0.746875 0.479167 0.746875 0.681250 0.637500 0.681250
1 0.810938 0.441667 1.000000 0.441667 1.000000 0.737500 0.810938 0.737500
7 0.498437 0.562500 0.581250 0.562500 0.581250 0.722917 0.498437 0.722917
4 0.501563 0.579167 0.592187 0.579167 0.592187 0.722917 0.501563 0.722917
7 0.789062 0.683333 0.943750 0.683333 0.943750 0.912500 0.789062 0.912500
4 0.543750 0.708333 0.656250 0.708333 0.656250 0.929167 0.543750 0.929167
4 0.110937 0.810417 0.271875 0.810417 0.271875 0.991667 0.110937 0.991667