5 0.237500 0.308333 0.296875 0.308333 0.296875 0.370833 0.237500 0.370833
4 0.370312 0.354167 0.401562 0.354167 0.401562 0.393750 0.370312 0.393750
1 0.157813 0.356250 0.229687 0.356250 0.229687 0.439583 0.157813 0.439583
4 0.542188 0.383333 0.578125 0.383333 0.578125 0.422917 0.542188 0.422917
5 0.225000 0.339583 0.317188 0.339583 0.317188 0.472917 0.225000 0.472917
4 0.567187 0.408333 0.614062 0.408333 0.614062 0.468750 0.567187 0.468750
4 0.490625 0.447917 0.542187 0.447917 0.542187 0.525000 0.490625 0.525000
5 0.082813 0.404167 0.250000 0.404167 0.250000 0.629167 0.082813 0.629167
9 0.700000 0.460417 0.795312 0.460417 0.795312 0.593750 0.700000 0.593750
4 0.604687 0.512500 0.673438 0.512500 0.673438 0.597917 0.604687 0.597917
7 0.000000 0.502083 0.087500 0.502083 0.087500 0.631250 0.000000 0.631250
4 0.520313 0.537500 0.595313 0.537500 0.595313 0.652083 0.520313 0.652083
9 0.668750 0.577083 0.814063 0.577083 0.814063 0.762500 0.668750 0.762500
4 0.242187 0.606250 0.340625 0.606250 0.340625 0.735417 0.242187 0.735417