1 0.235937 0.306250 0.300000 0.306250 0.300000 0.393750 0.235937 0.393750
1 0.643750 0.356250 0.715625 0.356250 0.715625 0.504167 0.643750 0.504167
7 0.221875 0.366667 0.314062 0.366667 0.314062 0.500000 0.221875 0.500000
4 0.321875 0.383333 0.395313 0.383333 0.395313 0.495833 0.321875 0.495833
1 0.575000 0.362500 0.650000 0.362500 0.650000 0.516667 0.575000 0.516667
4 0.131250 0.418750 0.232813 0.418750 0.232813 0.535417 0.131250 0.535417
4 0.740625 0.435417 0.804688 0.435417 0.804688 0.518750 0.740625 0.518750
0 0.478125 0.391667 0.596875 0.391667 0.596875 0.585417 0.478125 0.585417
4 0.268750 0.512500 0.368750 0.512500 0.368750 0.647917 0.268750 0.647917
7 0.101562 0.514583 0.223438 0.514583 0.223438 0.679167 0.101562 0.679167
4 0.764062 0.525000 0.864063 0.525000 0.864063 0.685417 0.764062 0.685417
4 0.879687 0.560417 0.979688 0.560417 0.979688 0.677083 0.879687 0.677083
7 0.948438 0.625000 1.000000 0.625000 1.000000 0.883333 0.948438 0.883333
4 0.181250 0.729167 0.351562 0.729167 0.351562 0.927083 0.181250 0.927083