7 0.395313 0.237500 0.410938 0.237500 0.410938 0.260417 0.395313 0.260417
7 0.404687 0.260417 0.421875 0.260417 0.421875 0.295833 0.404687 0.295833
7 0.340625 0.266667 0.359375 0.266667 0.359375 0.293750 0.340625 0.293750
7 0.373437 0.262500 0.396875 0.262500 0.396875 0.310417 0.373437 0.310417
7 0.350000 0.285417 0.373437 0.285417 0.373437 0.322917 0.350000 0.322917
1 0.487500 0.270833 0.520312 0.270833 0.520312 0.337500 0.487500 0.337500
7 0.378125 0.297917 0.407812 0.297917 0.407812 0.352083 0.378125 0.352083
4 0.462500 0.318750 0.481250 0.318750 0.481250 0.341667 0.462500 0.341667
1 0.565625 0.297917 0.604688 0.297917 0.604688 0.370833 0.565625 0.370833
4 0.479687 0.337500 0.481250 0.337500 0.481250 0.339583 0.479687 0.339583
4 0.460938 0.339583 0.485938 0.339583 0.485938 0.358333 0.460938 0.358333
7 0.510937 0.310417 0.545312 0.310417 0.545312 0.393750 0.510937 0.393750
7 0.325000 0.329167 0.356250 0.329167 0.356250 0.377083 0.325000 0.377083
4 0.464063 0.352083 0.492188 0.352083 0.492188 0.372917 0.464063 0.372917
4 0.467188 0.368750 0.489063 0.368750 0.489063 0.395833 0.467188 0.395833
7 0.598438 0.345833 0.639062 0.345833 0.639062 0.418750 0.598438 0.418750
4 0.487500 0.389583 0.489063 0.389583 0.489063 0.393750 0.487500 0.393750
7 0.537500 0.358333 0.582813 0.358333 0.582813 0.433333 0.537500 0.433333
4 0.470312 0.400000 0.495312 0.400000 0.495312 0.425000 0.470312 0.425000
7 0.640625 0.372917 0.692187 0.372917 0.692187 0.464583 0.640625 0.464583
4 0.479687 0.410417 0.503125 0.410417 0.503125 0.433333 0.479687 0.433333
4 0.506250 0.420833 0.507812 0.420833 0.507812 0.422917 0.506250 0.422917
4 0.567187 0.414583 0.593750 0.414583 0.593750 0.452083 0.567187 0.452083
4 0.482813 0.429167 0.523438 0.429167 0.523438 0.464583 0.482813 0.464583
4 0.584375 0.435417 0.620312 0.435417 0.620312 0.477083 0.584375 0.477083
4 0.143750 0.433333 0.203125 0.433333 0.203125 0.500000 0.143750 0.500000
4 0.492188 0.452083 0.534375 0.452083 0.534375 0.497917 0.492188 0.497917
7 0.698437 0.408333 0.779687 0.408333 0.779687 0.547917 0.698437 0.547917
7 0.592187 0.447917 0.634375 0.447917 0.634375 0.560417 0.592187 0.560417
4 0.498437 0.489583 0.550000 0.489583 0.550000 0.531250 0.498437 0.531250
4 0.273438 0.487500 0.351562 0.487500 0.351562 0.579167 0.273438 0.579167
7 0.631250 0.483333 0.720313 0.483333 0.720313 0.647917 0.631250 0.647917
4 0.492188 0.527083 0.562500 0.527083 0.562500 0.643750 0.492188 0.643750
7 0.715625 0.579167 0.759375 0.579167 0.759375 0.720833 0.715625 0.720833
4 0.051562 0.620833 0.175000 0.620833 0.175000 0.781250 0.051562 0.781250
4 0.525000 0.643750 0.615625 0.643750 0.615625 0.762500 0.525000 0.762500
1 0.771875 0.556250 0.932812 0.556250 0.932812 0.872917 0.771875 0.872917
4 0.212500 0.683333 0.334375 0.683333 0.334375 0.881250 0.212500 0.881250
4 0.550000 0.764583 0.673438 0.764583 0.673438 0.914583 0.550000 0.914583
1 0.848437 0.689583 1.000000 0.689583 1.000000 1.000000 0.848437 1.000000
4 0.578125 0.904167 0.710938 0.904167 0.710938 1.000000 0.578125 1.000000