1 0.259375 0.291667 0.314063 0.291667 0.314063 0.383333 0.259375 0.383333
10 0.578125 0.337500 0.615625 0.337500 0.615625 0.402083 0.578125 0.402083
4 0.470313 0.358333 0.507812 0.358333 0.507812 0.418750 0.470313 0.418750
4 0.354687 0.362500 0.396875 0.362500 0.396875 0.425000 0.354687 0.425000
4 0.285938 0.389583 0.323437 0.389583 0.323437 0.437500 0.285938 0.437500
1 0.042188 0.368750 0.212500 0.368750 0.212500 0.583333 0.042188 0.583333
4 0.328125 0.450000 0.381250 0.450000 0.381250 0.514583 0.328125 0.514583
4 0.570312 0.447917 0.625000 0.447917 0.625000 0.520833 0.570312 0.520833
4 0.220313 0.470833 0.281250 0.470833 0.281250 0.547917 0.220313 0.547917
9 0.620313 0.437500 0.731250 0.437500 0.731250 0.622917 0.620313 0.622917
10 0.764062 0.500000 0.860938 0.500000 0.860938 0.625000 0.764062 0.625000
3 0.506250 0.504167 0.575000 0.504167 0.575000 0.625000 0.506250 0.625000
4 0.282812 0.533333 0.356250 0.533333 0.356250 0.622917 0.282812 0.622917
9 0.690625 0.554167 0.821875 0.554167 0.821875 0.735417 0.690625 0.735417
4 0.548437 0.689583 0.656250 0.689583 0.656250 0.864583 0.548437 0.864583
1 0.000000 0.610417 0.126562 0.610417 0.126562 0.991667 0.000000 0.991667
4 0.107813 0.816667 0.275000 0.816667 0.275000 1.000000 0.107813 1.000000