4 0.314063 0.341667 0.357812 0.341667 0.357812 0.397917 0.314063 0.397917
7 0.192188 0.345833 0.256250 0.345833 0.256250 0.437500 0.192188 0.437500
1 0.600000 0.356250 0.706250 0.356250 0.706250 0.470833 0.600000 0.470833
4 0.304688 0.433333 0.378125 0.433333 0.378125 0.533333 0.304688 0.533333
4 0.484375 0.450000 0.548437 0.450000 0.548437 0.533333 0.484375 0.533333
7 0.579688 0.437500 0.670312 0.437500 0.670312 0.577083 0.579688 0.577083
4 0.493750 0.481250 0.564063 0.481250 0.564063 0.570833 0.493750 0.570833
4 0.709375 0.483333 0.767188 0.483333 0.767188 0.577083 0.709375 0.577083
7 0.617188 0.456250 0.776563 0.456250 0.776563 0.708333 0.617188 0.708333
4 0.198438 0.516667 0.304688 0.516667 0.304688 0.652083 0.198438 0.652083
1 0.754687 0.364583 1.000000 0.364583 1.000000 0.818750 0.754687 0.818750
4 0.537500 0.533333 0.615625 0.533333 0.615625 0.662500 0.537500 0.662500
7 0.485937 0.556250 0.585938 0.556250 0.585938 0.752083 0.485937 0.752083
4 0.523438 0.756250 0.695312 0.756250 0.695312 0.991667 0.523438 0.991667
7 0.854688 0.797917 1.000000 0.797917 1.000000 1.000000 0.854688 1.000000