0 0.590625 0.306250 0.650000 0.306250 0.650000 0.387500 0.590625 0.387500
4 0.337500 0.383333 0.384375 0.383333 0.384375 0.429167 0.337500 0.429167
4 0.610938 0.389583 0.651562 0.389583 0.651562 0.452083 0.610938 0.452083
1 0.535937 0.347917 0.617188 0.347917 0.617188 0.500000 0.535937 0.500000
4 0.476562 0.406250 0.517188 0.406250 0.517188 0.477083 0.476562 0.477083
4 0.485937 0.462500 0.539062 0.462500 0.539062 0.552083 0.485937 0.552083
4 0.509375 0.587500 0.598438 0.587500 0.598438 0.725000 0.509375 0.725000
4 0.951563 0.650000 1.000000 0.650000 1.000000 0.756250 0.951563 0.756250
4 0.206250 0.650000 0.312500 0.650000 0.312500 0.787500 0.206250 0.787500
7 0.795313 0.660417 1.000000 0.660417 1.000000 1.000000 0.795313 1.000000
4 0.592187 0.904167 0.746875 0.904167 0.746875 1.000000 0.592187 1.000000