4 0.281250 0.314583 0.314063 0.314583 0.314063 0.360417 0.281250 0.360417
7 0.323437 0.318750 0.353125 0.318750 0.353125 0.370833 0.323437 0.370833
4 0.365625 0.339583 0.395313 0.339583 0.395313 0.375000 0.365625 0.375000
1 0.579688 0.310417 0.639062 0.310417 0.639062 0.414583 0.579688 0.414583
1 0.523438 0.320833 0.582812 0.320833 0.582812 0.422917 0.523438 0.422917
0 0.456250 0.329167 0.526563 0.329167 0.526563 0.437500 0.456250 0.437500
4 0.690625 0.408333 0.735938 0.408333 0.735938 0.460417 0.690625 0.460417
4 0.639062 0.406250 0.692188 0.406250 0.692188 0.487500 0.639062 0.487500
4 0.326563 0.439583 0.378125 0.439583 0.378125 0.500000 0.326563 0.500000
7 0.206250 0.431250 0.292187 0.431250 0.292187 0.527083 0.206250 0.527083
7 0.035937 0.425000 0.181250 0.425000 0.181250 0.597917 0.035937 0.597917
4 0.504687 0.533333 0.581250 0.533333 0.581250 0.643750 0.504687 0.643750
7 0.087500 0.520833 0.217188 0.520833 0.217188 0.714583 0.087500 0.714583
1 0.807813 0.495833 1.000000 0.495833 1.000000 0.831250 0.807813 0.831250
1 0.653125 0.475000 0.904688 0.475000 0.904688 0.893750 0.653125 0.893750
4 0.243750 0.654167 0.343750 0.654167 0.343750 0.777083 0.243750 0.777083