4 0.335938 0.316667 0.367188 0.316667 0.367188 0.354167 0.335938 0.354167
4 0.375000 0.329167 0.406250 0.329167 0.406250 0.362500 0.375000 0.362500
4 0.554688 0.333333 0.589063 0.333333 0.589063 0.372917 0.554688 0.372917
4 0.514062 0.347917 0.543750 0.347917 0.543750 0.387500 0.514062 0.387500
4 0.337500 0.356250 0.370312 0.356250 0.370312 0.393750 0.337500 0.393750
4 0.571875 0.358333 0.610938 0.358333 0.610938 0.400000 0.571875 0.400000
4 0.606250 0.360417 0.650000 0.360417 0.650000 0.418750 0.606250 0.418750
4 0.537500 0.381250 0.571875 0.381250 0.571875 0.429167 0.537500 0.429167
4 0.471875 0.383333 0.509375 0.383333 0.509375 0.427083 0.471875 0.427083
1 0.645312 0.339583 0.765625 0.339583 0.765625 0.539583 0.645312 0.539583
4 0.484375 0.412500 0.537500 0.412500 0.537500 0.489583 0.484375 0.489583
1 0.560938 0.391667 0.656250 0.391667 0.656250 0.535417 0.560938 0.535417
4 0.496875 0.506250 0.570312 0.506250 0.570312 0.608333 0.496875 0.608333
4 0.806250 0.606250 0.921875 0.606250 0.921875 0.725000 0.806250 0.725000
4 0.526562 0.635417 0.631250 0.635417 0.631250 0.802083 0.526562 0.802083
4 0.707812 0.672917 0.831250 0.672917 0.831250 0.806250 0.707812 0.806250