4 0.378125 0.318750 0.407812 0.318750 0.407812 0.358333 0.378125 0.358333
1 0.254688 0.318750 0.300000 0.318750 0.300000 0.391667 0.254688 0.391667
7 0.579687 0.322917 0.632812 0.322917 0.632812 0.414583 0.579687 0.414583
4 0.354688 0.345833 0.390625 0.345833 0.390625 0.406250 0.354688 0.406250
1 0.278125 0.327083 0.346875 0.327083 0.346875 0.433333 0.278125 0.433333
7 0.598438 0.341667 0.673438 0.341667 0.673438 0.447917 0.598438 0.447917
4 0.682813 0.389583 0.742188 0.389583 0.742188 0.462500 0.682813 0.462500
7 0.667188 0.429167 0.731250 0.429167 0.731250 0.518750 0.667188 0.518750
7 0.179688 0.406250 0.267188 0.406250 0.267188 0.545833 0.179688 0.545833
4 0.307813 0.437500 0.382812 0.437500 0.382812 0.514583 0.307813 0.514583
7 0.484375 0.454167 0.553125 0.454167 0.553125 0.533333 0.484375 0.533333
7 0.589062 0.439583 0.650000 0.439583 0.650000 0.570833 0.589062 0.570833
1 0.750000 0.454167 0.882812 0.454167 0.882812 0.595833 0.750000 0.595833
7 0.618750 0.464583 0.721875 0.464583 0.721875 0.660417 0.618750 0.660417
7 0.087500 0.475000 0.190625 0.475000 0.190625 0.662500 0.087500 0.662500
4 0.492188 0.522917 0.551562 0.522917 0.551562 0.618750 0.492188 0.618750
4 0.510938 0.560417 0.614062 0.560417 0.614062 0.670833 0.510938 0.670833
1 0.937500 0.558333 1.000000 0.558333 1.000000 0.693750 0.937500 0.693750
7 0.706250 0.570833 0.771875 0.570833 0.771875 0.689583 0.706250 0.689583
1 0.739062 0.552083 0.948438 0.552083 0.948438 0.895833 0.739062 0.895833
4 0.520312 0.652083 0.620313 0.652083 0.620313 0.856250 0.520312 0.856250
1 0.862500 0.675000 1.000000 0.675000 1.000000 1.000000 0.862500 1.000000
4 0.654687 0.804167 0.818750 0.804167 0.818750 1.000000 0.654687 1.000000
4 0.089063 0.925000 0.262500 0.925000 0.262500 1.000000 0.089063 1.000000