1 0.243750 0.302083 0.310937 0.302083 0.310937 0.406250 0.243750 0.406250
4 0.326562 0.343750 0.350000 0.343750 0.350000 0.379167 0.326562 0.379167
4 0.365625 0.358333 0.395313 0.358333 0.395313 0.389583 0.365625 0.389583
4 0.465625 0.356250 0.501563 0.356250 0.501563 0.402083 0.465625 0.402083
1 0.254688 0.347917 0.326563 0.347917 0.326563 0.452083 0.254688 0.452083
4 0.334375 0.397917 0.379688 0.397917 0.379688 0.454167 0.334375 0.454167
11 0.556250 0.347917 0.651562 0.347917 0.651562 0.508333 0.556250 0.508333
10 0.639062 0.395833 0.690625 0.395833 0.690625 0.479167 0.639062 0.479167
2 0.476562 0.375000 0.562500 0.375000 0.562500 0.535417 0.476562 0.535417
10 0.690625 0.427083 0.768750 0.427083 0.768750 0.560417 0.690625 0.560417
4 0.306250 0.458333 0.368750 0.458333 0.368750 0.533333 0.306250 0.533333
4 0.182812 0.487500 0.257812 0.487500 0.257812 0.566667 0.182812 0.566667
7 0.000000 0.493750 0.100000 0.493750 0.100000 0.654167 0.000000 0.654167
4 0.532813 0.543750 0.623437 0.543750 0.623437 0.677083 0.532813 0.677083
4 0.214062 0.652083 0.325000 0.652083 0.325000 0.791667 0.214062 0.791667
7 0.000000 0.714583 0.121875 0.714583 0.121875 0.893750 0.000000 0.893750