4 0.312500 0.358333 0.342187 0.358333 0.342187 0.393750 0.312500 0.393750
4 0.356250 0.372917 0.385937 0.372917 0.385937 0.412500 0.356250 0.412500
10 0.601562 0.360417 0.643750 0.360417 0.643750 0.439583 0.601562 0.439583
1 0.157813 0.329167 0.268750 0.329167 0.268750 0.477083 0.157813 0.477083
4 0.282812 0.389583 0.325000 0.389583 0.325000 0.447917 0.282812 0.447917
4 0.484375 0.391667 0.528125 0.391667 0.528125 0.458333 0.484375 0.458333
4 0.339062 0.414583 0.384375 0.414583 0.384375 0.481250 0.339062 0.481250
1 0.101563 0.441667 0.251563 0.441667 0.251563 0.645833 0.101563 0.645833
4 0.593750 0.516667 0.670313 0.516667 0.670313 0.629167 0.593750 0.629167
4 0.254688 0.539583 0.342188 0.539583 0.342188 0.650000 0.254688 0.650000
9 0.700000 0.516667 0.867188 0.516667 0.867188 0.820833 0.700000 0.820833
10 0.864063 0.593750 0.998437 0.593750 0.998437 0.745833 0.864063 0.745833
3 0.545312 0.656250 0.659375 0.656250 0.659375 0.868750 0.545312 0.868750
4 0.100000 0.829167 0.262500 0.829167 0.262500 1.000000 0.100000 1.000000