2 0.515625 0.320833 0.578125 0.320833 0.578125 0.410417 0.515625 0.410417
4 0.468750 0.375000 0.501563 0.375000 0.501563 0.418750 0.468750 0.418750
4 0.537500 0.402083 0.584375 0.402083 0.584375 0.445833 0.537500 0.445833
4 0.325000 0.404167 0.373438 0.404167 0.373438 0.462500 0.325000 0.462500
4 0.471875 0.406250 0.523438 0.406250 0.523438 0.462500 0.471875 0.462500
4 0.554688 0.433333 0.614062 0.433333 0.614062 0.502083 0.554688 0.502083
4 0.479688 0.462500 0.542188 0.462500 0.542188 0.545833 0.479688 0.545833
4 0.748437 0.506250 0.807812 0.506250 0.807812 0.604167 0.748437 0.604167
2 0.606250 0.420833 0.792188 0.420833 0.792188 0.718750 0.606250 0.718750
4 0.510938 0.558333 0.606250 0.558333 0.606250 0.693750 0.510938 0.693750
4 0.542188 0.747917 0.676562 0.747917 0.676562 0.925000 0.542188 0.925000