10 0.326562 0.302083 0.365625 0.302083 0.365625 0.370833 0.326562 0.370833
4 0.495312 0.329167 0.521875 0.329167 0.521875 0.370833 0.495312 0.370833
4 0.364063 0.335417 0.400000 0.335417 0.400000 0.377083 0.364063 0.377083
4 0.468750 0.339583 0.500000 0.339583 0.500000 0.387500 0.468750 0.387500
9 0.185938 0.347917 0.264062 0.347917 0.264062 0.437500 0.185938 0.437500
11 0.251563 0.337500 0.334375 0.337500 0.334375 0.454167 0.251563 0.454167
11 0.050000 0.402083 0.206250 0.402083 0.206250 0.556250 0.050000 0.556250
4 0.304688 0.458333 0.365625 0.458333 0.365625 0.547917 0.304688 0.547917
4 0.564063 0.460417 0.620312 0.460417 0.620312 0.545833 0.564063 0.545833
4 0.496875 0.504167 0.573438 0.504167 0.573438 0.627083 0.496875 0.627083
0 0.000000 0.525000 0.189062 0.525000 0.189062 0.937500 0.000000 0.937500
4 0.184375 0.687500 0.307812 0.687500 0.307812 0.843750 0.184375 0.843750
4 0.742188 0.683333 0.890625 0.683333 0.890625 0.904167 0.742188 0.904167