4 0.362500 0.345833 0.392187 0.345833 0.392187 0.379167 0.362500 0.379167
9 0.526563 0.339583 0.573438 0.339583 0.573438 0.422917 0.526563 0.422917
4 0.470313 0.370833 0.506250 0.370833 0.506250 0.420833 0.470313 0.420833
8 0.634375 0.358333 0.718750 0.358333 0.718750 0.485417 0.634375 0.485417
4 0.712500 0.408333 0.767188 0.408333 0.767188 0.477083 0.712500 0.477083
4 0.489063 0.412500 0.532813 0.412500 0.532813 0.477083 0.489063 0.477083
2 0.576562 0.377083 0.678125 0.377083 0.678125 0.543750 0.576562 0.543750
4 0.279687 0.495833 0.351562 0.495833 0.351562 0.610417 0.279687 0.610417
4 0.518750 0.554167 0.598437 0.554167 0.598437 0.654167 0.518750 0.654167
8 0.789062 0.485417 1.000000 0.485417 1.000000 0.733333 0.789062 0.733333
10 0.684375 0.562500 0.810937 0.562500 0.810937 0.768750 0.684375 0.768750
4 0.567187 0.770833 0.698438 0.770833 0.698438 0.966667 0.567187 0.966667