8 0.568750 0.318750 0.629688 0.318750 0.629688 0.406250 0.568750 0.406250
4 0.260937 0.347917 0.298437 0.347917 0.298437 0.393750 0.260937 0.393750
9 0.525000 0.329167 0.573437 0.329167 0.573437 0.429167 0.525000 0.429167
4 0.468750 0.377083 0.506250 0.377083 0.506250 0.433333 0.468750 0.433333
9 0.546875 0.364583 0.606250 0.364583 0.606250 0.472917 0.546875 0.472917
4 0.335938 0.393750 0.381250 0.393750 0.381250 0.447917 0.335938 0.447917
4 0.482812 0.427083 0.529687 0.427083 0.529687 0.487500 0.482812 0.487500
11 0.637500 0.422917 0.750000 0.422917 0.750000 0.529167 0.637500 0.529167
4 0.520313 0.462500 0.584375 0.462500 0.584375 0.539583 0.520313 0.539583
6 0.170313 0.450000 0.259375 0.450000 0.259375 0.581250 0.170313 0.581250
3 0.501562 0.510417 0.593750 0.510417 0.593750 0.695833 0.501562 0.695833
9 0.851562 0.625000 1.000000 0.625000 1.000000 0.862500 0.851562 0.862500
9 0.726562 0.641667 0.928125 0.641667 0.928125 0.964583 0.726562 0.964583
4 0.575000 0.722917 0.717187 0.722917 0.717187 0.950000 0.575000 0.950000