1 0.354687 0.275000 0.387500 0.275000 0.387500 0.327083 0.354687 0.327083
6 0.385938 0.293750 0.414062 0.293750 0.414062 0.327083 0.385938 0.327083
7 0.317188 0.291667 0.346875 0.291667 0.346875 0.337500 0.317188 0.337500
4 0.370312 0.327083 0.400000 0.327083 0.400000 0.362500 0.370312 0.362500
7 0.529687 0.343750 0.576562 0.343750 0.576562 0.431250 0.529687 0.431250
1 0.610938 0.320833 0.704688 0.320833 0.704688 0.464583 0.610938 0.464583
1 0.181250 0.337500 0.264062 0.337500 0.264062 0.450000 0.181250 0.450000
4 0.343750 0.370833 0.385938 0.370833 0.385938 0.425000 0.343750 0.425000
4 0.554688 0.397917 0.587500 0.397917 0.587500 0.450000 0.554688 0.450000
4 0.573438 0.414583 0.617188 0.414583 0.617188 0.481250 0.573438 0.481250
4 0.482812 0.431250 0.521875 0.431250 0.521875 0.493750 0.482812 0.493750
7 0.675000 0.404167 0.775000 0.404167 0.775000 0.554167 0.675000 0.554167
4 0.487500 0.454167 0.546875 0.454167 0.546875 0.535417 0.487500 0.535417
7 0.589063 0.441667 0.656250 0.441667 0.656250 0.577083 0.589063 0.577083
7 0.284375 0.472917 0.343750 0.472917 0.343750 0.560417 0.284375 0.560417
4 0.498438 0.491667 0.562500 0.491667 0.562500 0.577083 0.498438 0.577083
7 0.614062 0.447917 0.721875 0.447917 0.721875 0.650000 0.614062 0.650000
4 0.523438 0.525000 0.593750 0.525000 0.593750 0.629167 0.523438 0.629167
7 0.078125 0.502083 0.209375 0.502083 0.209375 0.672917 0.078125 0.672917
7 0.823438 0.504167 0.968750 0.504167 0.968750 0.714583 0.823438 0.714583
7 0.495312 0.543750 0.576562 0.543750 0.576562 0.702083 0.495312 0.702083
7 0.715625 0.570833 0.814063 0.570833 0.814063 0.731250 0.715625 0.731250
1 0.748437 0.539583 0.978125 0.539583 0.978125 0.929167 0.748437 0.929167
4 0.523438 0.654167 0.623438 0.654167 0.623438 0.829167 0.523438 0.829167
4 0.545312 0.758333 0.681250 0.758333 0.681250 0.964583 0.545312 0.964583
4 0.567187 0.902083 0.718750 0.902083 0.718750 1.000000 0.567187 1.000000