5 0.254688 0.318750 0.309375 0.318750 0.309375 0.385417 0.254688 0.385417
4 0.370312 0.331250 0.404688 0.331250 0.404688 0.385417 0.370312 0.385417
4 0.325000 0.335417 0.367188 0.335417 0.367188 0.391667 0.325000 0.391667
5 0.281250 0.387500 0.320312 0.387500 0.320312 0.433333 0.281250 0.433333
1 0.628125 0.358333 0.750000 0.358333 0.750000 0.520833 0.628125 0.520833
5 0.212500 0.377083 0.303125 0.377083 0.303125 0.516667 0.212500 0.516667
4 0.328125 0.406250 0.385938 0.406250 0.385938 0.489583 0.328125 0.489583
4 0.571875 0.414583 0.629688 0.414583 0.629688 0.489583 0.571875 0.489583
4 0.484375 0.458333 0.546875 0.458333 0.546875 0.539583 0.484375 0.539583
4 0.685937 0.462500 0.759375 0.462500 0.759375 0.558333 0.685937 0.558333
4 0.303125 0.462500 0.370312 0.462500 0.370312 0.562500 0.303125 0.562500
4 0.593750 0.472917 0.659375 0.472917 0.659375 0.572917 0.593750 0.572917
4 0.500000 0.493750 0.575000 0.493750 0.575000 0.602083 0.500000 0.602083
4 0.748437 0.537500 0.832813 0.537500 0.832813 0.614583 0.748437 0.614583
5 0.614062 0.487500 0.715625 0.487500 0.715625 0.670833 0.614062 0.670833
4 0.543750 0.570833 0.645312 0.570833 0.645312 0.704167 0.543750 0.704167
1 0.812500 0.431250 1.000000 0.431250 1.000000 0.852083 0.812500 0.852083
7 0.493750 0.583333 0.603125 0.583333 0.603125 0.800000 0.493750 0.800000
5 0.703125 0.556250 0.920313 0.556250 0.920313 0.927083 0.703125 0.927083
4 0.017187 0.685417 0.185938 0.685417 0.185938 0.885417 0.017187 0.885417