1 0.560937 0.293750 0.618750 0.293750 0.618750 0.381250 0.560937 0.381250
1 0.506250 0.295833 0.560937 0.295833 0.560937 0.404167 0.506250 0.404167
7 0.273438 0.325000 0.315625 0.325000 0.315625 0.383333 0.273438 0.383333
0 0.456250 0.314583 0.510938 0.314583 0.510938 0.410417 0.456250 0.410417
4 0.364063 0.347917 0.395313 0.347917 0.395313 0.389583 0.364063 0.389583
4 0.470312 0.393750 0.518750 0.393750 0.518750 0.450000 0.470312 0.450000
4 0.270313 0.397917 0.306250 0.397917 0.306250 0.458333 0.270313 0.458333
4 0.343750 0.406250 0.382812 0.406250 0.382812 0.462500 0.343750 0.462500
1 0.554688 0.362500 0.668750 0.362500 0.668750 0.552083 0.554688 0.552083
7 0.231250 0.414583 0.285938 0.414583 0.285938 0.502083 0.231250 0.502083
7 0.128125 0.412500 0.214062 0.412500 0.214062 0.518750 0.128125 0.518750
1 0.670312 0.393750 0.806250 0.393750 0.806250 0.570833 0.670312 0.570833
4 0.264062 0.533333 0.353125 0.533333 0.353125 0.625000 0.264062 0.625000
7 0.885938 0.560417 1.000000 0.560417 1.000000 0.820833 0.885938 0.820833
4 0.539062 0.614583 0.635938 0.614583 0.635938 0.779167 0.539062 0.779167
4 0.748437 0.679167 0.893750 0.679167 0.893750 0.881250 0.748437 0.881250