4 0.468750 0.352083 0.500000 0.352083 0.500000 0.393750 0.468750 0.393750
4 0.296875 0.368750 0.334375 0.368750 0.334375 0.412500 0.296875 0.412500
4 0.540625 0.379167 0.581250 0.379167 0.581250 0.433333 0.540625 0.433333
4 0.342187 0.387500 0.382812 0.387500 0.382812 0.437500 0.342187 0.437500
4 0.496875 0.412500 0.542188 0.412500 0.542188 0.483333 0.496875 0.483333
4 0.248438 0.425000 0.300000 0.425000 0.300000 0.487500 0.248438 0.487500
10 0.698438 0.433333 0.762500 0.433333 0.762500 0.550000 0.698438 0.550000
9 0.612500 0.427083 0.703125 0.427083 0.703125 0.583333 0.612500 0.583333
4 0.543750 0.570833 0.618750 0.570833 0.618750 0.685417 0.543750 0.685417
4 0.131250 0.741667 0.273438 0.741667 0.273438 0.916667 0.131250 0.916667
4 0.554688 0.766667 0.706250 0.766667 0.706250 1.000000 0.554688 1.000000