6 0.282812 0.350000 0.332813 0.350000 0.332813 0.414583 0.282812 0.414583
4 0.523438 0.350000 0.548437 0.350000 0.548437 0.418750 0.523438 0.418750
4 0.468750 0.375000 0.507812 0.375000 0.507812 0.420833 0.468750 0.420833
9 0.540625 0.345833 0.601562 0.345833 0.601562 0.462500 0.540625 0.462500
4 0.471875 0.404167 0.520312 0.404167 0.520312 0.462500 0.471875 0.462500
9 0.579688 0.397917 0.650000 0.397917 0.650000 0.529167 0.579688 0.529167
4 0.315625 0.441667 0.370312 0.441667 0.370312 0.512500 0.315625 0.512500
11 0.668750 0.447917 0.839063 0.447917 0.839063 0.608333 0.668750 0.608333
4 0.501563 0.489583 0.567188 0.489583 0.567188 0.583333 0.501563 0.583333
4 0.603125 0.570833 0.704688 0.570833 0.704688 0.712500 0.603125 0.712500
3 0.560937 0.681250 0.715625 0.681250 0.715625 0.985417 0.560937 0.985417