4 0.595313 0.377083 0.634375 0.377083 0.634375 0.425000 0.595313 0.425000
4 0.550000 0.391667 0.590625 0.391667 0.590625 0.447917 0.550000 0.447917
10 0.637500 0.381250 0.706250 0.381250 0.706250 0.472917 0.637500 0.472917
4 0.479688 0.406250 0.526563 0.406250 0.526563 0.483333 0.479688 0.483333
4 0.568750 0.416667 0.615625 0.416667 0.615625 0.483333 0.568750 0.483333
5 0.331250 0.422917 0.378125 0.422917 0.378125 0.487500 0.331250 0.487500
5 0.234375 0.433333 0.289062 0.433333 0.289062 0.495833 0.234375 0.495833
5 0.151563 0.456250 0.212500 0.456250 0.212500 0.525000 0.151563 0.525000
9 0.592187 0.437500 0.678125 0.437500 0.678125 0.581250 0.592187 0.581250
10 0.687500 0.464583 0.768750 0.464583 0.768750 0.564583 0.687500 0.564583
4 0.509375 0.510417 0.582813 0.510417 0.582813 0.622917 0.509375 0.622917
9 0.707813 0.614583 0.857812 0.614583 0.857812 0.831250 0.707813 0.831250