7 0.267187 0.314583 0.309375 0.314583 0.309375 0.375000 0.267187 0.375000
4 0.357812 0.347917 0.392188 0.347917 0.392188 0.391667 0.357812 0.391667
1 0.514062 0.327083 0.581250 0.327083 0.581250 0.431250 0.514062 0.431250
4 0.579688 0.356250 0.618750 0.356250 0.618750 0.410417 0.579688 0.410417
7 0.604688 0.379167 0.653125 0.379167 0.653125 0.441667 0.604688 0.441667
4 0.471875 0.387500 0.509375 0.387500 0.509375 0.435417 0.471875 0.435417
4 0.559375 0.425000 0.617188 0.425000 0.617188 0.497917 0.559375 0.497917
4 0.648438 0.431250 0.709375 0.431250 0.709375 0.502083 0.648438 0.502083
4 0.496875 0.456250 0.556250 0.456250 0.556250 0.539583 0.496875 0.539583
7 0.056250 0.458333 0.154688 0.458333 0.154688 0.575000 0.056250 0.575000
7 0.707813 0.450000 0.810937 0.450000 0.810937 0.597917 0.707813 0.597917
4 0.279688 0.510417 0.348438 0.510417 0.348438 0.597917 0.279688 0.597917
4 0.650000 0.556250 0.757812 0.556250 0.757812 0.689583 0.650000 0.689583
4 0.515625 0.572917 0.596875 0.572917 0.596875 0.679167 0.515625 0.679167