7 0.284375 0.337500 0.337500 0.337500 0.337500 0.412500 0.284375 0.412500
4 0.357813 0.347917 0.410938 0.347917 0.410938 0.406250 0.357813 0.406250
4 0.628125 0.352083 0.698438 0.352083 0.698438 0.452083 0.628125 0.452083
7 0.246875 0.370833 0.292187 0.370833 0.292187 0.452083 0.246875 0.452083
4 0.554688 0.393750 0.585938 0.393750 0.585938 0.456250 0.554688 0.456250
4 0.571875 0.414583 0.615625 0.414583 0.615625 0.458333 0.571875 0.458333
4 0.312500 0.437500 0.378125 0.437500 0.378125 0.514583 0.312500 0.514583
1 0.689063 0.443750 0.770313 0.443750 0.770313 0.539583 0.689063 0.539583
4 0.484375 0.487500 0.540625 0.487500 0.540625 0.531250 0.484375 0.531250
7 0.623437 0.450000 0.715625 0.450000 0.715625 0.650000 0.623437 0.650000
4 0.493750 0.522917 0.560937 0.522917 0.560937 0.612500 0.493750 0.612500
1 0.778125 0.479167 0.937500 0.479167 0.937500 0.670833 0.778125 0.670833
4 0.509375 0.566667 0.606250 0.566667 0.606250 0.704167 0.509375 0.704167
7 0.706250 0.558333 0.778125 0.558333 0.778125 0.729167 0.706250 0.729167
1 0.746875 0.554167 0.954688 0.554167 0.954688 0.895833 0.746875 0.895833
4 0.531250 0.725000 0.667188 0.725000 0.667188 0.950000 0.531250 0.950000
1 0.850000 0.693750 1.000000 0.693750 1.000000 1.000000 0.850000 1.000000
4 0.689062 0.914583 0.859375 0.914583 0.859375 1.000000 0.689062 1.000000