7 0.720313 0.433333 0.814063 0.433333 0.814063 0.556250 0.720313 0.556250
7 0.504688 0.487500 0.556250 0.487500 0.556250 0.539583 0.504688 0.539583
7 0.623437 0.439583 0.717187 0.439583 0.717187 0.645833 0.623437 0.645833
4 0.529687 0.516667 0.592187 0.516667 0.592187 0.625000 0.529687 0.625000
4 0.282813 0.537500 0.357812 0.537500 0.357812 0.639583 0.282813 0.639583
1 0.825000 0.510417 0.992188 0.510417 0.992188 0.693750 0.825000 0.693750
7 0.501563 0.550000 0.568750 0.550000 0.568750 0.675000 0.501563 0.675000
7 0.718750 0.558333 0.790625 0.558333 0.790625 0.702083 0.718750 0.702083
1 0.750000 0.543750 0.942187 0.543750 0.942187 0.827083 0.750000 0.827083
4 0.539062 0.652083 0.629687 0.652083 0.629687 0.762500 0.539062 0.762500
4 0.126562 0.654167 0.231250 0.654167 0.231250 0.779167 0.126562 0.779167
4 0.553125 0.762500 0.665625 0.762500 0.665625 0.904167 0.553125 0.904167
1 0.860938 0.702083 0.995312 0.702083 0.995312 0.987500 0.860938 0.987500
4 0.579688 0.897917 0.707813 0.897917 0.707813 1.000000 0.579688 1.000000