4 0.362500 0.337500 0.403125 0.337500 0.403125 0.379167 0.362500 0.379167
5 0.296875 0.312500 0.351562 0.312500 0.351562 0.406250 0.296875 0.406250
4 0.354687 0.358333 0.403125 0.358333 0.403125 0.410417 0.354687 0.410417
4 0.623437 0.383333 0.662500 0.383333 0.662500 0.456250 0.623437 0.456250
1 0.634375 0.364583 0.770313 0.364583 0.770313 0.525000 0.634375 0.525000
4 0.293750 0.420833 0.353125 0.420833 0.353125 0.487500 0.293750 0.487500
4 0.573438 0.425000 0.648438 0.425000 0.648438 0.512500 0.573438 0.512500
4 0.479688 0.464583 0.554688 0.464583 0.554688 0.560417 0.479688 0.560417
4 0.790625 0.483333 0.890625 0.483333 0.890625 0.575000 0.790625 0.575000
4 0.265625 0.491667 0.359375 0.491667 0.359375 0.614583 0.265625 0.614583
4 0.498438 0.514583 0.582813 0.514583 0.582813 0.620833 0.498438 0.620833
4 0.628125 0.510417 0.715625 0.510417 0.715625 0.645833 0.628125 0.645833
1 0.898438 0.485417 1.000000 0.485417 1.000000 0.793750 0.898438 0.793750
4 0.793750 0.579167 0.890625 0.579167 0.890625 0.704167 0.793750 0.704167
5 0.660938 0.566667 0.826562 0.566667 0.826562 0.818750 0.660938 0.818750
4 0.565625 0.618750 0.670312 0.618750 0.670312 0.770833 0.565625 0.770833
4 0.000000 0.710417 0.157812 0.710417 0.157812 0.904167 0.000000 0.904167
7 0.482812 0.695833 0.654687 0.695833 0.654687 0.983333 0.482812 0.983333
5 0.823438 0.735417 1.000000 0.735417 1.000000 1.000000 0.823438 1.000000
4 0.082812 0.831250 0.267188 0.831250 0.267188 1.000000 0.082812 1.000000