4 0.459375 0.347917 0.487500 0.347917 0.487500 0.379167 0.459375 0.379167
2 0.514062 0.316667 0.568750 0.316667 0.568750 0.412500 0.514062 0.412500
4 0.354687 0.354167 0.395313 0.354167 0.395313 0.397917 0.354687 0.397917
8 0.612500 0.337500 0.700000 0.337500 0.700000 0.443750 0.612500 0.443750
4 0.462500 0.370833 0.500000 0.370833 0.500000 0.414583 0.462500 0.414583
4 0.465625 0.404167 0.515625 0.404167 0.515625 0.466667 0.465625 0.466667
2 0.543750 0.356250 0.626563 0.356250 0.626563 0.514583 0.543750 0.514583
4 0.328125 0.408333 0.376563 0.408333 0.376563 0.464583 0.328125 0.464583
4 0.228125 0.425000 0.289062 0.425000 0.289062 0.489583 0.228125 0.489583
4 0.479687 0.441667 0.540625 0.441667 0.540625 0.481250 0.479687 0.481250
4 0.700000 0.466667 0.735938 0.466667 0.735938 0.531250 0.700000 0.531250
8 0.606250 0.387500 0.739062 0.387500 0.739062 0.627083 0.606250 0.627083
4 0.489063 0.472917 0.550000 0.472917 0.550000 0.558333 0.489063 0.558333
4 0.728125 0.487500 0.793750 0.487500 0.793750 0.560417 0.728125 0.560417
4 0.500000 0.516667 0.564062 0.516667 0.564062 0.604167 0.500000 0.604167
4 0.771875 0.543750 0.859375 0.543750 0.859375 0.647917 0.771875 0.647917
4 0.523438 0.550000 0.617188 0.550000 0.617188 0.714583 0.523438 0.714583
4 0.901563 0.656250 1.000000 0.656250 1.000000 0.827083 0.901563 0.827083
4 0.751563 0.702083 0.907813 0.702083 0.907813 0.912500 0.751563 0.912500
4 0.551563 0.722917 0.685937 0.722917 0.685937 0.927083 0.551563 0.927083