4 0.381250 0.308333 0.404687 0.308333 0.404687 0.333333 0.381250 0.333333
1 0.554688 0.291667 0.609375 0.291667 0.609375 0.364583 0.554688 0.364583
7 0.318750 0.295833 0.364063 0.295833 0.364063 0.368750 0.318750 0.368750
1 0.504687 0.291667 0.554688 0.291667 0.554688 0.387500 0.504687 0.387500
0 0.453125 0.302083 0.506250 0.302083 0.506250 0.385417 0.453125 0.385417
4 0.371875 0.337500 0.401562 0.337500 0.401562 0.366667 0.371875 0.366667
7 0.260937 0.333333 0.306250 0.333333 0.306250 0.410417 0.260937 0.410417
4 0.351562 0.370833 0.385938 0.370833 0.385938 0.408333 0.351562 0.408333
4 0.621875 0.364583 0.659375 0.364583 0.659375 0.439583 0.621875 0.439583
4 0.465625 0.375000 0.514062 0.375000 0.514062 0.431250 0.465625 0.431250
1 0.543750 0.347917 0.640625 0.347917 0.640625 0.508333 0.543750 0.508333
1 0.645312 0.370833 0.770312 0.370833 0.770312 0.533333 0.645312 0.533333
4 0.231250 0.422917 0.287500 0.422917 0.287500 0.487500 0.231250 0.487500
4 0.314063 0.462500 0.375000 0.462500 0.375000 0.539583 0.314063 0.539583
4 0.178125 0.452083 0.257812 0.452083 0.257812 0.570833 0.178125 0.570833
7 0.018750 0.487500 0.132812 0.487500 0.132812 0.620833 0.018750 0.620833
4 0.510937 0.533333 0.584375 0.533333 0.584375 0.650000 0.510937 0.650000
7 0.817187 0.514583 1.000000 0.514583 1.000000 0.708333 0.817187 0.708333
4 0.690625 0.583333 0.796875 0.583333 0.796875 0.743750 0.690625 0.743750
1 0.793750 0.635417 1.000000 0.635417 1.000000 1.000000 0.793750 1.000000
4 0.134375 0.754167 0.289062 0.754167 0.289062 0.939583 0.134375 0.939583