4 0.385937 0.293750 0.409375 0.293750 0.409375 0.331250 0.385937 0.331250
10 0.271875 0.314583 0.304688 0.314583 0.304688 0.379167 0.271875 0.379167
8 0.298438 0.312500 0.351562 0.312500 0.351562 0.389583 0.298438 0.389583
10 0.521875 0.308333 0.567188 0.308333 0.567188 0.395833 0.521875 0.395833
4 0.465625 0.350000 0.498438 0.350000 0.498438 0.395833 0.465625 0.395833
4 0.340625 0.377083 0.381250 0.377083 0.381250 0.427083 0.340625 0.427083
8 0.153125 0.397917 0.279687 0.397917 0.279687 0.568750 0.153125 0.568750
4 0.281250 0.491667 0.360938 0.491667 0.360938 0.595833 0.281250 0.595833
9 0.010937 0.527083 0.171875 0.527083 0.171875 0.766667 0.010937 0.766667
4 0.523438 0.572917 0.618750 0.572917 0.618750 0.729167 0.523438 0.729167
4 0.703125 0.639583 0.853125 0.639583 0.853125 0.818750 0.703125 0.818750