5 0.231250 0.310417 0.293750 0.310417 0.293750 0.372917 0.231250 0.372917
4 0.367188 0.358333 0.400000 0.358333 0.400000 0.400000 0.367188 0.400000
4 0.542188 0.381250 0.573438 0.381250 0.573438 0.420833 0.542188 0.420833
1 0.150000 0.360417 0.223437 0.360417 0.223437 0.452083 0.150000 0.452083
5 0.218750 0.339583 0.312500 0.339583 0.312500 0.485417 0.218750 0.485417
4 0.560938 0.406250 0.609375 0.406250 0.609375 0.466667 0.560938 0.466667
4 0.487500 0.439583 0.537500 0.439583 0.537500 0.514583 0.487500 0.514583
9 0.689063 0.452083 0.782813 0.452083 0.782813 0.581250 0.689063 0.581250
5 0.064063 0.412500 0.242188 0.412500 0.242188 0.662500 0.064063 0.662500
4 0.598437 0.502083 0.664062 0.502083 0.664062 0.581250 0.598437 0.581250
4 0.514062 0.520833 0.589062 0.520833 0.589062 0.633333 0.514062 0.633333
7 0.000000 0.520833 0.070312 0.520833 0.070312 0.650000 0.000000 0.650000
9 0.657812 0.552083 0.796875 0.552083 0.796875 0.733333 0.657812 0.733333
4 0.221875 0.647917 0.328125 0.647917 0.328125 0.797917 0.221875 0.797917