1 0.550000 0.289583 0.601562 0.289583 0.601562 0.343750 0.550000 0.343750
7 0.309375 0.306250 0.354687 0.306250 0.354687 0.360417 0.309375 0.360417
1 0.501563 0.308333 0.556250 0.308333 0.556250 0.379167 0.501563 0.379167
4 0.459375 0.339583 0.496875 0.339583 0.496875 0.370833 0.459375 0.370833
7 0.353125 0.318750 0.400000 0.318750 0.400000 0.402083 0.353125 0.402083
1 0.575000 0.325000 0.631250 0.325000 0.631250 0.404167 0.575000 0.404167
7 0.528125 0.345833 0.575000 0.345833 0.575000 0.425000 0.528125 0.425000
7 0.281250 0.358333 0.329688 0.358333 0.329688 0.414583 0.281250 0.414583
4 0.464062 0.375000 0.503125 0.375000 0.503125 0.400000 0.464062 0.400000
7 0.620313 0.356250 0.684375 0.356250 0.684375 0.450000 0.620313 0.450000
4 0.475000 0.391667 0.507812 0.391667 0.507812 0.422917 0.475000 0.422917
4 0.556250 0.400000 0.589062 0.400000 0.589062 0.445833 0.556250 0.445833
4 0.481250 0.410417 0.528125 0.410417 0.528125 0.445833 0.481250 0.445833
4 0.568750 0.416667 0.614063 0.416667 0.614063 0.466667 0.568750 0.466667
7 0.660937 0.387500 0.754687 0.387500 0.754687 0.518750 0.660937 0.518750
4 0.482812 0.437500 0.525000 0.437500 0.525000 0.481250 0.482812 0.481250
4 0.495313 0.454167 0.539062 0.454167 0.539062 0.483333 0.495313 0.483333
7 0.590625 0.441667 0.650000 0.441667 0.650000 0.562500 0.590625 0.562500
7 0.482812 0.479167 0.553125 0.479167 0.553125 0.591667 0.482812 0.591667
7 0.612500 0.445833 0.728125 0.445833 0.728125 0.635417 0.612500 0.635417
7 0.704688 0.556250 0.762500 0.556250 0.762500 0.702083 0.704688 0.702083
4 0.503125 0.593750 0.610938 0.593750 0.610938 0.716667 0.503125 0.716667
1 0.743750 0.537500 0.954688 0.537500 0.954688 0.870833 0.743750 0.870833
4 0.529687 0.712500 0.667187 0.712500 0.667187 0.902083 0.529687 0.902083
1 0.857812 0.691667 0.954688 0.691667 0.954688 1.000000 0.857812 1.000000
4 0.564063 0.900000 0.720313 0.900000 0.720313 1.000000 0.564063 1.000000