1 0.260937 0.320833 0.306250 0.320833 0.306250 0.379167 0.260937 0.379167
4 0.362500 0.337500 0.396875 0.337500 0.396875 0.393750 0.362500 0.393750
1 0.295313 0.327083 0.346875 0.327083 0.346875 0.410417 0.295313 0.410417
7 0.579688 0.320833 0.634375 0.320833 0.634375 0.422917 0.579688 0.422917
7 0.607812 0.341667 0.681250 0.341667 0.681250 0.456250 0.607812 0.456250
7 0.210938 0.383333 0.289062 0.383333 0.289062 0.485417 0.210938 0.485417
4 0.567187 0.408333 0.609375 0.408333 0.609375 0.466667 0.567187 0.466667
4 0.317188 0.412500 0.387500 0.412500 0.387500 0.466667 0.317188 0.466667
4 0.709375 0.414583 0.767188 0.414583 0.767188 0.481250 0.709375 0.481250
7 0.156250 0.435417 0.253125 0.435417 0.253125 0.550000 0.156250 0.550000
7 0.478125 0.450000 0.542187 0.450000 0.542187 0.535417 0.478125 0.535417
1 0.767188 0.433333 0.900000 0.433333 0.900000 0.558333 0.767188 0.558333
7 0.582813 0.439583 0.642188 0.439583 0.642188 0.564583 0.582813 0.564583
7 0.617188 0.447917 0.728125 0.447917 0.728125 0.672917 0.617188 0.672917
4 0.485937 0.520833 0.562500 0.520833 0.562500 0.637500 0.485937 0.637500
4 0.510938 0.564583 0.609375 0.564583 0.609375 0.700000 0.510938 0.700000
7 0.710938 0.564583 0.768750 0.564583 0.768750 0.727083 0.710938 0.727083
1 0.748437 0.537500 0.967187 0.537500 0.967187 0.847917 0.748437 0.847917
4 0.200000 0.654167 0.318750 0.654167 0.318750 0.831250 0.200000 0.831250
4 0.526562 0.675000 0.626563 0.675000 0.626563 0.858333 0.526562 0.858333
1 0.860937 0.691667 1.000000 0.691667 1.000000 1.000000 0.860937 1.000000
4 0.648438 0.800000 0.826563 0.800000 0.826563 0.997917 0.648438 0.997917