10 0.612500 0.370833 0.662500 0.370833 0.662500 0.443750 0.612500 0.443750
4 0.543750 0.383333 0.585938 0.383333 0.585938 0.435417 0.543750 0.435417
1 0.229687 0.339583 0.314062 0.339583 0.314062 0.483333 0.229687 0.483333
4 0.687500 0.406250 0.732813 0.406250 0.732813 0.464583 0.687500 0.464583
4 0.468750 0.412500 0.517188 0.412500 0.517188 0.485417 0.468750 0.485417
4 0.643750 0.425000 0.701562 0.425000 0.701562 0.495833 0.643750 0.495833
4 0.560937 0.429167 0.615625 0.429167 0.615625 0.502083 0.560937 0.502083
9 0.035938 0.379167 0.179688 0.379167 0.179688 0.568750 0.035938 0.568750
9 0.728125 0.447917 0.842187 0.447917 0.842187 0.606250 0.728125 0.606250
4 0.510938 0.510417 0.585938 0.510417 0.585938 0.616667 0.510938 0.616667
9 0.650000 0.497917 0.782813 0.497917 0.782813 0.725000 0.650000 0.725000
9 0.767187 0.606250 1.000000 0.606250 1.000000 1.000000 0.767187 1.000000