2 0.587500 0.322917 0.660938 0.322917 0.660938 0.437500 0.587500 0.437500
4 0.467187 0.375000 0.506250 0.375000 0.506250 0.420833 0.467187 0.420833
9 0.540625 0.360417 0.592187 0.360417 0.592187 0.458333 0.540625 0.458333
4 0.479688 0.402083 0.526563 0.402083 0.526563 0.468750 0.479688 0.468750
7 0.164062 0.397917 0.234375 0.397917 0.234375 0.485417 0.164062 0.485417
10 0.681250 0.431250 0.756250 0.431250 0.756250 0.545833 0.681250 0.545833
4 0.590625 0.456250 0.651563 0.456250 0.651563 0.533333 0.590625 0.533333
7 0.207813 0.460417 0.276562 0.460417 0.276562 0.545833 0.207813 0.545833
4 0.501563 0.522917 0.581250 0.522917 0.581250 0.637500 0.501563 0.637500
4 0.200000 0.535417 0.284375 0.535417 0.284375 0.631250 0.200000 0.631250
4 0.762500 0.537500 0.864062 0.537500 0.864062 0.677083 0.762500 0.677083
4 0.642188 0.577083 0.740625 0.577083 0.740625 0.706250 0.642188 0.706250
4 0.223438 0.620833 0.325000 0.620833 0.325000 0.743750 0.223438 0.743750