7 0.323437 0.275000 0.356250 0.275000 0.356250 0.325000 0.323437 0.325000
1 0.351562 0.268750 0.390625 0.268750 0.390625 0.335417 0.351562 0.335417
4 0.390625 0.302083 0.412500 0.302083 0.412500 0.331250 0.390625 0.331250
7 0.287500 0.318750 0.339062 0.318750 0.339062 0.391667 0.287500 0.391667
7 0.329688 0.329167 0.392188 0.329167 0.392188 0.456250 0.329688 0.456250
7 0.615625 0.352083 0.679688 0.352083 0.679688 0.452083 0.615625 0.452083
7 0.257812 0.389583 0.307813 0.389583 0.307813 0.456250 0.257812 0.456250
7 0.656250 0.375000 0.748438 0.375000 0.748438 0.527083 0.656250 0.527083
7 0.589062 0.437500 0.654687 0.437500 0.654687 0.589583 0.589062 0.589583
7 0.481250 0.466667 0.553125 0.466667 0.553125 0.593750 0.481250 0.593750
7 0.614063 0.445833 0.720313 0.445833 0.720313 0.656250 0.614063 0.656250
1 0.907812 0.556250 1.000000 0.556250 1.000000 0.689583 0.907812 0.689583
7 0.704688 0.566667 0.756250 0.566667 0.756250 0.718750 0.704688 0.718750
4 0.493750 0.570833 0.590625 0.570833 0.590625 0.718750 0.493750 0.718750
1 0.739063 0.535417 0.978125 0.535417 0.978125 0.872917 0.739063 0.872917
4 0.529687 0.689583 0.665625 0.689583 0.665625 0.908333 0.529687 0.908333
1 0.853125 0.689583 1.000000 0.689583 1.000000 1.000000 0.853125 1.000000
4 0.556250 0.883333 0.750000 0.883333 0.750000 1.000000 0.556250 1.000000