2 0.592188 0.325000 0.671875 0.325000 0.671875 0.443750 0.592188 0.443750
4 0.467188 0.381250 0.504688 0.381250 0.504688 0.427083 0.467188 0.427083
9 0.545312 0.370833 0.600000 0.370833 0.600000 0.464583 0.545312 0.464583
7 0.181250 0.391667 0.245312 0.391667 0.245312 0.472917 0.181250 0.472917
4 0.482812 0.408333 0.529687 0.408333 0.529687 0.475000 0.482812 0.475000
7 0.229687 0.433333 0.292187 0.433333 0.292187 0.508333 0.229687 0.508333
10 0.690625 0.437500 0.768750 0.437500 0.768750 0.558333 0.690625 0.558333
4 0.596875 0.462500 0.657813 0.462500 0.657813 0.550000 0.596875 0.550000
4 0.228125 0.506250 0.301563 0.506250 0.301563 0.587500 0.228125 0.587500
4 0.504688 0.537500 0.584375 0.537500 0.584375 0.652083 0.504688 0.652083
4 0.776563 0.550000 0.882812 0.550000 0.882812 0.700000 0.776563 0.700000
4 0.245312 0.581250 0.332813 0.581250 0.332813 0.693750 0.245312 0.693750
4 0.653125 0.600000 0.762500 0.600000 0.762500 0.739583 0.653125 0.739583