7 0.245313 0.325000 0.295313 0.325000 0.295313 0.391667 0.245313 0.391667
1 0.512500 0.320833 0.573438 0.320833 0.573438 0.422917 0.512500 0.422917
7 0.590625 0.356250 0.639062 0.356250 0.639062 0.418750 0.590625 0.418750
4 0.465625 0.372917 0.503125 0.372917 0.503125 0.420833 0.465625 0.420833
4 0.334375 0.383333 0.376563 0.383333 0.376563 0.433333 0.334375 0.433333
4 0.548438 0.410417 0.600000 0.410417 0.600000 0.472917 0.548438 0.472917
4 0.635937 0.416667 0.685937 0.416667 0.685937 0.483333 0.635937 0.483333
4 0.484375 0.429167 0.539062 0.429167 0.539062 0.500000 0.484375 0.500000
7 0.689062 0.431250 0.773438 0.431250 0.773438 0.560417 0.689062 0.560417
4 0.615625 0.502083 0.701562 0.502083 0.701562 0.614583 0.615625 0.614583
4 0.500000 0.520833 0.576563 0.520833 0.576563 0.614583 0.500000 0.614583
1 0.784375 0.420833 1.000000 0.420833 1.000000 0.754167 0.784375 0.754167
4 0.553125 0.664583 0.698437 0.664583 0.698437 0.883333 0.553125 0.883333
4 0.104688 0.827083 0.267188 0.827083 0.267188 0.997917 0.104688 0.997917