4 0.354687 0.350000 0.389063 0.350000 0.389063 0.393750 0.354687 0.393750
4 0.471875 0.381250 0.509375 0.381250 0.509375 0.429167 0.471875 0.429167
5 0.129688 0.352083 0.237500 0.352083 0.237500 0.470833 0.129688 0.470833
4 0.271875 0.385417 0.317188 0.385417 0.317188 0.447917 0.271875 0.447917
9 0.621875 0.387500 0.679688 0.387500 0.679688 0.470833 0.621875 0.470833
4 0.543750 0.408333 0.589063 0.408333 0.589063 0.460417 0.543750 0.460417
4 0.490625 0.422917 0.542187 0.422917 0.542187 0.489583 0.490625 0.489583
9 0.573437 0.435417 0.642188 0.435417 0.642188 0.535417 0.573437 0.535417
4 0.301562 0.506250 0.367188 0.506250 0.367188 0.595833 0.301562 0.595833
5 0.034375 0.422917 0.235938 0.422917 0.235938 0.704167 0.034375 0.704167
4 0.501562 0.527083 0.578125 0.527083 0.578125 0.631250 0.501562 0.631250
4 0.757812 0.689583 0.898438 0.689583 0.898438 0.875000 0.757812 0.875000