5 0.364062 0.347917 0.390625 0.347917 0.390625 0.379167 0.364062 0.379167
1 0.521875 0.327083 0.587500 0.327083 0.587500 0.437500 0.521875 0.437500
7 0.606250 0.370833 0.662500 0.370833 0.662500 0.443750 0.606250 0.443750
4 0.471875 0.397917 0.512500 0.397917 0.512500 0.443750 0.471875 0.443750
4 0.565625 0.433333 0.620313 0.433333 0.620313 0.497917 0.565625 0.497917
4 0.654688 0.439583 0.710938 0.439583 0.710938 0.512500 0.654688 0.512500
7 0.078125 0.433333 0.170313 0.433333 0.170313 0.556250 0.078125 0.556250
4 0.501563 0.466667 0.559375 0.466667 0.559375 0.541667 0.501563 0.541667
4 0.292187 0.493750 0.353125 0.493750 0.353125 0.560417 0.292187 0.560417
7 0.720313 0.456250 0.815625 0.456250 0.815625 0.600000 0.720313 0.600000
1 0.845312 0.456250 1.000000 0.456250 1.000000 0.816667 0.845312 0.816667
4 0.654687 0.572917 0.764062 0.572917 0.764062 0.710417 0.654687 0.710417
4 0.517188 0.591667 0.604687 0.591667 0.604687 0.704167 0.517188 0.704167