7 0.306250 0.300000 0.332813 0.300000 0.332813 0.339583 0.306250 0.339583
4 0.332813 0.327083 0.360937 0.327083 0.360937 0.368750 0.332813 0.368750
4 0.464062 0.358333 0.493750 0.358333 0.493750 0.389583 0.464062 0.389583
1 0.592187 0.316667 0.670312 0.316667 0.670312 0.439583 0.592187 0.439583
4 0.475000 0.370833 0.514062 0.370833 0.514062 0.418750 0.475000 0.418750
1 0.526563 0.356250 0.598437 0.356250 0.598437 0.447917 0.526563 0.447917
4 0.262500 0.402083 0.310938 0.402083 0.310938 0.466667 0.262500 0.466667
4 0.476562 0.420833 0.520312 0.420833 0.520312 0.481250 0.476562 0.481250
4 0.312500 0.470833 0.368750 0.470833 0.368750 0.543750 0.312500 0.543750
4 0.598438 0.479167 0.657813 0.479167 0.657813 0.554167 0.598438 0.554167
4 0.495312 0.485417 0.556250 0.485417 0.556250 0.570833 0.495312 0.570833
1 0.670313 0.458333 1.000000 0.458333 1.000000 1.000000 0.670313 1.000000
4 0.554688 0.716667 0.668750 0.716667 0.668750 0.887500 0.554688 0.887500