4 0.295313 0.300000 0.332813 0.300000 0.332813 0.347917 0.295313 0.347917
1 0.571875 0.293750 0.623437 0.293750 0.623437 0.393750 0.571875 0.393750
1 0.510938 0.302083 0.570312 0.302083 0.570312 0.412500 0.510938 0.412500
0 0.459375 0.316667 0.514062 0.316667 0.514062 0.414583 0.459375 0.414583
4 0.370312 0.343750 0.403125 0.343750 0.403125 0.391667 0.370312 0.391667
4 0.626563 0.358333 0.662500 0.358333 0.662500 0.393750 0.626563 0.393750
4 0.234375 0.345833 0.275000 0.345833 0.275000 0.418750 0.234375 0.418750
4 0.289062 0.347917 0.329688 0.347917 0.329688 0.429167 0.289062 0.429167
4 0.342188 0.393750 0.387500 0.393750 0.387500 0.439583 0.342188 0.439583
4 0.487500 0.439583 0.542188 0.439583 0.542188 0.535417 0.487500 0.535417
1 0.585938 0.408333 0.737500 0.408333 0.737500 0.656250 0.585938 0.656250
1 0.735938 0.427083 0.923438 0.427083 0.923438 0.672917 0.735938 0.672917
4 0.223438 0.662500 0.331250 0.662500 0.331250 0.797917 0.223438 0.797917
1 0.000000 0.635417 0.156250 0.635417 0.156250 0.858333 0.000000 0.858333