4 0.340625 0.375000 0.379688 0.375000 0.379688 0.418750 0.340625 0.418750
7 0.632812 0.366667 0.696875 0.366667 0.696875 0.477083 0.632812 0.477083
4 0.568750 0.414583 0.615625 0.414583 0.615625 0.485417 0.568750 0.485417
4 0.476562 0.420833 0.518750 0.420833 0.518750 0.483333 0.476562 0.483333
1 0.204688 0.377083 0.314063 0.377083 0.314063 0.529167 0.204688 0.529167
4 0.485938 0.445833 0.540625 0.445833 0.540625 0.518750 0.485938 0.518750
7 0.720313 0.433333 0.814063 0.433333 0.814063 0.556250 0.720313 0.556250
7 0.593750 0.443750 0.654688 0.443750 0.654688 0.579167 0.593750 0.579167
4 0.504688 0.487500 0.556250 0.487500 0.556250 0.539583 0.504688 0.539583
7 0.623437 0.439583 0.717187 0.439583 0.717187 0.645833 0.623437 0.645833
4 0.293750 0.510417 0.368750 0.510417 0.368750 0.602083 0.293750 0.602083
4 0.523438 0.516667 0.593750 0.516667 0.593750 0.635417 0.523438 0.635417
1 0.825000 0.510417 0.992188 0.510417 0.992188 0.693750 0.825000 0.693750
7 0.495312 0.545833 0.575000 0.545833 0.575000 0.702083 0.495312 0.702083
7 0.718750 0.558333 0.790625 0.558333 0.790625 0.702083 0.718750 0.702083
4 0.151563 0.616667 0.256250 0.616667 0.256250 0.741667 0.151563 0.741667
1 0.750000 0.543750 0.965625 0.543750 0.965625 0.891667 0.750000 0.891667
4 0.525000 0.650000 0.629688 0.650000 0.629688 0.810417 0.525000 0.810417
4 0.543750 0.754167 0.684375 0.754167 0.684375 0.966667 0.543750 0.966667