4 0.470312 0.356250 0.503125 0.356250 0.503125 0.397917 0.470312 0.397917
4 0.296875 0.368750 0.334375 0.368750 0.334375 0.412500 0.296875 0.412500
4 0.546875 0.383333 0.587500 0.383333 0.587500 0.437500 0.546875 0.437500
4 0.342187 0.393750 0.382812 0.393750 0.382812 0.433333 0.342187 0.433333
4 0.500000 0.418750 0.545313 0.418750 0.545313 0.489583 0.500000 0.489583
4 0.248438 0.425000 0.300000 0.425000 0.300000 0.487500 0.248438 0.487500
10 0.701562 0.439583 0.771875 0.439583 0.771875 0.562500 0.701562 0.562500
9 0.621875 0.429167 0.720313 0.429167 0.720313 0.610417 0.621875 0.610417
4 0.550000 0.579167 0.629687 0.579167 0.629687 0.700000 0.550000 0.700000
4 0.151562 0.712500 0.282813 0.712500 0.282813 0.868750 0.151562 0.868750
4 0.568750 0.795833 0.720313 0.795833 0.720313 1.000000 0.568750 1.000000