8 0.562500 0.310417 0.610937 0.310417 0.610937 0.389583 0.562500 0.389583
9 0.512500 0.318750 0.560937 0.318750 0.560937 0.404167 0.512500 0.404167
4 0.460938 0.358333 0.500000 0.358333 0.500000 0.400000 0.460938 0.400000
9 0.534375 0.352083 0.582812 0.352083 0.582812 0.435417 0.534375 0.435417
7 0.259375 0.354167 0.320312 0.354167 0.320312 0.443750 0.259375 0.443750
4 0.475000 0.393750 0.517188 0.393750 0.517188 0.445833 0.475000 0.445833
11 0.603125 0.385417 0.701562 0.385417 0.701562 0.477083 0.603125 0.477083
4 0.495313 0.414583 0.542188 0.414583 0.542188 0.464583 0.495313 0.464583
4 0.179688 0.414583 0.234375 0.414583 0.234375 0.470833 0.179688 0.470833
3 0.482812 0.435417 0.553125 0.435417 0.553125 0.562500 0.482812 0.562500
4 0.775000 0.477083 0.854687 0.477083 0.854687 0.545833 0.775000 0.545833
9 0.626563 0.500000 0.754688 0.500000 0.754688 0.689583 0.626563 0.689583
9 0.754688 0.514583 0.884375 0.514583 0.884375 0.693750 0.754688 0.693750
4 0.875000 0.545833 0.985937 0.545833 0.985937 0.675000 0.875000 0.675000
4 0.518750 0.554167 0.612500 0.554167 0.612500 0.702083 0.518750 0.702083
4 0.226563 0.631250 0.323438 0.631250 0.323438 0.743750 0.226563 0.743750
4 0.778125 0.739583 0.939063 0.739583 0.939063 0.956250 0.778125 0.956250