2 0.515625 0.320833 0.578125 0.320833 0.578125 0.410417 0.515625 0.410417
4 0.462500 0.350000 0.496875 0.350000 0.496875 0.387500 0.462500 0.387500
4 0.464062 0.372917 0.496875 0.372917 0.496875 0.416667 0.464062 0.416667
4 0.471875 0.391667 0.504687 0.391667 0.504687 0.422917 0.471875 0.422917
4 0.532813 0.391667 0.573437 0.391667 0.573437 0.435417 0.532813 0.435417
4 0.471875 0.406250 0.523438 0.406250 0.523438 0.462500 0.471875 0.462500
4 0.546875 0.414583 0.582812 0.414583 0.582812 0.472917 0.546875 0.472917
4 0.482812 0.437500 0.534375 0.437500 0.534375 0.520833 0.482812 0.520833
2 0.584375 0.406250 0.709375 0.406250 0.709375 0.620833 0.584375 0.620833
4 0.701562 0.475000 0.756250 0.475000 0.756250 0.560417 0.701562 0.560417
4 0.495312 0.506250 0.571875 0.506250 0.571875 0.604167 0.495312 0.604167
4 0.212500 0.602083 0.312500 0.602083 0.312500 0.725000 0.212500 0.725000
4 0.518750 0.610417 0.621875 0.610417 0.621875 0.735417 0.518750 0.735417
8 0.746875 0.539583 1.000000 0.539583 1.000000 1.000000 0.746875 1.000000