4 0.567187 0.339583 0.606250 0.339583 0.606250 0.389583 0.567187 0.389583
4 0.523438 0.364583 0.560938 0.364583 0.560938 0.404167 0.523438 0.404167
4 0.590625 0.377083 0.625000 0.377083 0.625000 0.418750 0.590625 0.418750
4 0.470312 0.379167 0.504687 0.379167 0.504687 0.420833 0.470312 0.420833
7 0.632812 0.385417 0.684375 0.385417 0.684375 0.452083 0.632812 0.452083
4 0.554688 0.412500 0.606250 0.412500 0.606250 0.464583 0.554688 0.464583
5 0.123437 0.400000 0.207813 0.400000 0.207813 0.495833 0.123437 0.495833
4 0.478125 0.420833 0.523438 0.420833 0.523438 0.475000 0.478125 0.475000
1 0.681250 0.364583 0.845313 0.364583 0.845313 0.614583 0.681250 0.614583
4 0.496875 0.475000 0.567187 0.475000 0.567187 0.572917 0.496875 0.572917
1 0.596875 0.445833 0.728125 0.445833 0.728125 0.633333 0.596875 0.633333
4 0.534375 0.614583 0.637500 0.614583 0.637500 0.764583 0.534375 0.764583
4 0.567188 0.816667 0.725000 0.816667 0.725000 1.000000 0.567188 1.000000