6 0.320312 0.322917 0.351562 0.322917 0.351562 0.379167 0.320312 0.379167
4 0.357812 0.364583 0.390625 0.364583 0.390625 0.404167 0.357812 0.404167
8 0.601562 0.347917 0.684375 0.347917 0.684375 0.441667 0.601562 0.441667
10 0.535938 0.370833 0.564063 0.370833 0.564063 0.443750 0.535938 0.443750
4 0.684375 0.387500 0.732812 0.387500 0.732812 0.456250 0.684375 0.456250
4 0.476562 0.397917 0.517188 0.397917 0.517188 0.452083 0.476562 0.452083
9 0.560938 0.364583 0.632812 0.364583 0.632812 0.500000 0.560938 0.500000
4 0.485937 0.439583 0.534375 0.439583 0.534375 0.506250 0.485937 0.506250
9 0.609375 0.437500 0.700000 0.437500 0.700000 0.602083 0.609375 0.602083
11 0.718750 0.502083 0.926562 0.502083 0.926562 0.687500 0.718750 0.687500
4 0.528125 0.579167 0.617188 0.579167 0.617188 0.712500 0.528125 0.712500
4 0.717188 0.729167 0.882812 0.729167 0.882812 0.947917 0.717188 0.947917
4 0.154687 0.791667 0.293750 0.791667 0.293750 0.977083 0.154687 0.977083