4 0.385938 0.295833 0.414062 0.295833 0.414062 0.333333 0.385938 0.333333
4 0.346875 0.304167 0.378125 0.304167 0.378125 0.333333 0.346875 0.333333
7 0.270313 0.287500 0.326563 0.287500 0.326563 0.375000 0.270313 0.375000
4 0.367188 0.316667 0.407813 0.316667 0.407813 0.366667 0.367188 0.366667
1 0.503125 0.312500 0.573438 0.312500 0.573438 0.418750 0.503125 0.418750
4 0.617188 0.379167 0.659375 0.379167 0.659375 0.439583 0.617188 0.439583
4 0.334375 0.381250 0.389062 0.381250 0.389062 0.460417 0.334375 0.460417
7 0.543750 0.379167 0.628125 0.379167 0.628125 0.504167 0.543750 0.504167
4 0.653125 0.406250 0.710938 0.406250 0.710938 0.487500 0.653125 0.487500
4 0.482813 0.454167 0.551563 0.454167 0.551563 0.539583 0.482813 0.539583
4 0.751563 0.477083 0.825000 0.477083 0.825000 0.572917 0.751563 0.572917
4 0.596875 0.472917 0.670312 0.472917 0.670312 0.579167 0.596875 0.579167
4 0.498437 0.516667 0.584375 0.516667 0.584375 0.643750 0.498437 0.643750
1 0.809375 0.493750 1.000000 0.493750 1.000000 0.847917 0.809375 0.847917
4 0.515625 0.639583 0.635938 0.639583 0.635938 0.837500 0.515625 0.837500
4 0.154687 0.637500 0.317188 0.637500 0.317188 0.889583 0.154687 0.889583
4 0.759375 0.758333 0.959375 0.758333 0.959375 1.000000 0.759375 1.000000