8 0.584375 0.316667 0.634375 0.316667 0.634375 0.406250 0.584375 0.406250
0 0.517188 0.329167 0.581250 0.329167 0.581250 0.429167 0.517188 0.429167
4 0.476562 0.402083 0.517188 0.402083 0.517188 0.445833 0.476562 0.445833
8 0.637500 0.364583 0.732812 0.364583 0.732812 0.510417 0.637500 0.510417
4 0.165625 0.418750 0.223437 0.418750 0.223437 0.479167 0.165625 0.479167
10 0.556250 0.406250 0.606250 0.406250 0.606250 0.504167 0.556250 0.504167
4 0.326562 0.427083 0.376563 0.427083 0.376563 0.487500 0.326562 0.487500
4 0.732812 0.431250 0.776562 0.431250 0.776562 0.495833 0.732812 0.495833
4 0.485938 0.439583 0.543750 0.439583 0.543750 0.514583 0.485938 0.514583
9 0.595313 0.408333 0.689063 0.408333 0.689063 0.579167 0.595313 0.579167
4 0.807813 0.497917 0.901563 0.497917 0.901563 0.604167 0.807813 0.604167
4 0.506250 0.518750 0.584375 0.518750 0.584375 0.625000 0.506250 0.625000
9 0.673438 0.516667 0.817188 0.516667 0.817188 0.781250 0.673438 0.781250