1 0.321875 0.312500 0.359375 0.312500 0.359375 0.379167 0.321875 0.379167
4 0.362500 0.360417 0.395313 0.360417 0.395313 0.400000 0.362500 0.400000
4 0.523438 0.356250 0.559375 0.356250 0.559375 0.406250 0.523438 0.406250
10 0.585938 0.350000 0.629687 0.350000 0.629687 0.418750 0.585938 0.418750
4 0.293750 0.366667 0.328125 0.366667 0.328125 0.410417 0.293750 0.410417
10 0.223438 0.356250 0.276562 0.356250 0.276562 0.427083 0.223438 0.427083
4 0.471875 0.381250 0.506250 0.381250 0.506250 0.429167 0.471875 0.429167
4 0.553125 0.387500 0.595313 0.387500 0.595313 0.450000 0.553125 0.450000
10 0.157813 0.368750 0.226562 0.368750 0.226562 0.470833 0.157813 0.470833
4 0.339062 0.406250 0.389063 0.406250 0.389063 0.456250 0.339062 0.456250
4 0.646875 0.416667 0.700000 0.416667 0.700000 0.483333 0.646875 0.483333
4 0.485938 0.435417 0.540625 0.435417 0.540625 0.531250 0.485938 0.531250
4 0.318750 0.452083 0.373437 0.452083 0.373437 0.520833 0.318750 0.520833
10 0.596875 0.439583 0.667188 0.439583 0.667188 0.552083 0.596875 0.552083
10 0.156250 0.445833 0.251563 0.445833 0.251563 0.581250 0.156250 0.581250
4 0.501562 0.506250 0.570312 0.506250 0.570312 0.608333 0.501562 0.608333
10 0.823438 0.508333 0.859375 0.508333 0.859375 0.639583 0.823438 0.639583
10 0.000000 0.518750 0.071875 0.518750 0.071875 0.679167 0.000000 0.679167
4 0.246875 0.604167 0.332813 0.604167 0.332813 0.716667 0.246875 0.716667
11 0.664062 0.466667 0.925000 0.466667 0.925000 0.893750 0.664062 0.893750