2 0.503125 0.314583 0.565625 0.314583 0.565625 0.402083 0.503125 0.402083
4 0.310937 0.345833 0.335938 0.345833 0.335938 0.379167 0.310937 0.379167
4 0.459375 0.347917 0.487500 0.347917 0.487500 0.379167 0.459375 0.379167
4 0.346875 0.356250 0.387500 0.356250 0.387500 0.395833 0.346875 0.395833
8 0.612500 0.331250 0.712500 0.331250 0.712500 0.443750 0.612500 0.443750
4 0.462500 0.370833 0.500000 0.370833 0.500000 0.414583 0.462500 0.414583
4 0.465625 0.404167 0.515625 0.404167 0.515625 0.466667 0.465625 0.466667
2 0.543750 0.356250 0.626563 0.356250 0.626563 0.514583 0.543750 0.514583
4 0.229687 0.420833 0.276562 0.420833 0.276562 0.475000 0.229687 0.475000
4 0.334375 0.418750 0.378125 0.418750 0.378125 0.481250 0.334375 0.481250
4 0.487500 0.433333 0.531250 0.433333 0.531250 0.470833 0.487500 0.470833
4 0.698438 0.458333 0.734375 0.458333 0.734375 0.522917 0.698438 0.522917
8 0.593750 0.385417 0.717188 0.385417 0.717188 0.614583 0.593750 0.614583
4 0.482813 0.462500 0.546875 0.462500 0.546875 0.550000 0.482813 0.550000
4 0.728125 0.489583 0.793750 0.489583 0.793750 0.562500 0.728125 0.562500
4 0.760938 0.527083 0.828125 0.527083 0.828125 0.585417 0.760938 0.585417
4 0.503125 0.512500 0.600000 0.512500 0.600000 0.633333 0.503125 0.633333
4 0.812500 0.568750 0.906250 0.568750 0.906250 0.639583 0.812500 0.639583
4 0.650000 0.545833 0.737500 0.545833 0.737500 0.683333 0.650000 0.683333
4 0.510937 0.595833 0.607812 0.595833 0.607812 0.714583 0.510937 0.714583
4 0.521875 0.670833 0.639062 0.670833 0.639062 0.841667 0.521875 0.841667
8 0.756250 0.608333 1.000000 0.608333 1.000000 1.000000 0.756250 1.000000
4 0.573438 0.800000 0.723437 0.800000 0.723437 0.997917 0.573438 0.997917