2 0.576562 0.325000 0.645313 0.325000 0.645313 0.427083 0.576562 0.427083
10 0.554688 0.366667 0.606250 0.366667 0.606250 0.462500 0.554688 0.462500
4 0.501563 0.418750 0.548438 0.418750 0.548438 0.489583 0.501563 0.489583
4 0.248438 0.425000 0.300000 0.425000 0.300000 0.491667 0.248438 0.491667
4 0.568750 0.437500 0.629688 0.437500 0.629688 0.518750 0.568750 0.518750
4 0.709375 0.450000 0.787500 0.450000 0.787500 0.539583 0.709375 0.539583
10 0.626563 0.485417 0.700000 0.485417 0.700000 0.597917 0.626563 0.597917
4 0.756250 0.543750 0.831250 0.543750 0.831250 0.633333 0.756250 0.633333
4 0.506250 0.547917 0.589062 0.547917 0.589062 0.672917 0.506250 0.672917
10 0.653125 0.514583 0.773438 0.514583 0.773438 0.716667 0.653125 0.716667
9 0.856250 0.537500 1.000000 0.537500 1.000000 0.820833 0.856250 0.820833
4 0.571875 0.729167 0.721875 0.729167 0.721875 0.972917 0.571875 0.972917