2 0.582813 0.333333 0.654687 0.333333 0.654687 0.439583 0.582813 0.439583
9 0.540625 0.352083 0.604687 0.352083 0.604687 0.464583 0.540625 0.464583
4 0.475000 0.391667 0.515625 0.391667 0.515625 0.441667 0.475000 0.441667
4 0.320312 0.418750 0.373437 0.418750 0.373437 0.481250 0.320312 0.481250
2 0.648438 0.375000 0.776563 0.375000 0.776563 0.558333 0.648438 0.558333
4 0.482812 0.437500 0.537500 0.437500 0.537500 0.514583 0.482812 0.514583
4 0.587500 0.458333 0.650000 0.458333 0.650000 0.541667 0.587500 0.541667
4 0.504687 0.504167 0.575000 0.504167 0.575000 0.608333 0.504687 0.608333
4 0.821875 0.506250 0.917187 0.506250 0.917187 0.610417 0.821875 0.610417
4 0.625000 0.514583 0.704687 0.514583 0.704687 0.616667 0.625000 0.616667
10 0.709375 0.554167 0.850000 0.554167 0.850000 0.802083 0.709375 0.802083
4 0.556250 0.604167 0.665625 0.604167 0.665625 0.766667 0.556250 0.766667
5 0.064063 0.679167 0.195312 0.679167 0.195312 0.820833 0.064063 0.820833