7 0.278125 0.306250 0.318750 0.306250 0.318750 0.366667 0.278125 0.366667
1 0.328125 0.289583 0.373437 0.289583 0.373437 0.383333 0.328125 0.383333
4 0.306250 0.354167 0.346875 0.354167 0.346875 0.412500 0.306250 0.412500
7 0.625000 0.364583 0.687500 0.364583 0.687500 0.479167 0.625000 0.479167
4 0.467187 0.406250 0.523438 0.406250 0.523438 0.479167 0.467187 0.479167
7 0.556250 0.397917 0.620312 0.397917 0.620312 0.504167 0.556250 0.504167
4 0.471875 0.447917 0.532813 0.447917 0.532813 0.522917 0.471875 0.522917
1 0.703125 0.402083 0.879687 0.402083 0.879687 0.604167 0.703125 0.604167
7 0.590625 0.445833 0.670312 0.445833 0.670312 0.581250 0.590625 0.581250
4 0.476562 0.489583 0.557813 0.489583 0.557813 0.575000 0.476562 0.575000
4 0.471875 0.491667 0.553125 0.491667 0.553125 0.631250 0.471875 0.631250
6 0.893750 0.525000 1.000000 0.525000 1.000000 0.689583 0.893750 0.689583
1 0.717187 0.468750 0.909375 0.468750 0.909375 0.775000 0.717187 0.775000
4 0.601562 0.597917 0.693750 0.597917 0.693750 0.714583 0.601562 0.714583
4 0.476562 0.575000 0.595312 0.575000 0.595312 0.743750 0.476562 0.743750
0 0.029687 0.472917 0.226562 0.472917 0.226562 0.877083 0.029687 0.877083
1 0.782812 0.645833 1.000000 0.645833 1.000000 1.000000 0.782812 1.000000
4 0.529687 0.783333 0.670312 0.783333 0.670312 0.954167 0.529687 0.954167