5 0.171875 0.337500 0.264062 0.337500 0.264062 0.427083 0.171875 0.427083
4 0.295313 0.366667 0.332813 0.366667 0.332813 0.420833 0.295313 0.420833
4 0.539062 0.370833 0.576563 0.370833 0.576563 0.416667 0.539062 0.416667
4 0.476562 0.389583 0.515625 0.389583 0.515625 0.447917 0.476562 0.447917
9 0.632812 0.397917 0.696875 0.397917 0.696875 0.491667 0.632812 0.491667
4 0.554688 0.429167 0.603125 0.429167 0.603125 0.489583 0.554688 0.489583
4 0.328125 0.447917 0.382812 0.447917 0.382812 0.512500 0.328125 0.512500
4 0.496875 0.445833 0.548438 0.445833 0.548438 0.520833 0.496875 0.520833
5 0.115625 0.387500 0.267188 0.387500 0.267188 0.602083 0.115625 0.602083
9 0.585938 0.447917 0.668750 0.447917 0.668750 0.568750 0.585938 0.568750
1 0.000000 0.435417 0.123438 0.435417 0.123438 0.637500 0.000000 0.637500
4 0.506250 0.564583 0.600000 0.564583 0.600000 0.710417 0.506250 0.710417
4 0.820312 0.791667 1.000000 0.791667 1.000000 1.000000 0.820312 1.000000