1 0.278125 0.314583 0.342188 0.314583 0.342188 0.422917 0.278125 0.422917
9 0.148438 0.339583 0.240625 0.339583 0.240625 0.468750 0.148438 0.468750
10 0.632812 0.381250 0.687500 0.381250 0.687500 0.468750 0.632812 0.468750
4 0.554688 0.400000 0.604688 0.400000 0.604688 0.460417 0.554688 0.460417
4 0.478125 0.445833 0.534375 0.445833 0.534375 0.527083 0.478125 0.527083
4 0.757812 0.460417 0.820312 0.460417 0.820312 0.537500 0.757812 0.537500
4 0.675000 0.456250 0.742188 0.456250 0.742188 0.547917 0.675000 0.547917
4 0.585938 0.470833 0.648438 0.470833 0.648438 0.547917 0.585938 0.547917
9 0.790625 0.497917 0.937500 0.497917 0.937500 0.722917 0.790625 0.722917
4 0.532813 0.585417 0.635937 0.585417 0.635937 0.727083 0.532813 0.727083
9 0.721875 0.589583 0.904687 0.589583 0.904687 0.904167 0.721875 0.904167
7 0.009375 0.681250 0.150000 0.681250 0.150000 0.852083 0.009375 0.852083