4 0.382812 0.285417 0.414062 0.285417 0.414062 0.327083 0.382812 0.327083
4 0.375000 0.316667 0.404687 0.316667 0.404687 0.362500 0.375000 0.362500
4 0.467187 0.339583 0.492188 0.339583 0.492188 0.381250 0.467187 0.381250
7 0.535938 0.347917 0.579688 0.347917 0.579688 0.425000 0.535938 0.425000
4 0.470313 0.385417 0.507812 0.385417 0.507812 0.422917 0.470313 0.422917
4 0.475000 0.427083 0.515625 0.427083 0.515625 0.483333 0.475000 0.483333
4 0.318750 0.429167 0.392188 0.429167 0.392188 0.520833 0.318750 0.520833
1 0.589063 0.406250 0.718750 0.406250 0.718750 0.585417 0.589063 0.585417
4 0.496875 0.464583 0.550000 0.464583 0.550000 0.552083 0.496875 0.552083
7 0.096875 0.437500 0.232813 0.437500 0.232813 0.637500 0.096875 0.637500
4 0.792187 0.533333 0.907813 0.533333 0.907813 0.681250 0.792187 0.681250
4 0.564063 0.647917 0.681250 0.647917 0.681250 0.841667 0.564063 0.841667