4 0.357812 0.302083 0.381250 0.302083 0.381250 0.339583 0.357812 0.339583
4 0.553125 0.327083 0.587500 0.327083 0.587500 0.366667 0.553125 0.366667
4 0.321875 0.339583 0.353125 0.339583 0.353125 0.377083 0.321875 0.377083
4 0.565625 0.350000 0.595313 0.350000 0.595313 0.377083 0.565625 0.377083
4 0.509375 0.345833 0.539062 0.345833 0.539062 0.385417 0.509375 0.385417
4 0.370312 0.352083 0.401562 0.352083 0.401562 0.385417 0.370312 0.385417
4 0.593750 0.345833 0.626562 0.345833 0.626562 0.393750 0.593750 0.393750
4 0.467188 0.368750 0.504688 0.368750 0.504688 0.412500 0.467188 0.412500
4 0.534375 0.366667 0.568750 0.366667 0.568750 0.414583 0.534375 0.414583
4 0.309375 0.387500 0.350000 0.387500 0.350000 0.435417 0.309375 0.435417
1 0.629687 0.329167 0.739062 0.329167 0.739062 0.506250 0.629687 0.506250
1 0.556250 0.383333 0.632812 0.383333 0.632812 0.495833 0.556250 0.495833
4 0.481250 0.408333 0.532813 0.408333 0.532813 0.472917 0.481250 0.472917
4 0.490625 0.477083 0.554688 0.477083 0.554688 0.570833 0.490625 0.570833
4 0.775000 0.568750 0.878125 0.568750 0.878125 0.670833 0.775000 0.670833
4 0.520312 0.591667 0.606250 0.591667 0.606250 0.720833 0.520312 0.720833
4 0.675000 0.606250 0.770312 0.606250 0.770312 0.718750 0.675000 0.718750