7 0.285938 0.375000 0.329687 0.375000 0.329687 0.433333 0.285938 0.433333
4 0.332813 0.389583 0.376562 0.389583 0.376562 0.437500 0.332813 0.437500
2 0.617188 0.345833 0.715625 0.345833 0.715625 0.487500 0.617188 0.487500
4 0.471875 0.402083 0.514062 0.402083 0.514062 0.454167 0.471875 0.454167
9 0.568750 0.406250 0.634375 0.406250 0.634375 0.525000 0.568750 0.525000
4 0.321875 0.435417 0.376563 0.435417 0.376563 0.504167 0.321875 0.504167
4 0.495313 0.437500 0.550000 0.437500 0.550000 0.514583 0.495313 0.514583
10 0.764062 0.500000 0.870312 0.500000 0.870312 0.662500 0.764062 0.662500
4 0.642188 0.541667 0.728125 0.541667 0.728125 0.656250 0.642188 0.656250
4 0.056250 0.668750 0.182812 0.668750 0.182812 0.808333 0.056250 0.808333
4 0.190625 0.681250 0.304688 0.681250 0.304688 0.818750 0.190625 0.818750
4 0.906250 0.672917 1.000000 0.672917 1.000000 0.868750 0.906250 0.868750
4 0.540625 0.681250 0.668750 0.681250 0.668750 0.872917 0.540625 0.872917
4 0.760937 0.804167 0.939063 0.804167 0.939063 1.000000 0.760937 1.000000