4 0.393750 0.283333 0.421875 0.283333 0.421875 0.320833 0.393750 0.320833
4 0.357812 0.289583 0.389062 0.289583 0.389062 0.318750 0.357812 0.318750
7 0.292187 0.281250 0.339062 0.281250 0.339062 0.347917 0.292187 0.347917
4 0.375000 0.300000 0.415625 0.300000 0.415625 0.350000 0.375000 0.350000
1 0.509375 0.318750 0.582813 0.318750 0.582813 0.425000 0.509375 0.425000
4 0.353125 0.345833 0.404687 0.345833 0.404687 0.412500 0.353125 0.412500
4 0.640625 0.393750 0.692187 0.393750 0.692187 0.468750 0.640625 0.468750
7 0.553125 0.383333 0.643750 0.383333 0.643750 0.527083 0.553125 0.527083
4 0.475000 0.427083 0.523438 0.427083 0.523438 0.497917 0.475000 0.497917
4 0.676563 0.431250 0.751563 0.431250 0.751563 0.533333 0.676563 0.533333
4 0.295313 0.447917 0.387500 0.447917 0.387500 0.556250 0.295313 0.556250
4 0.493750 0.470833 0.565625 0.470833 0.565625 0.577083 0.493750 0.577083
4 0.603125 0.491667 0.718750 0.491667 0.718750 0.641667 0.603125 0.641667
4 0.817188 0.525000 0.907813 0.525000 0.907813 0.652083 0.817188 0.652083
4 0.509375 0.539583 0.623437 0.539583 0.623437 0.706250 0.509375 0.706250
1 0.850000 0.568750 1.000000 0.568750 1.000000 0.872917 0.850000 0.872917
4 0.529687 0.725000 0.676563 0.725000 0.676563 0.989583 0.529687 0.989583
4 0.826563 0.868750 1.000000 0.868750 1.000000 1.000000 0.826563 1.000000