1 0.217188 0.322917 0.300000 0.322917 0.300000 0.406250 0.217188 0.406250
4 0.360938 0.347917 0.404687 0.347917 0.404687 0.397917 0.360938 0.397917
1 0.639063 0.341667 0.710938 0.341667 0.710938 0.489583 0.639063 0.489583
1 0.562500 0.345833 0.637500 0.345833 0.637500 0.500000 0.562500 0.500000
4 0.314062 0.397917 0.387500 0.397917 0.387500 0.510417 0.314062 0.510417
4 0.710938 0.412500 0.775000 0.412500 0.775000 0.495833 0.710938 0.495833
7 0.206250 0.379167 0.309375 0.379167 0.309375 0.539583 0.206250 0.539583
0 0.467188 0.377083 0.585938 0.377083 0.585938 0.570833 0.467188 0.570833
4 0.103125 0.447917 0.204687 0.447917 0.204687 0.564583 0.103125 0.564583
4 0.735937 0.481250 0.835938 0.481250 0.835938 0.641667 0.735937 0.641667
4 0.829687 0.504167 0.929688 0.504167 0.929688 0.620833 0.829687 0.620833
4 0.229687 0.556250 0.354687 0.556250 0.354687 0.739583 0.229687 0.739583
7 0.026563 0.556250 0.209375 0.556250 0.209375 0.800000 0.026563 0.800000
7 0.928125 0.583333 1.000000 0.583333 1.000000 0.841667 0.928125 0.841667
4 0.098438 0.914583 0.304688 0.914583 0.304688 1.000000 0.098438 1.000000