5 0.225000 0.327083 0.285938 0.327083 0.285938 0.408333 0.225000 0.408333
4 0.315625 0.352083 0.342188 0.352083 0.342188 0.391667 0.315625 0.391667
7 0.537500 0.352083 0.590625 0.352083 0.590625 0.443750 0.537500 0.443750
4 0.471875 0.381250 0.514062 0.381250 0.514062 0.422917 0.471875 0.422917
4 0.620313 0.389583 0.664062 0.389583 0.664062 0.437500 0.620313 0.437500
4 0.471875 0.402083 0.506250 0.402083 0.506250 0.450000 0.471875 0.450000
4 0.657812 0.414583 0.710938 0.414583 0.710938 0.472917 0.657812 0.472917
4 0.323437 0.420833 0.371875 0.420833 0.371875 0.475000 0.323437 0.475000
4 0.567187 0.425000 0.614062 0.425000 0.614062 0.483333 0.567187 0.483333
4 0.482812 0.427083 0.529687 0.427083 0.529687 0.489583 0.482812 0.489583
4 0.492188 0.468750 0.545313 0.468750 0.545313 0.541667 0.492188 0.541667
5 0.718750 0.445833 0.912500 0.445833 0.912500 0.654167 0.718750 0.654167
4 0.495312 0.554167 0.584375 0.554167 0.584375 0.675000 0.495312 0.675000
4 0.671875 0.602083 0.785937 0.602083 0.785937 0.750000 0.671875 0.750000
7 0.884375 0.654167 1.000000 0.654167 1.000000 0.820833 0.884375 0.820833
4 0.553125 0.708333 0.668750 0.708333 0.668750 0.881250 0.553125 0.881250