1 0.340625 0.272917 0.371875 0.272917 0.371875 0.335417 0.340625 0.335417
1 0.309375 0.291667 0.335938 0.291667 0.335938 0.343750 0.309375 0.343750
4 0.328125 0.333333 0.353125 0.333333 0.353125 0.379167 0.328125 0.379167
1 0.567187 0.314583 0.632812 0.314583 0.632812 0.418750 0.567187 0.418750
4 0.540625 0.370833 0.575000 0.370833 0.575000 0.416667 0.540625 0.416667
1 0.632812 0.366667 0.707812 0.366667 0.707812 0.491667 0.632812 0.491667
4 0.548438 0.408333 0.582813 0.408333 0.582813 0.475000 0.548438 0.475000
1 0.571875 0.414583 0.628125 0.414583 0.628125 0.514583 0.571875 0.514583
0 0.164062 0.385417 0.301563 0.385417 0.301563 0.585417 0.164062 0.585417
1 0.601562 0.420833 0.692187 0.420833 0.692187 0.579167 0.601562 0.579167
4 0.473438 0.470833 0.534375 0.470833 0.534375 0.535417 0.473438 0.535417
1 0.726562 0.408333 0.928125 0.408333 0.928125 0.612500 0.726562 0.612500
4 0.496875 0.512500 0.557813 0.512500 0.557813 0.602083 0.496875 0.602083
4 0.264062 0.543750 0.360938 0.543750 0.360938 0.658333 0.264062 0.658333
1 0.703125 0.558333 0.756250 0.558333 0.756250 0.700000 0.703125 0.700000
4 0.503125 0.570833 0.584375 0.570833 0.584375 0.693750 0.503125 0.693750
1 0.729688 0.522917 0.956250 0.522917 0.956250 0.845833 0.729688 0.845833
4 0.615625 0.614583 0.720313 0.614583 0.720313 0.818750 0.615625 0.818750
1 0.820312 0.643750 1.000000 0.643750 1.000000 1.000000 0.820312 1.000000
4 0.518750 0.804167 0.653125 0.804167 0.653125 1.000000 0.518750 1.000000