4 0.282812 0.381250 0.323437 0.381250 0.323437 0.441667 0.282812 0.441667
7 0.107813 0.408333 0.189062 0.408333 0.189062 0.516667 0.107813 0.516667
4 0.487500 0.450000 0.553125 0.450000 0.553125 0.543750 0.487500 0.543750
7 0.581250 0.433333 0.673438 0.433333 0.673438 0.560417 0.581250 0.560417
4 0.689063 0.460417 0.743750 0.460417 0.743750 0.564583 0.689063 0.564583
4 0.504687 0.481250 0.559375 0.481250 0.559375 0.562500 0.504687 0.562500
1 0.759375 0.425000 0.984375 0.425000 0.984375 0.660417 0.759375 0.660417
7 0.606250 0.466667 0.748437 0.466667 0.748437 0.645833 0.606250 0.645833
4 0.525000 0.514583 0.595313 0.514583 0.595313 0.635417 0.525000 0.635417
4 0.168750 0.514583 0.260937 0.514583 0.260937 0.654167 0.168750 0.654167
7 0.503125 0.550000 0.582812 0.550000 0.582812 0.706250 0.503125 0.706250
7 0.762500 0.639583 0.887500 0.639583 0.887500 0.847917 0.762500 0.847917
4 0.534375 0.687500 0.656250 0.687500 0.656250 0.887500 0.534375 0.887500
4 0.564062 0.858333 0.710938 0.858333 0.710938 1.000000 0.564062 1.000000