1 0.342187 0.281250 0.381250 0.281250 0.381250 0.337500 0.342187 0.337500
7 0.307812 0.295833 0.337500 0.295833 0.337500 0.341667 0.307812 0.341667
6 0.373438 0.308333 0.401562 0.308333 0.401562 0.354167 0.373438 0.354167
4 0.356250 0.343750 0.393750 0.343750 0.393750 0.387500 0.356250 0.387500
7 0.529687 0.343750 0.576562 0.343750 0.576562 0.431250 0.529687 0.431250
1 0.610938 0.320833 0.704688 0.320833 0.704688 0.464583 0.610938 0.464583
4 0.554688 0.397917 0.587500 0.397917 0.587500 0.450000 0.554688 0.450000
1 0.132812 0.352083 0.237500 0.352083 0.237500 0.500000 0.132812 0.500000
4 0.573438 0.414583 0.617188 0.414583 0.617188 0.481250 0.573438 0.481250
4 0.315625 0.416667 0.370312 0.416667 0.370312 0.491667 0.315625 0.491667
7 0.662500 0.393750 0.753125 0.393750 0.753125 0.529167 0.662500 0.529167
4 0.482812 0.431250 0.521875 0.431250 0.521875 0.493750 0.482812 0.493750
4 0.487500 0.454167 0.546875 0.454167 0.546875 0.535417 0.487500 0.535417
7 0.589063 0.441667 0.656250 0.441667 0.656250 0.577083 0.589063 0.577083
4 0.498438 0.491667 0.562500 0.491667 0.562500 0.577083 0.498438 0.577083
7 0.614062 0.447917 0.721875 0.447917 0.721875 0.650000 0.614062 0.650000
4 0.523438 0.525000 0.593750 0.525000 0.593750 0.629167 0.523438 0.629167
7 0.798438 0.485417 0.942188 0.485417 0.942188 0.702083 0.798438 0.702083
7 0.495312 0.543750 0.576562 0.543750 0.576562 0.702083 0.495312 0.702083
7 0.715625 0.570833 0.814063 0.570833 0.814063 0.731250 0.715625 0.731250
7 0.185938 0.622917 0.306250 0.622917 0.306250 0.789583 0.185938 0.789583
1 0.748437 0.539583 0.978125 0.539583 0.978125 0.929167 0.748437 0.929167
4 0.523438 0.654167 0.623438 0.654167 0.623438 0.829167 0.523438 0.829167
4 0.545312 0.758333 0.681250 0.758333 0.681250 0.964583 0.545312 0.964583
4 0.567187 0.902083 0.718750 0.902083 0.718750 1.000000 0.567187 1.000000