4 0.368750 0.320833 0.401562 0.320833 0.401562 0.362500 0.368750 0.362500
1 0.507812 0.291667 0.564062 0.291667 0.564062 0.404167 0.507812 0.404167
0 0.607812 0.331250 0.670312 0.331250 0.670312 0.414583 0.607812 0.414583
4 0.573438 0.356250 0.609375 0.356250 0.609375 0.402083 0.573438 0.402083
7 0.276563 0.364583 0.328125 0.364583 0.328125 0.429167 0.276563 0.429167
4 0.471875 0.393750 0.510938 0.393750 0.510938 0.439583 0.471875 0.439583
5 0.654687 0.383333 0.737500 0.383333 0.737500 0.477083 0.654687 0.477083
4 0.593750 0.408333 0.635938 0.408333 0.635938 0.462500 0.593750 0.462500
4 0.481250 0.435417 0.529687 0.435417 0.529687 0.489583 0.481250 0.489583
4 0.320312 0.441667 0.371875 0.441667 0.371875 0.493750 0.320312 0.493750
9 0.612500 0.414583 0.709375 0.414583 0.709375 0.550000 0.612500 0.550000
4 0.490625 0.514583 0.560937 0.514583 0.560937 0.602083 0.490625 0.602083
1 0.671875 0.502083 0.968750 0.502083 0.968750 0.960417 0.671875 0.960417
4 0.537500 0.647917 0.657813 0.647917 0.657813 0.858333 0.537500 0.858333