2 0.515625 0.320833 0.578125 0.320833 0.578125 0.410417 0.515625 0.410417
4 0.464062 0.372917 0.496875 0.372917 0.496875 0.416667 0.464062 0.416667
4 0.471875 0.391667 0.504687 0.391667 0.504687 0.422917 0.471875 0.422917
4 0.532813 0.391667 0.573437 0.391667 0.573437 0.435417 0.532813 0.435417
4 0.471875 0.406250 0.523438 0.406250 0.523438 0.462500 0.471875 0.462500
4 0.546875 0.414583 0.582812 0.414583 0.582812 0.472917 0.546875 0.472917
4 0.484375 0.441667 0.535937 0.441667 0.535937 0.525000 0.484375 0.525000
4 0.287500 0.477083 0.348438 0.477083 0.348438 0.552083 0.287500 0.552083
4 0.718750 0.485417 0.773438 0.485417 0.773438 0.577083 0.718750 0.577083
2 0.590625 0.412500 0.748437 0.412500 0.748437 0.660417 0.590625 0.660417
4 0.501563 0.531250 0.584375 0.531250 0.584375 0.637500 0.501563 0.637500
4 0.531250 0.662500 0.640625 0.662500 0.640625 0.804167 0.531250 0.804167
8 0.778125 0.560417 1.000000 0.560417 1.000000 1.000000 0.778125 1.000000