4 0.368750 0.337500 0.401562 0.337500 0.401562 0.370833 0.368750 0.370833
4 0.520313 0.354167 0.553125 0.354167 0.553125 0.395833 0.520313 0.395833
10 0.579688 0.343750 0.623437 0.343750 0.623437 0.412500 0.579688 0.412500
4 0.359375 0.366667 0.392188 0.366667 0.392188 0.406250 0.359375 0.406250
4 0.468750 0.366667 0.501563 0.366667 0.501563 0.412500 0.468750 0.412500
4 0.284375 0.381250 0.321875 0.381250 0.321875 0.431250 0.284375 0.431250
4 0.546875 0.379167 0.587500 0.379167 0.587500 0.437500 0.546875 0.437500
10 0.201563 0.370833 0.264062 0.370833 0.264062 0.447917 0.201563 0.447917
4 0.635937 0.410417 0.681250 0.410417 0.681250 0.458333 0.635937 0.458333
10 0.134375 0.379167 0.209375 0.379167 0.209375 0.489583 0.134375 0.489583
4 0.334375 0.427083 0.384375 0.427083 0.384375 0.477083 0.334375 0.477083
4 0.484375 0.420833 0.531250 0.420833 0.531250 0.493750 0.484375 0.493750
10 0.587500 0.422917 0.650000 0.422917 0.650000 0.525000 0.587500 0.525000
4 0.306250 0.479167 0.367188 0.479167 0.367188 0.556250 0.306250 0.556250
4 0.496875 0.487500 0.556250 0.487500 0.556250 0.570833 0.496875 0.570833
10 0.779687 0.470833 0.829688 0.470833 0.829688 0.614583 0.779687 0.614583
10 0.125000 0.468750 0.232812 0.468750 0.232812 0.627083 0.125000 0.627083
11 0.639062 0.450000 0.870312 0.450000 0.870312 0.810417 0.639062 0.810417
10 0.875000 0.572917 1.000000 0.572917 1.000000 0.804167 0.875000 0.804167
4 0.210938 0.668750 0.314063 0.668750 0.314063 0.806250 0.210938 0.806250
2 0.518750 0.527083 0.753125 0.527083 0.753125 0.966667 0.518750 0.966667