4 0.457813 0.341667 0.493750 0.341667 0.493750 0.372917 0.457813 0.372917
2 0.515625 0.325000 0.571875 0.325000 0.571875 0.414583 0.515625 0.414583
4 0.464062 0.364583 0.495312 0.364583 0.495312 0.402083 0.464062 0.402083
8 0.612500 0.337500 0.707812 0.337500 0.707812 0.456250 0.612500 0.456250
4 0.473438 0.391667 0.512500 0.391667 0.512500 0.422917 0.473438 0.422917
4 0.534375 0.393750 0.557813 0.393750 0.557813 0.445833 0.534375 0.445833
2 0.546875 0.358333 0.642187 0.358333 0.642187 0.522917 0.546875 0.522917
4 0.473438 0.420833 0.525000 0.420833 0.525000 0.475000 0.473438 0.475000
4 0.482813 0.456250 0.543750 0.456250 0.543750 0.516667 0.482813 0.516667
2 0.029688 0.404167 0.185938 0.404167 0.185938 0.587500 0.029688 0.587500
4 0.309375 0.475000 0.365625 0.475000 0.365625 0.543750 0.309375 0.543750
4 0.490625 0.489583 0.557812 0.489583 0.557812 0.570833 0.490625 0.570833
8 0.637500 0.425000 0.803125 0.425000 0.803125 0.710417 0.637500 0.710417
4 0.765625 0.510417 0.837500 0.510417 0.837500 0.625000 0.765625 0.625000
4 0.506250 0.541667 0.590625 0.541667 0.590625 0.660417 0.506250 0.660417
4 0.848437 0.614583 0.960938 0.614583 0.960938 0.750000 0.848437 0.750000
4 0.556250 0.693750 0.701562 0.693750 0.701562 0.935417 0.556250 0.935417