1 0.507812 0.306250 0.559375 0.306250 0.559375 0.395833 0.507812 0.395833
7 0.581250 0.352083 0.626563 0.352083 0.626563 0.408333 0.581250 0.408333
4 0.465625 0.360417 0.496875 0.360417 0.496875 0.406250 0.465625 0.406250
7 0.206250 0.347917 0.265625 0.347917 0.265625 0.425000 0.206250 0.425000
4 0.532812 0.385417 0.578125 0.385417 0.578125 0.439583 0.532812 0.439583
4 0.610938 0.393750 0.659375 0.393750 0.659375 0.450000 0.610938 0.450000
4 0.478125 0.406250 0.523438 0.406250 0.523438 0.464583 0.478125 0.464583
7 0.654687 0.397917 0.729687 0.397917 0.729687 0.506250 0.654687 0.506250
4 0.581250 0.443750 0.643750 0.443750 0.643750 0.527083 0.581250 0.527083
4 0.484375 0.450000 0.540625 0.450000 0.540625 0.525000 0.484375 0.525000
4 0.262500 0.508333 0.342188 0.508333 0.342188 0.610417 0.262500 0.610417
1 0.721875 0.381250 0.976562 0.381250 0.976562 0.739583 0.721875 0.739583
4 0.520313 0.554167 0.623437 0.554167 0.623437 0.700000 0.520313 0.700000
1 0.653125 0.535417 0.885938 0.535417 0.885938 0.864583 0.653125 0.864583