7 0.262500 0.318750 0.304688 0.318750 0.304688 0.379167 0.262500 0.379167
4 0.353125 0.350000 0.387500 0.350000 0.387500 0.393750 0.353125 0.393750
1 0.514062 0.327083 0.581250 0.327083 0.581250 0.431250 0.514062 0.431250
4 0.579688 0.356250 0.618750 0.356250 0.618750 0.410417 0.579688 0.410417
7 0.604688 0.379167 0.653125 0.379167 0.653125 0.441667 0.604688 0.441667
4 0.471875 0.387500 0.509375 0.387500 0.509375 0.435417 0.471875 0.435417
4 0.559375 0.425000 0.610938 0.425000 0.610938 0.487500 0.559375 0.487500
4 0.639062 0.425000 0.700000 0.425000 0.700000 0.495833 0.639062 0.495833
4 0.496875 0.456250 0.556250 0.456250 0.556250 0.539583 0.496875 0.539583
7 0.707813 0.450000 0.803125 0.450000 0.803125 0.587500 0.707813 0.587500
7 0.032813 0.468750 0.137500 0.468750 0.137500 0.602083 0.032813 0.602083
4 0.257812 0.550000 0.343750 0.550000 0.343750 0.641667 0.257812 0.641667
4 0.640625 0.550000 0.740625 0.550000 0.740625 0.675000 0.640625 0.675000
4 0.510937 0.562500 0.592187 0.562500 0.592187 0.668750 0.510937 0.668750
4 0.579687 0.756250 0.750000 0.756250 0.750000 1.000000 0.579687 1.000000