4 0.468750 0.377083 0.501563 0.377083 0.501563 0.425000 0.468750 0.425000
9 0.548438 0.364583 0.603125 0.364583 0.603125 0.456250 0.548438 0.456250
4 0.321875 0.422917 0.365625 0.422917 0.365625 0.475000 0.321875 0.475000
4 0.635938 0.418750 0.692187 0.418750 0.692187 0.487500 0.635938 0.487500
5 0.050000 0.368750 0.190625 0.368750 0.190625 0.556250 0.050000 0.556250
4 0.498437 0.435417 0.548438 0.435417 0.548438 0.514583 0.498437 0.514583
4 0.517188 0.545833 0.590625 0.545833 0.590625 0.652083 0.517188 0.652083
4 0.778125 0.554167 0.873437 0.554167 0.873437 0.660417 0.778125 0.660417
4 0.659375 0.566667 0.748437 0.566667 0.748437 0.689583 0.659375 0.689583
4 0.246875 0.575000 0.335938 0.575000 0.335938 0.691667 0.246875 0.691667
4 0.743750 0.683333 0.881250 0.683333 0.881250 0.879167 0.743750 0.879167
4 0.571875 0.760417 0.712500 0.760417 0.712500 1.000000 0.571875 1.000000