9 0.520312 0.327083 0.562500 0.327083 0.562500 0.406250 0.520312 0.406250
4 0.465625 0.368750 0.500000 0.368750 0.500000 0.412500 0.465625 0.412500
11 0.582813 0.358333 0.657813 0.358333 0.657813 0.437500 0.582813 0.437500
4 0.492188 0.381250 0.523438 0.381250 0.523438 0.420833 0.492188 0.420833
4 0.678125 0.400000 0.729687 0.400000 0.729687 0.456250 0.678125 0.456250
3 0.471875 0.393750 0.526563 0.393750 0.526563 0.497917 0.471875 0.497917
9 0.723437 0.435417 0.785937 0.435417 0.785937 0.495833 0.723437 0.495833
9 0.579688 0.431250 0.660938 0.431250 0.660938 0.558333 0.579688 0.558333
4 0.495312 0.477083 0.567187 0.477083 0.567187 0.583333 0.495312 0.583333
9 0.696875 0.477083 0.796875 0.477083 0.796875 0.604167 0.696875 0.604167
7 0.128125 0.456250 0.243750 0.456250 0.243750 0.637500 0.128125 0.637500
4 0.000000 0.552083 0.090625 0.552083 0.090625 0.656250 0.000000 0.656250
4 0.657812 0.575000 0.757812 0.575000 0.757812 0.708333 0.657812 0.708333
10 0.812500 0.562500 0.935938 0.562500 0.935938 0.729167 0.812500 0.729167
4 0.521875 0.604167 0.625000 0.604167 0.625000 0.768750 0.521875 0.768750