4 0.362500 0.335417 0.398438 0.335417 0.398438 0.379167 0.362500 0.379167
9 0.515625 0.325000 0.560938 0.325000 0.560938 0.397917 0.515625 0.397917
4 0.260937 0.347917 0.300000 0.347917 0.300000 0.391667 0.260937 0.391667
8 0.606250 0.333333 0.675000 0.333333 0.675000 0.445833 0.606250 0.445833
4 0.484375 0.385417 0.518750 0.385417 0.518750 0.435417 0.484375 0.435417
2 0.548438 0.345833 0.629688 0.345833 0.629688 0.475000 0.548438 0.475000
4 0.682812 0.389583 0.725000 0.389583 0.725000 0.441667 0.682812 0.441667
4 0.321875 0.404167 0.371875 0.404167 0.371875 0.468750 0.321875 0.468750
4 0.496875 0.462500 0.551562 0.462500 0.551562 0.533333 0.496875 0.533333
8 0.695312 0.422917 0.851562 0.422917 0.851562 0.595833 0.695312 0.595833
10 0.612500 0.464583 0.690625 0.464583 0.690625 0.606250 0.612500 0.606250
4 0.512500 0.558333 0.587500 0.558333 0.587500 0.662500 0.512500 0.662500
9 0.679688 0.506250 0.850000 0.506250 0.850000 0.812500 0.679688 0.812500