4 0.379688 0.325000 0.404688 0.325000 0.404688 0.358333 0.379688 0.358333
7 0.260937 0.318750 0.314062 0.318750 0.314062 0.372917 0.260937 0.372917
4 0.335938 0.325000 0.370313 0.325000 0.370313 0.368750 0.335938 0.368750
5 0.229687 0.356250 0.317188 0.356250 0.317188 0.483333 0.229687 0.483333
4 0.326562 0.381250 0.404687 0.381250 0.404687 0.460417 0.326562 0.460417
1 0.635938 0.362500 0.746875 0.362500 0.746875 0.514583 0.635938 0.514583
4 0.573438 0.422917 0.629687 0.422917 0.629687 0.495833 0.573438 0.495833
4 0.310937 0.431250 0.392188 0.431250 0.392188 0.514583 0.310937 0.514583
4 0.690625 0.462500 0.770312 0.462500 0.770312 0.552083 0.690625 0.552083
4 0.492188 0.462500 0.551562 0.462500 0.551562 0.554167 0.492188 0.554167
4 0.606250 0.487500 0.664062 0.487500 0.664062 0.577083 0.606250 0.577083
4 0.503125 0.504167 0.576562 0.504167 0.576562 0.604167 0.503125 0.604167
4 0.748437 0.522917 0.846875 0.522917 0.846875 0.660417 0.748437 0.660417
5 0.629687 0.514583 0.757812 0.514583 0.757812 0.735417 0.629687 0.735417
1 0.842188 0.439583 1.000000 0.439583 1.000000 0.841667 0.842188 0.841667
4 0.557813 0.564583 0.664062 0.564583 0.664062 0.735417 0.557813 0.735417
4 0.104687 0.593750 0.253125 0.593750 0.253125 0.750000 0.104687 0.750000
7 0.492188 0.614583 0.620313 0.614583 0.620313 0.847917 0.492188 0.847917
5 0.732813 0.589583 0.992188 0.589583 0.992188 1.000000 0.732813 1.000000