2 0.575000 0.322917 0.637500 0.322917 0.637500 0.416667 0.575000 0.416667
9 0.528125 0.335417 0.578125 0.335417 0.578125 0.431250 0.528125 0.431250
4 0.468750 0.375000 0.506250 0.375000 0.506250 0.420833 0.468750 0.420833
2 0.618750 0.352083 0.723438 0.352083 0.723438 0.506250 0.618750 0.506250
4 0.476562 0.406250 0.520312 0.406250 0.520312 0.466667 0.476562 0.466667
4 0.560937 0.416667 0.610938 0.416667 0.610938 0.479167 0.560937 0.479167
4 0.725000 0.435417 0.789062 0.435417 0.789062 0.502083 0.725000 0.502083
4 0.492188 0.454167 0.542188 0.454167 0.542188 0.527083 0.492188 0.527083
4 0.585938 0.452083 0.650000 0.452083 0.650000 0.529167 0.585938 0.529167
10 0.640625 0.468750 0.735937 0.468750 0.735937 0.652083 0.640625 0.652083
4 0.528125 0.516667 0.604688 0.516667 0.604688 0.629167 0.528125 0.629167
4 0.250000 0.543750 0.335938 0.543750 0.335938 0.656250 0.250000 0.656250
4 0.693750 0.647917 0.828125 0.647917 0.828125 0.814583 0.693750 0.814583