4 0.384375 0.291667 0.407813 0.291667 0.407813 0.327083 0.384375 0.327083
4 0.484375 0.300000 0.509375 0.300000 0.509375 0.331250 0.484375 0.331250
10 0.506250 0.293750 0.540625 0.293750 0.540625 0.358333 0.506250 0.358333
4 0.456250 0.316667 0.482813 0.316667 0.482813 0.352083 0.456250 0.352083
4 0.364063 0.320833 0.393750 0.320833 0.393750 0.358333 0.364063 0.358333
7 0.217188 0.352083 0.264062 0.352083 0.264062 0.422917 0.217188 0.422917
8 0.251563 0.341667 0.326562 0.341667 0.326562 0.435417 0.251563 0.435417
4 0.470313 0.377083 0.517188 0.377083 0.517188 0.447917 0.470313 0.447917
4 0.571875 0.435417 0.642188 0.435417 0.642188 0.522917 0.571875 0.522917
4 0.281250 0.500000 0.350000 0.500000 0.350000 0.581250 0.281250 0.581250
4 0.545312 0.593750 0.645313 0.593750 0.645313 0.752083 0.545312 0.752083
8 0.000000 0.591667 0.096875 0.591667 0.096875 0.985417 0.000000 0.985417