5 0.167187 0.329167 0.254688 0.329167 0.254688 0.454167 0.167187 0.454167
4 0.467188 0.372917 0.503125 0.372917 0.503125 0.416667 0.467188 0.416667
4 0.343750 0.387500 0.384375 0.387500 0.384375 0.443750 0.343750 0.443750
4 0.540625 0.393750 0.584375 0.393750 0.584375 0.456250 0.540625 0.456250
4 0.476562 0.416667 0.520312 0.416667 0.520312 0.481250 0.476562 0.481250
9 0.585938 0.406250 0.665625 0.406250 0.665625 0.537500 0.585938 0.537500
4 0.712500 0.493750 0.793750 0.493750 0.793750 0.595833 0.712500 0.595833
4 0.518750 0.527083 0.595313 0.527083 0.595313 0.637500 0.518750 0.637500
4 0.207812 0.597917 0.296875 0.597917 0.296875 0.697917 0.207812 0.697917
4 0.781250 0.745833 0.940625 0.745833 0.940625 0.962500 0.781250 0.962500
4 0.579687 0.783333 0.718750 0.783333 0.718750 1.000000 0.579687 1.000000