4 0.365625 0.341667 0.392188 0.341667 0.392188 0.381250 0.365625 0.381250
4 0.467187 0.375000 0.501563 0.375000 0.501563 0.422917 0.467187 0.422917
9 0.545312 0.356250 0.600000 0.356250 0.600000 0.447917 0.545312 0.447917
4 0.631250 0.412500 0.684375 0.412500 0.684375 0.477083 0.631250 0.477083
4 0.314062 0.433333 0.364063 0.433333 0.364063 0.489583 0.314062 0.489583
4 0.495312 0.429167 0.543750 0.429167 0.543750 0.504167 0.495312 0.504167
5 0.032812 0.377083 0.179688 0.377083 0.179688 0.568750 0.032812 0.568750
4 0.514062 0.531250 0.584375 0.531250 0.584375 0.631250 0.514062 0.631250
4 0.765625 0.541667 0.856250 0.541667 0.856250 0.639583 0.765625 0.639583
4 0.651563 0.554167 0.739062 0.554167 0.739062 0.670833 0.651563 0.670833
4 0.228125 0.622917 0.325000 0.622917 0.325000 0.754167 0.228125 0.754167
4 0.726562 0.664583 0.862500 0.664583 0.862500 0.845833 0.726562 0.845833
4 0.565625 0.722917 0.693750 0.722917 0.693750 0.941667 0.565625 0.941667