4 0.342187 0.337500 0.400000 0.337500 0.400000 0.402083 0.342187 0.402083
4 0.310937 0.420833 0.382812 0.420833 0.382812 0.518750 0.310937 0.518750
7 0.092187 0.412500 0.200000 0.412500 0.200000 0.529167 0.092187 0.529167
7 0.589063 0.443750 0.651563 0.443750 0.651563 0.577083 0.589063 0.577083
7 0.781250 0.468750 0.935938 0.468750 0.935938 0.625000 0.781250 0.625000
7 0.614062 0.443750 0.723437 0.443750 0.723437 0.658333 0.614062 0.658333
7 0.496875 0.545833 0.589063 0.545833 0.589063 0.712500 0.496875 0.712500
4 0.248438 0.583333 0.353125 0.583333 0.353125 0.722917 0.248438 0.722917
4 0.523438 0.645833 0.645312 0.645833 0.645312 0.789583 0.523438 0.789583
1 0.742188 0.531250 0.965625 0.531250 0.965625 0.906250 0.742188 0.906250
1 0.000000 0.516667 0.214062 0.516667 0.214062 1.000000 0.000000 1.000000
4 0.540625 0.752083 0.671875 0.752083 0.671875 0.922917 0.540625 0.922917
1 0.846875 0.675000 1.000000 0.675000 1.000000 1.000000 0.846875 1.000000
4 0.551562 0.889583 0.723437 0.889583 0.723437 1.000000 0.551562 1.000000