7 0.393750 0.245833 0.410938 0.245833 0.410938 0.279167 0.393750 0.279167
4 0.351562 0.266667 0.368750 0.266667 0.368750 0.295833 0.351562 0.295833
7 0.368750 0.268750 0.385937 0.268750 0.385937 0.310417 0.368750 0.310417
1 0.478125 0.256250 0.510937 0.256250 0.510937 0.331250 0.478125 0.331250
7 0.392188 0.275000 0.415625 0.275000 0.415625 0.320833 0.392188 0.320833
7 0.518750 0.281250 0.551562 0.281250 0.551562 0.314583 0.518750 0.314583
7 0.310937 0.277083 0.337500 0.277083 0.337500 0.327083 0.310937 0.327083
4 0.448437 0.285417 0.475000 0.285417 0.475000 0.318750 0.448437 0.318750
7 0.334375 0.295833 0.368750 0.295833 0.368750 0.352083 0.334375 0.352083
1 0.546875 0.287500 0.601562 0.287500 0.601562 0.375000 0.546875 0.375000
4 0.457813 0.322917 0.482813 0.322917 0.482813 0.356250 0.457813 0.356250
4 0.381250 0.322917 0.407813 0.322917 0.407813 0.358333 0.381250 0.358333
7 0.504687 0.308333 0.550000 0.308333 0.550000 0.397917 0.504687 0.397917
7 0.571875 0.333333 0.607812 0.333333 0.607812 0.391667 0.571875 0.391667
4 0.462500 0.350000 0.487500 0.350000 0.487500 0.379167 0.462500 0.379167
7 0.529687 0.343750 0.571875 0.343750 0.571875 0.433333 0.529687 0.433333
4 0.468750 0.372917 0.498437 0.372917 0.498437 0.406250 0.468750 0.406250
7 0.609375 0.345833 0.654688 0.345833 0.654688 0.435417 0.609375 0.435417
4 0.471875 0.391667 0.509375 0.391667 0.509375 0.429167 0.471875 0.429167
7 0.640625 0.368750 0.718750 0.368750 0.718750 0.462500 0.640625 0.462500
7 0.185937 0.358333 0.257812 0.358333 0.257812 0.477083 0.185937 0.477083
4 0.554688 0.393750 0.584375 0.393750 0.584375 0.454167 0.554688 0.454167
4 0.478125 0.412500 0.521875 0.412500 0.521875 0.468750 0.478125 0.468750
4 0.573437 0.410417 0.600000 0.410417 0.600000 0.472917 0.573437 0.472917
4 0.481250 0.454167 0.540625 0.454167 0.540625 0.550000 0.481250 0.550000
7 0.587500 0.435417 0.634375 0.435417 0.634375 0.572917 0.587500 0.572917
7 0.725000 0.483333 0.825000 0.483333 0.825000 0.572917 0.725000 0.572917
7 0.160937 0.466667 0.243750 0.466667 0.243750 0.606250 0.160937 0.606250
7 0.253125 0.439583 0.371875 0.439583 0.371875 0.654167 0.253125 0.654167
7 0.614063 0.454167 0.709375 0.454167 0.709375 0.641667 0.614063 0.641667
1 0.884375 0.506250 1.000000 0.506250 1.000000 0.685417 0.884375 0.685417
4 0.493750 0.547917 0.570312 0.547917 0.570312 0.650000 0.493750 0.650000
7 0.709375 0.562500 0.748437 0.562500 0.748437 0.708333 0.709375 0.708333
1 0.746875 0.562500 0.939063 0.562500 0.939063 0.858333 0.746875 0.858333
4 0.525000 0.652083 0.620312 0.652083 0.620312 0.787500 0.525000 0.787500
1 0.845313 0.675000 0.993750 0.675000 0.993750 0.987500 0.845313 0.987500
4 0.570312 0.868750 0.712500 0.868750 0.712500 1.000000 0.570312 1.000000