4 0.367188 0.337500 0.403125 0.337500 0.403125 0.393750 0.367188 0.393750
4 0.304688 0.358333 0.339063 0.358333 0.339063 0.402083 0.304688 0.402083
10 0.598437 0.356250 0.640625 0.356250 0.640625 0.431250 0.598437 0.431250
4 0.345313 0.397917 0.384375 0.397917 0.384375 0.445833 0.345313 0.445833
1 0.126563 0.341667 0.245312 0.341667 0.245312 0.504167 0.126563 0.504167
4 0.482813 0.391667 0.528125 0.391667 0.528125 0.456250 0.482813 0.456250
4 0.260937 0.416667 0.306250 0.416667 0.306250 0.479167 0.260937 0.479167
4 0.325000 0.454167 0.375000 0.454167 0.375000 0.522917 0.325000 0.522917
4 0.590625 0.506250 0.657813 0.506250 0.657813 0.604167 0.590625 0.604167
1 0.056250 0.466667 0.228125 0.466667 0.228125 0.706250 0.056250 0.706250
4 0.231250 0.581250 0.326563 0.581250 0.326563 0.708333 0.231250 0.708333
9 0.685937 0.495833 0.839062 0.495833 0.839062 0.793750 0.685937 0.793750
10 0.846875 0.572917 0.970313 0.572917 0.970313 0.737500 0.846875 0.737500
3 0.537500 0.629167 0.637500 0.629167 0.637500 0.816667 0.537500 0.816667
9 0.809375 0.689583 1.000000 0.689583 1.000000 0.991667 0.809375 0.991667