4 0.357813 0.358333 0.387500 0.358333 0.387500 0.393750 0.357813 0.393750
7 0.531250 0.350000 0.578125 0.350000 0.578125 0.422917 0.531250 0.422917
4 0.476562 0.381250 0.512500 0.381250 0.512500 0.414583 0.476562 0.414583
4 0.585938 0.381250 0.634375 0.381250 0.634375 0.425000 0.585938 0.425000
4 0.473438 0.395833 0.506250 0.395833 0.506250 0.437500 0.473438 0.437500
4 0.553125 0.397917 0.592187 0.397917 0.592187 0.445833 0.553125 0.445833
4 0.642188 0.400000 0.678125 0.400000 0.678125 0.447917 0.642188 0.447917
4 0.479687 0.412500 0.517188 0.412500 0.517188 0.445833 0.479687 0.445833
4 0.326562 0.410417 0.376563 0.410417 0.376563 0.468750 0.326562 0.468750
4 0.481250 0.431250 0.526563 0.431250 0.526563 0.502083 0.481250 0.502083
5 0.659375 0.391667 0.784375 0.391667 0.784375 0.543750 0.659375 0.543750
4 0.782812 0.454167 0.828125 0.454167 0.828125 0.522917 0.782812 0.522917
4 0.223437 0.452083 0.289062 0.452083 0.289062 0.527083 0.223437 0.527083
4 0.587500 0.464583 0.657813 0.464583 0.657813 0.543750 0.587500 0.543750
4 0.492188 0.479167 0.550000 0.479167 0.550000 0.566667 0.492188 0.566667
4 0.285938 0.502083 0.348438 0.502083 0.348438 0.591667 0.285938 0.591667
5 0.001562 0.460417 0.085938 0.460417 0.085938 0.677083 0.001562 0.677083
4 0.743750 0.514583 0.832813 0.514583 0.832813 0.625000 0.743750 0.625000
4 0.514062 0.533333 0.589062 0.533333 0.589062 0.627083 0.514062 0.627083
4 0.137500 0.570833 0.228125 0.570833 0.228125 0.679167 0.137500 0.679167
4 0.951563 0.627083 1.000000 0.627083 1.000000 0.737500 0.951563 0.737500
4 0.695312 0.618750 0.809375 0.618750 0.809375 0.756250 0.695312 0.756250
4 0.837500 0.625000 0.946875 0.625000 0.946875 0.754167 0.837500 0.754167
4 0.578125 0.691667 0.701563 0.691667 0.701563 0.877083 0.578125 0.877083
7 0.759375 0.681250 0.953125 0.681250 0.953125 1.000000 0.759375 1.000000
7 0.546875 0.845833 0.712500 0.845833 0.712500 1.000000 0.546875 1.000000