7 0.310937 0.279167 0.345313 0.279167 0.345313 0.341667 0.310937 0.341667
4 0.351562 0.300000 0.389062 0.300000 0.389062 0.335417 0.351562 0.335417
4 0.364063 0.327083 0.395313 0.327083 0.395313 0.364583 0.364063 0.364583
4 0.295312 0.347917 0.351562 0.347917 0.351562 0.422917 0.295312 0.422917
7 0.609375 0.339583 0.723437 0.339583 0.723437 0.431250 0.609375 0.431250
7 0.526562 0.333333 0.623437 0.333333 0.623437 0.452083 0.526562 0.452083
4 0.489063 0.420833 0.542188 0.420833 0.542188 0.479167 0.489063 0.479167
7 0.221875 0.402083 0.309375 0.402083 0.309375 0.525000 0.221875 0.525000
4 0.743750 0.420833 0.810937 0.420833 0.810937 0.512500 0.743750 0.512500
1 0.560937 0.402083 0.723438 0.402083 0.723438 0.581250 0.560937 0.581250
4 0.476562 0.452083 0.554688 0.452083 0.554688 0.533333 0.476562 0.533333
4 0.485938 0.510417 0.592187 0.510417 0.592187 0.625000 0.485938 0.625000
7 0.000000 0.481250 0.064062 0.481250 0.064062 0.725000 0.000000 0.725000
4 0.496875 0.614583 0.648438 0.614583 0.648438 0.747917 0.496875 0.747917
1 0.632812 0.462500 0.973437 0.462500 0.973437 0.943750 0.632812 0.943750
1 0.881250 0.545833 1.000000 0.545833 1.000000 0.875000 0.881250 0.875000
4 0.187500 0.664583 0.320312 0.664583 0.320312 0.856250 0.187500 0.856250
4 0.515625 0.725000 0.689062 0.725000 0.689062 0.937500 0.515625 0.937500
1 0.000000 0.814583 0.076563 0.814583 0.076563 1.000000 0.000000 1.000000
4 0.589063 0.854167 0.737500 0.854167 0.737500 1.000000 0.589063 1.000000