4 0.457812 0.341667 0.500000 0.341667 0.500000 0.385417 0.457812 0.385417
4 0.332813 0.358333 0.378125 0.358333 0.378125 0.412500 0.332813 0.412500
4 0.462500 0.379167 0.515625 0.379167 0.515625 0.429167 0.462500 0.429167
1 0.567187 0.379167 0.667188 0.379167 0.667188 0.527083 0.567187 0.527083
4 0.232812 0.425000 0.281250 0.425000 0.281250 0.483333 0.232812 0.483333
4 0.479687 0.439583 0.535937 0.439583 0.535937 0.504167 0.479687 0.504167
4 0.487500 0.489583 0.553125 0.489583 0.553125 0.575000 0.487500 0.575000
1 0.781250 0.495833 0.934375 0.495833 0.934375 0.691667 0.781250 0.691667
1 0.632812 0.435417 0.837500 0.435417 0.837500 0.775000 0.632812 0.775000
4 0.514062 0.587500 0.604687 0.587500 0.604687 0.693750 0.514062 0.693750
7 0.026563 0.589583 0.176563 0.589583 0.176563 0.791667 0.026563 0.791667
4 0.526562 0.679167 0.642188 0.679167 0.642188 0.858333 0.526562 0.858333
4 0.575000 0.816667 0.729688 0.816667 0.729688 0.995833 0.575000 0.995833