7 0.287500 0.316667 0.351562 0.316667 0.351562 0.410417 0.287500 0.410417
1 0.532813 0.337500 0.610938 0.337500 0.610938 0.468750 0.532813 0.468750
7 0.223438 0.375000 0.278125 0.375000 0.278125 0.466667 0.223438 0.466667
1 0.629687 0.352083 0.731250 0.352083 0.731250 0.495833 0.629687 0.495833
4 0.487500 0.452083 0.537500 0.452083 0.537500 0.527083 0.487500 0.527083
4 0.303125 0.464583 0.360938 0.464583 0.360938 0.535417 0.303125 0.535417
7 0.785937 0.491667 0.864062 0.491667 0.864062 0.583333 0.785937 0.583333
4 0.620312 0.481250 0.681250 0.481250 0.681250 0.597917 0.620312 0.597917
4 0.875000 0.502083 0.928125 0.502083 0.928125 0.595833 0.875000 0.595833
4 0.112500 0.539583 0.201563 0.539583 0.201563 0.637500 0.112500 0.637500
0 0.675000 0.495833 0.950000 0.495833 0.950000 0.883333 0.675000 0.883333
4 0.568750 0.627083 0.692188 0.627083 0.692188 0.827083 0.568750 0.827083
7 0.000000 0.650000 0.132812 0.650000 0.132812 0.887500 0.000000 0.887500
4 0.135938 0.835417 0.287500 0.835417 0.287500 1.000000 0.135938 1.000000