4 0.459375 0.347917 0.487500 0.347917 0.487500 0.379167 0.459375 0.379167
0 0.514062 0.322917 0.568750 0.322917 0.568750 0.412500 0.514062 0.412500
8 0.612500 0.331250 0.712500 0.331250 0.712500 0.443750 0.612500 0.443750
4 0.462500 0.370833 0.500000 0.370833 0.500000 0.414583 0.462500 0.414583
4 0.256250 0.400000 0.307812 0.400000 0.307812 0.458333 0.256250 0.458333
4 0.465625 0.404167 0.515625 0.404167 0.515625 0.466667 0.465625 0.466667
0 0.543750 0.356250 0.626563 0.356250 0.626563 0.514583 0.543750 0.514583
4 0.479687 0.441667 0.540625 0.441667 0.540625 0.481250 0.479687 0.481250
4 0.489063 0.472917 0.550000 0.472917 0.550000 0.558333 0.489063 0.558333
8 0.607812 0.400000 0.751563 0.400000 0.751563 0.647917 0.607812 0.647917
4 0.732812 0.497917 0.806250 0.497917 0.806250 0.575000 0.732812 0.575000
4 0.500000 0.516667 0.564062 0.516667 0.564062 0.604167 0.500000 0.604167
4 0.782813 0.554167 0.878125 0.554167 0.878125 0.666667 0.782813 0.666667
4 0.528125 0.575000 0.631250 0.575000 0.631250 0.745833 0.528125 0.745833
4 0.764062 0.729167 0.940625 0.729167 0.940625 0.954167 0.764062 0.954167
4 0.562500 0.754167 0.704687 0.754167 0.704687 0.968750 0.562500 0.968750