2 0.515625 0.325000 0.571875 0.325000 0.571875 0.414583 0.515625 0.414583
2 0.217188 0.325000 0.285938 0.325000 0.285938 0.420833 0.217188 0.420833
4 0.464062 0.364583 0.495312 0.364583 0.495312 0.402083 0.464062 0.402083
4 0.359375 0.366667 0.395312 0.366667 0.395312 0.416667 0.359375 0.416667
8 0.612500 0.337500 0.707812 0.337500 0.707812 0.456250 0.612500 0.456250
4 0.473438 0.391667 0.512500 0.391667 0.512500 0.422917 0.473438 0.422917
4 0.475000 0.425000 0.526562 0.425000 0.526562 0.479167 0.475000 0.479167
2 0.562500 0.377083 0.684375 0.377083 0.684375 0.562500 0.562500 0.562500
4 0.492188 0.472917 0.553125 0.472917 0.553125 0.533333 0.492188 0.533333
4 0.503125 0.531250 0.570312 0.531250 0.570312 0.612500 0.503125 0.612500
4 0.828125 0.545833 0.900000 0.545833 0.900000 0.660417 0.828125 0.660417
8 0.670312 0.464583 0.903125 0.464583 0.903125 0.845833 0.670312 0.845833
4 0.528125 0.629167 0.634375 0.629167 0.634375 0.787500 0.528125 0.787500