4 0.353125 0.306250 0.376563 0.306250 0.376563 0.337500 0.353125 0.337500
4 0.384375 0.316667 0.403125 0.316667 0.403125 0.343750 0.384375 0.343750
1 0.264063 0.289583 0.323437 0.289583 0.323437 0.385417 0.264063 0.385417
4 0.337500 0.325000 0.367188 0.325000 0.367188 0.364583 0.337500 0.364583
4 0.375000 0.335417 0.401563 0.335417 0.401563 0.372917 0.375000 0.372917
1 0.284375 0.322917 0.340625 0.322917 0.340625 0.416667 0.284375 0.416667
4 0.353125 0.366667 0.392188 0.366667 0.392188 0.414583 0.353125 0.414583
4 0.475000 0.372917 0.509375 0.372917 0.509375 0.420833 0.475000 0.420833
4 0.337500 0.414583 0.382812 0.414583 0.382812 0.472917 0.337500 0.472917
4 0.240625 0.429167 0.293750 0.429167 0.293750 0.493750 0.240625 0.493750
10 0.671875 0.422917 0.737500 0.422917 0.737500 0.535417 0.671875 0.535417
7 0.103125 0.422917 0.189062 0.422917 0.189062 0.535417 0.103125 0.535417
11 0.579688 0.370833 0.707813 0.370833 0.707813 0.604167 0.579688 0.604167
2 0.490625 0.422917 0.615625 0.422917 0.615625 0.658333 0.490625 0.658333
10 0.748437 0.477083 0.846875 0.477083 0.846875 0.631250 0.748437 0.631250
7 0.000000 0.462500 0.107813 0.462500 0.107813 0.654167 0.000000 0.654167
4 0.285938 0.510417 0.360937 0.510417 0.360937 0.608333 0.285938 0.608333
4 0.128125 0.554167 0.210938 0.554167 0.210938 0.664583 0.128125 0.664583
4 0.223438 0.652083 0.331250 0.652083 0.331250 0.787500 0.223438 0.787500
4 0.578125 0.714583 0.725000 0.714583 0.725000 0.947917 0.578125 0.947917