4 0.373437 0.322917 0.404687 0.322917 0.404687 0.362500 0.373437 0.362500
4 0.462500 0.356250 0.498437 0.356250 0.498437 0.406250 0.462500 0.406250
4 0.346875 0.370833 0.387500 0.370833 0.387500 0.416667 0.346875 0.416667
8 0.606250 0.335417 0.706250 0.335417 0.706250 0.485417 0.606250 0.485417
9 0.545312 0.385417 0.595313 0.385417 0.595313 0.468750 0.545312 0.468750
4 0.476562 0.406250 0.517188 0.406250 0.517188 0.462500 0.476562 0.462500
9 0.576562 0.414583 0.645313 0.414583 0.645313 0.531250 0.576562 0.531250
4 0.487500 0.447917 0.550000 0.447917 0.550000 0.527083 0.487500 0.527083
8 0.742188 0.437500 0.926562 0.437500 0.926562 0.658333 0.742188 0.658333
4 0.531250 0.568750 0.618750 0.568750 0.618750 0.695833 0.531250 0.695833
2 0.728125 0.558333 1.000000 0.558333 1.000000 1.000000 0.728125 1.000000