0 0.215625 0.356250 0.328125 0.356250 0.328125 0.502083 0.215625 0.502083
1 0.639063 0.375000 0.710938 0.375000 0.710938 0.495833 0.639063 0.495833
7 0.470313 0.410417 0.529687 0.410417 0.529687 0.491667 0.470313 0.491667
1 0.571875 0.410417 0.639062 0.410417 0.639062 0.535417 0.571875 0.535417
4 0.300000 0.472917 0.367188 0.472917 0.367188 0.552083 0.300000 0.552083
1 0.735938 0.410417 0.934375 0.410417 0.934375 0.637500 0.735938 0.637500
4 0.473437 0.470833 0.546875 0.470833 0.546875 0.579167 0.473437 0.579167
1 0.606250 0.443750 0.689063 0.443750 0.689063 0.608333 0.606250 0.608333
4 0.493750 0.525000 0.570312 0.525000 0.570312 0.637500 0.493750 0.637500
1 0.701562 0.554167 0.778125 0.554167 0.778125 0.691667 0.701562 0.691667
4 0.504687 0.577083 0.598437 0.577083 0.598437 0.725000 0.504687 0.725000
1 0.732812 0.531250 0.950000 0.531250 0.950000 0.850000 0.732812 0.850000
4 0.612500 0.643750 0.745313 0.643750 0.745313 0.862500 0.612500 0.862500
4 0.167188 0.712500 0.310937 0.712500 0.310937 0.900000 0.167188 0.900000
1 0.825000 0.658333 1.000000 0.658333 1.000000 1.000000 0.825000 1.000000
0 0.529687 0.829167 0.678125 0.829167 0.678125 1.000000 0.529687 1.000000