9 0.515625 0.325000 0.554688 0.325000 0.554688 0.391667 0.515625 0.391667
4 0.462500 0.356250 0.495312 0.356250 0.495312 0.402083 0.462500 0.402083
11 0.576563 0.345833 0.648438 0.345833 0.648438 0.425000 0.576563 0.425000
4 0.485938 0.372917 0.520313 0.372917 0.520313 0.408333 0.485938 0.408333
4 0.648438 0.370833 0.696875 0.370833 0.696875 0.429167 0.648438 0.429167
3 0.471875 0.381250 0.517188 0.381250 0.517188 0.472917 0.471875 0.472917
4 0.687500 0.404167 0.740625 0.404167 0.740625 0.460417 0.687500 0.460417
9 0.564063 0.412500 0.642188 0.412500 0.642188 0.531250 0.564063 0.531250
4 0.485938 0.454167 0.548438 0.454167 0.548438 0.539583 0.485938 0.539583
9 0.675000 0.447917 0.762500 0.447917 0.762500 0.556250 0.675000 0.556250
10 0.767188 0.522917 0.878125 0.522917 0.878125 0.625000 0.767188 0.625000
4 0.628125 0.529167 0.712500 0.529167 0.712500 0.641667 0.628125 0.641667
4 0.503125 0.552083 0.593750 0.552083 0.593750 0.683333 0.503125 0.683333
7 0.000000 0.604167 0.148438 0.604167 0.148438 0.906250 0.000000 0.906250