4 0.357812 0.341667 0.392188 0.341667 0.392188 0.381250 0.357812 0.381250
4 0.271875 0.339583 0.306250 0.339583 0.306250 0.391667 0.271875 0.391667
4 0.306250 0.360417 0.332813 0.360417 0.332813 0.404167 0.306250 0.404167
4 0.351562 0.375000 0.390625 0.375000 0.390625 0.418750 0.351562 0.418750
4 0.479687 0.397917 0.520312 0.397917 0.520312 0.439583 0.479687 0.439583
7 0.667188 0.387500 0.737500 0.387500 0.737500 0.466667 0.667188 0.466667
4 0.482812 0.427083 0.540625 0.427083 0.540625 0.481250 0.482812 0.481250
4 0.571875 0.416667 0.615625 0.416667 0.615625 0.497917 0.571875 0.497917
4 0.500000 0.462500 0.545313 0.462500 0.545313 0.525000 0.500000 0.525000
7 0.715625 0.418750 0.823438 0.418750 0.823438 0.575000 0.715625 0.575000
7 0.593750 0.450000 0.645312 0.450000 0.645312 0.564583 0.593750 0.564583
7 0.618750 0.443750 0.721875 0.443750 0.721875 0.645833 0.618750 0.645833
4 0.517188 0.510417 0.587500 0.510417 0.587500 0.608333 0.517188 0.608333
7 0.495312 0.529167 0.582812 0.529167 0.582812 0.647917 0.495312 0.647917
7 0.500000 0.535417 0.571875 0.535417 0.571875 0.668750 0.500000 0.668750
7 0.707812 0.568750 0.781250 0.568750 0.781250 0.697917 0.707812 0.697917
1 0.742188 0.527083 0.976562 0.527083 0.976562 0.893750 0.742188 0.893750
4 0.526562 0.647917 0.634375 0.647917 0.634375 0.783333 0.526562 0.783333
4 0.553125 0.760417 0.676563 0.760417 0.676563 0.900000 0.553125 0.900000
1 0.842188 0.687500 1.000000 0.687500 1.000000 1.000000 0.842188 1.000000
4 0.573437 0.887500 0.720313 0.887500 0.720313 1.000000 0.573437 1.000000