8 0.342188 0.279167 0.379688 0.279167 0.379688 0.341667 0.342188 0.341667
8 0.492188 0.293750 0.529688 0.293750 0.529688 0.354167 0.492188 0.354167
4 0.378125 0.310417 0.406250 0.310417 0.406250 0.347917 0.378125 0.347917
8 0.260937 0.308333 0.318750 0.308333 0.318750 0.364583 0.260937 0.364583
4 0.362500 0.339583 0.396875 0.339583 0.396875 0.379167 0.362500 0.379167
0 0.289062 0.322917 0.353125 0.322917 0.353125 0.404167 0.289062 0.404167
4 0.462500 0.345833 0.495312 0.345833 0.495312 0.391667 0.462500 0.391667
10 0.526562 0.325000 0.568750 0.325000 0.568750 0.412500 0.526562 0.412500
10 0.225000 0.341667 0.278125 0.341667 0.278125 0.416667 0.225000 0.416667
10 0.596875 0.362500 0.646875 0.362500 0.646875 0.439583 0.596875 0.439583
10 0.350000 0.370833 0.393750 0.370833 0.393750 0.433333 0.350000 0.433333
4 0.193750 0.454167 0.262500 0.454167 0.262500 0.539583 0.193750 0.539583
4 0.304688 0.487500 0.362500 0.487500 0.362500 0.552083 0.304688 0.552083
4 0.551562 0.575000 0.643750 0.575000 0.643750 0.712500 0.551562 0.712500