4 0.378125 0.308333 0.404688 0.308333 0.404688 0.341667 0.378125 0.341667
1 0.512500 0.293750 0.573438 0.293750 0.573438 0.414583 0.512500 0.414583
7 0.296875 0.350000 0.335938 0.350000 0.335938 0.410417 0.296875 0.410417
4 0.579688 0.358333 0.615625 0.358333 0.615625 0.404167 0.579688 0.404167
0 0.617188 0.331250 0.679688 0.331250 0.679688 0.433333 0.617188 0.433333
4 0.464063 0.368750 0.500000 0.368750 0.500000 0.410417 0.464063 0.410417
4 0.348437 0.387500 0.390625 0.387500 0.390625 0.429167 0.348437 0.429167
4 0.471875 0.393750 0.510938 0.393750 0.510938 0.439583 0.471875 0.439583
4 0.593750 0.420833 0.635938 0.420833 0.635938 0.475000 0.593750 0.475000
5 0.667188 0.400000 0.762500 0.400000 0.762500 0.495833 0.667188 0.495833
4 0.481250 0.447917 0.535937 0.447917 0.535937 0.512500 0.481250 0.512500
9 0.665625 0.441667 0.789062 0.441667 0.789062 0.616667 0.665625 0.616667
7 0.009375 0.489583 0.125000 0.489583 0.125000 0.645833 0.009375 0.645833
4 0.506250 0.554167 0.582813 0.554167 0.582813 0.656250 0.506250 0.656250
1 0.718750 0.568750 1.000000 0.568750 1.000000 1.000000 0.718750 1.000000
4 0.557812 0.743750 0.704688 0.743750 0.704688 1.000000 0.557812 1.000000