4 0.393750 0.272917 0.420313 0.272917 0.420313 0.297917 0.393750 0.297917
7 0.323437 0.266667 0.353125 0.266667 0.353125 0.335417 0.323437 0.335417
4 0.357812 0.281250 0.384375 0.281250 0.384375 0.325000 0.357812 0.325000
4 0.392188 0.287500 0.412500 0.287500 0.412500 0.318750 0.392188 0.318750
4 0.373438 0.306250 0.401562 0.306250 0.401562 0.341667 0.373438 0.341667
4 0.315625 0.325000 0.364063 0.325000 0.364063 0.400000 0.315625 0.400000
4 0.464062 0.370833 0.503125 0.370833 0.503125 0.395833 0.464062 0.395833
4 0.470313 0.381250 0.509375 0.381250 0.509375 0.422917 0.470313 0.422917
4 0.634375 0.350000 0.720313 0.350000 0.720313 0.466667 0.634375 0.466667
1 0.546875 0.350000 0.623438 0.350000 0.623438 0.477083 0.546875 0.477083
4 0.465625 0.395833 0.515625 0.395833 0.515625 0.441667 0.465625 0.441667
7 0.248438 0.362500 0.329688 0.362500 0.329688 0.479167 0.248438 0.479167
4 0.487500 0.425000 0.550000 0.425000 0.550000 0.483333 0.487500 0.483333
4 0.476562 0.458333 0.565625 0.458333 0.565625 0.545833 0.476562 0.545833
4 0.731250 0.454167 0.832812 0.454167 0.832812 0.552083 0.731250 0.552083
1 0.000000 0.418750 0.193750 0.418750 0.193750 0.633333 0.000000 0.633333
1 0.603125 0.431250 0.737500 0.431250 0.737500 0.647917 0.603125 0.647917
4 0.276562 0.510417 0.365625 0.510417 0.365625 0.618750 0.276562 0.618750
4 0.490625 0.506250 0.589062 0.506250 0.589062 0.627083 0.490625 0.627083
4 0.510938 0.622917 0.651563 0.622917 0.651563 0.756250 0.510938 0.756250
7 0.028125 0.572917 0.278125 0.572917 0.278125 0.812500 0.028125 0.812500
1 0.685938 0.464583 1.000000 0.464583 1.000000 1.000000 0.685938 1.000000
4 0.525000 0.729167 0.684375 0.729167 0.684375 0.950000 0.525000 0.950000
4 0.592187 0.875000 0.748437 0.875000 0.748437 1.000000 0.592187 1.000000