1 0.592188 0.318750 0.640625 0.318750 0.640625 0.412500 0.592188 0.412500
7 0.520312 0.337500 0.573438 0.337500 0.573438 0.412500 0.520312 0.412500
4 0.200000 0.395833 0.250000 0.395833 0.250000 0.439583 0.200000 0.439583
4 0.545313 0.395833 0.593750 0.395833 0.593750 0.447917 0.545313 0.447917
7 0.639062 0.370833 0.714062 0.370833 0.714062 0.475000 0.639062 0.475000
4 0.570312 0.418750 0.623438 0.418750 0.623438 0.466667 0.570312 0.466667
4 0.317188 0.408333 0.370312 0.408333 0.370312 0.495833 0.317188 0.495833
4 0.481250 0.445833 0.540625 0.445833 0.540625 0.506250 0.481250 0.506250
7 0.695312 0.410417 0.796875 0.410417 0.796875 0.545833 0.695312 0.545833
7 0.581250 0.441667 0.653125 0.441667 0.653125 0.554167 0.581250 0.554167
4 0.506250 0.477083 0.551563 0.477083 0.551563 0.525000 0.506250 0.525000
4 0.181250 0.489583 0.264062 0.489583 0.264062 0.585417 0.181250 0.585417
7 0.610938 0.454167 0.715625 0.454167 0.715625 0.637500 0.610938 0.637500
4 0.298437 0.508333 0.370312 0.508333 0.370312 0.595833 0.298437 0.595833
7 0.492188 0.516667 0.560938 0.516667 0.560938 0.656250 0.492188 0.656250
7 0.496875 0.522917 0.570312 0.522917 0.570312 0.650000 0.496875 0.650000
7 0.698438 0.562500 0.746875 0.562500 0.746875 0.702083 0.698438 0.702083
4 0.545312 0.675000 0.550000 0.675000 0.550000 0.681250 0.545312 0.681250
4 0.526562 0.643750 0.626563 0.643750 0.626563 0.768750 0.526562 0.768750
1 0.739062 0.543750 0.971875 0.543750 0.971875 0.910417 0.739062 0.910417
4 0.551562 0.760417 0.667188 0.760417 0.667188 0.908333 0.551562 0.908333
4 0.867188 0.697917 1.000000 0.697917 1.000000 1.000000 0.867188 1.000000
4 0.578125 0.897917 0.717188 0.897917 0.717188 1.000000 0.578125 1.000000