4 0.378125 0.308333 0.404688 0.308333 0.404688 0.341667 0.378125 0.341667
1 0.512500 0.297917 0.573438 0.297917 0.573438 0.418750 0.512500 0.418750
7 0.304688 0.341667 0.343750 0.341667 0.343750 0.402083 0.304688 0.402083
4 0.579688 0.358333 0.615625 0.358333 0.615625 0.404167 0.579688 0.404167
4 0.351562 0.368750 0.393750 0.368750 0.393750 0.410417 0.351562 0.410417
4 0.464063 0.368750 0.500000 0.368750 0.500000 0.410417 0.464063 0.410417
0 0.621875 0.341667 0.684375 0.341667 0.684375 0.443750 0.621875 0.443750
4 0.475000 0.406250 0.518750 0.406250 0.518750 0.466667 0.475000 0.466667
5 0.670312 0.408333 0.775000 0.408333 0.775000 0.518750 0.670312 0.518750
4 0.590625 0.441667 0.640625 0.441667 0.640625 0.495833 0.590625 0.495833
7 0.114062 0.414583 0.198437 0.414583 0.198437 0.535417 0.114062 0.535417
4 0.484375 0.460417 0.545313 0.460417 0.545313 0.535417 0.484375 0.535417
9 0.707813 0.485417 0.860938 0.485417 0.860938 0.670833 0.707813 0.670833
4 0.506250 0.577083 0.596875 0.577083 0.596875 0.702083 0.506250 0.702083
1 0.757812 0.635417 1.000000 0.635417 1.000000 1.000000 0.757812 1.000000