5 0.296875 0.379167 0.340625 0.379167 0.340625 0.429167 0.296875 0.429167
9 0.546875 0.347917 0.607813 0.347917 0.607813 0.470833 0.546875 0.470833
2 0.618750 0.356250 0.720313 0.356250 0.720313 0.502083 0.618750 0.502083
4 0.718750 0.427083 0.756250 0.427083 0.756250 0.487500 0.718750 0.487500
4 0.487500 0.439583 0.537500 0.439583 0.537500 0.506250 0.487500 0.506250
9 0.592187 0.408333 0.681250 0.408333 0.681250 0.568750 0.592187 0.568750
2 0.735938 0.441667 0.940625 0.441667 0.940625 0.718750 0.735938 0.718750
4 0.509375 0.537500 0.589062 0.537500 0.589062 0.654167 0.509375 0.654167
4 0.692188 0.604167 0.806250 0.604167 0.806250 0.737500 0.692188 0.737500
4 0.579688 0.737500 0.714062 0.737500 0.714062 0.956250 0.579688 0.956250
4 0.784375 0.775000 0.964063 0.775000 0.964063 0.979167 0.784375 0.979167