0 0.325000 0.279167 0.379688 0.279167 0.379688 0.368750 0.325000 0.368750
4 0.371875 0.318750 0.406250 0.318750 0.406250 0.362500 0.371875 0.362500
4 0.353125 0.360417 0.398438 0.360417 0.398438 0.406250 0.353125 0.406250
4 0.551562 0.391667 0.601562 0.391667 0.601562 0.452083 0.551562 0.452083
1 0.240625 0.366667 0.318750 0.366667 0.318750 0.491667 0.240625 0.491667
1 0.620312 0.395833 0.685937 0.395833 0.685937 0.464583 0.620312 0.464583
7 0.331250 0.406250 0.389063 0.406250 0.389063 0.502083 0.331250 0.502083
1 0.073438 0.393750 0.193750 0.393750 0.193750 0.556250 0.073438 0.556250
4 0.571875 0.439583 0.612500 0.439583 0.612500 0.518750 0.571875 0.518750
1 0.682813 0.395833 0.778125 0.395833 0.778125 0.564583 0.682813 0.564583
1 0.587500 0.441667 0.660938 0.441667 0.660938 0.570833 0.587500 0.570833
4 0.178125 0.479167 0.260937 0.479167 0.260937 0.604167 0.178125 0.604167
1 0.620312 0.460417 0.712500 0.460417 0.712500 0.631250 0.620312 0.631250
4 0.476562 0.493750 0.551562 0.493750 0.551562 0.602083 0.476562 0.602083
1 0.801562 0.454167 1.000000 0.454167 1.000000 0.658333 0.801562 0.658333
4 0.498437 0.541667 0.596875 0.541667 0.596875 0.658333 0.498437 0.658333
4 0.265625 0.539583 0.362500 0.539583 0.362500 0.679167 0.265625 0.679167
7 0.706250 0.558333 0.770312 0.558333 0.770312 0.685417 0.706250 0.685417
1 0.740625 0.537500 0.951562 0.537500 0.951562 0.827083 0.740625 0.827083
4 0.503125 0.614583 0.612500 0.614583 0.612500 0.804167 0.503125 0.804167
1 0.840625 0.654167 1.000000 0.654167 1.000000 1.000000 0.840625 1.000000
4 0.646875 0.714583 0.810937 0.714583 0.810937 0.997917 0.646875 0.997917
4 0.534375 0.856250 0.659375 0.856250 0.659375 1.000000 0.534375 1.000000