8 0.487500 0.289583 0.529687 0.289583 0.529687 0.354167 0.487500 0.354167
4 0.364062 0.325000 0.398438 0.325000 0.398438 0.364583 0.364062 0.364583
0 0.300000 0.316667 0.359375 0.316667 0.359375 0.395833 0.300000 0.395833
10 0.228125 0.333333 0.281250 0.333333 0.281250 0.408333 0.228125 0.408333
10 0.525000 0.325000 0.571875 0.325000 0.571875 0.420833 0.525000 0.420833
4 0.465625 0.354167 0.498438 0.354167 0.498438 0.400000 0.465625 0.400000
10 0.351562 0.362500 0.392188 0.362500 0.392188 0.416667 0.351562 0.416667
10 0.596875 0.362500 0.650000 0.362500 0.650000 0.456250 0.596875 0.456250
4 0.209375 0.441667 0.275000 0.441667 0.275000 0.525000 0.209375 0.525000
4 0.309375 0.460417 0.367188 0.460417 0.367188 0.535417 0.309375 0.535417
4 0.564063 0.604167 0.665625 0.604167 0.665625 0.775000 0.564063 0.775000
4 0.718750 0.633333 0.843750 0.633333 0.843750 0.802083 0.718750 0.802083
4 0.051563 0.654167 0.173437 0.654167 0.173437 0.800000 0.051563 0.800000