4 0.368750 0.335417 0.398438 0.335417 0.398438 0.379167 0.368750 0.379167
7 0.617188 0.370833 0.692187 0.370833 0.692187 0.458333 0.617188 0.458333
7 0.335938 0.391667 0.381250 0.391667 0.381250 0.454167 0.335938 0.454167
7 0.142188 0.387500 0.226562 0.387500 0.226562 0.472917 0.142188 0.472917
4 0.573438 0.416667 0.606250 0.416667 0.606250 0.456250 0.573438 0.456250
4 0.476562 0.422917 0.528125 0.422917 0.528125 0.470833 0.476562 0.470833
4 0.492188 0.454167 0.543750 0.454167 0.543750 0.510417 0.492188 0.510417
7 0.707813 0.422917 0.810937 0.422917 0.810937 0.572917 0.707813 0.572917
7 0.593750 0.439583 0.684375 0.439583 0.684375 0.568750 0.593750 0.568750
7 0.307813 0.472917 0.367188 0.472917 0.367188 0.554167 0.307813 0.554167
4 0.504687 0.491667 0.565625 0.491667 0.565625 0.566667 0.504687 0.566667
7 0.615625 0.445833 0.709375 0.445833 0.709375 0.633333 0.615625 0.633333
4 0.520313 0.518750 0.600000 0.518750 0.600000 0.633333 0.520313 0.633333
7 0.800000 0.485417 0.973437 0.485417 0.973437 0.687500 0.800000 0.687500
7 0.500000 0.550000 0.573438 0.550000 0.573438 0.681250 0.500000 0.681250
1 0.048438 0.456250 0.245312 0.456250 0.245312 0.783333 0.048438 0.783333
4 0.534375 0.637500 0.654687 0.637500 0.654687 0.764583 0.534375 0.764583
1 0.753125 0.550000 0.971875 0.550000 0.971875 0.902083 0.753125 0.902083
4 0.554688 0.756250 0.667188 0.756250 0.667188 0.906250 0.554688 0.906250
1 0.850000 0.693750 0.996875 0.693750 0.996875 0.989583 0.850000 0.989583
4 0.582812 0.906250 0.703125 0.906250 0.703125 1.000000 0.582812 1.000000