4 0.348437 0.364583 0.390625 0.364583 0.390625 0.412500 0.348437 0.412500
4 0.489063 0.389583 0.537500 0.389583 0.537500 0.452083 0.489063 0.452083
4 0.629687 0.395833 0.687500 0.395833 0.687500 0.462500 0.629687 0.462500
4 0.550000 0.404167 0.595313 0.404167 0.595313 0.460417 0.550000 0.460417
4 0.726562 0.435417 0.781250 0.435417 0.781250 0.491667 0.726562 0.491667
10 0.590625 0.418750 0.670312 0.418750 0.670312 0.558333 0.590625 0.558333
4 0.489062 0.458333 0.546875 0.458333 0.546875 0.541667 0.489062 0.541667
4 0.681250 0.479167 0.748437 0.479167 0.748437 0.541667 0.681250 0.541667
9 0.756250 0.458333 0.879688 0.458333 0.879688 0.670833 0.756250 0.670833
4 0.523438 0.554167 0.609375 0.554167 0.609375 0.666667 0.523438 0.666667
4 0.084375 0.614583 0.187500 0.614583 0.187500 0.718750 0.084375 0.718750
4 0.701562 0.633333 0.826562 0.633333 0.826562 0.804167 0.701562 0.804167