9 0.596875 0.350000 0.650000 0.350000 0.650000 0.456250 0.596875 0.456250
4 0.471875 0.377083 0.515625 0.377083 0.515625 0.441667 0.471875 0.441667
4 0.545312 0.397917 0.595313 0.397917 0.595313 0.458333 0.545312 0.458333
7 0.143750 0.385417 0.223438 0.385417 0.223438 0.475000 0.143750 0.475000
8 0.646875 0.362500 0.768750 0.362500 0.768750 0.541667 0.646875 0.541667
9 0.568750 0.418750 0.632812 0.418750 0.632812 0.518750 0.568750 0.518750
4 0.485938 0.454167 0.540625 0.454167 0.540625 0.527083 0.485938 0.527083
4 0.296875 0.489583 0.359375 0.489583 0.359375 0.566667 0.296875 0.566667
9 0.631250 0.477083 0.734375 0.477083 0.734375 0.654167 0.631250 0.654167
1 0.082813 0.458333 0.246875 0.458333 0.246875 0.691667 0.082813 0.691667
4 0.507812 0.533333 0.592188 0.533333 0.592188 0.652083 0.507812 0.652083