1 0.348438 0.283333 0.381250 0.283333 0.381250 0.335417 0.348438 0.335417
7 0.312500 0.295833 0.342187 0.295833 0.342187 0.341667 0.312500 0.341667
6 0.379688 0.306250 0.407812 0.306250 0.407812 0.339583 0.379688 0.339583
4 0.364063 0.329167 0.393750 0.329167 0.393750 0.364583 0.364063 0.364583
7 0.529687 0.343750 0.576562 0.343750 0.576562 0.431250 0.529687 0.431250
1 0.610938 0.320833 0.704688 0.320833 0.704688 0.464583 0.610938 0.464583
1 0.160938 0.337500 0.253125 0.337500 0.253125 0.464583 0.160938 0.464583
4 0.554688 0.397917 0.587500 0.397917 0.587500 0.450000 0.554688 0.450000
4 0.328125 0.400000 0.373437 0.400000 0.373437 0.454167 0.328125 0.454167
4 0.573438 0.414583 0.617188 0.414583 0.617188 0.481250 0.573438 0.481250
4 0.482812 0.431250 0.521875 0.431250 0.521875 0.493750 0.482812 0.493750
7 0.668750 0.400000 0.759375 0.400000 0.759375 0.535417 0.668750 0.535417
4 0.487500 0.454167 0.546875 0.454167 0.546875 0.535417 0.487500 0.535417
4 0.771875 0.458333 0.832813 0.458333 0.832813 0.535417 0.771875 0.535417
7 0.589063 0.441667 0.656250 0.441667 0.656250 0.577083 0.589063 0.577083
4 0.498438 0.491667 0.562500 0.491667 0.562500 0.577083 0.498438 0.577083
7 0.614062 0.447917 0.721875 0.447917 0.721875 0.650000 0.614062 0.650000
4 0.523438 0.525000 0.593750 0.525000 0.593750 0.629167 0.523438 0.629167
7 0.243750 0.529167 0.329688 0.529167 0.329688 0.639583 0.243750 0.639583
7 0.810937 0.493750 0.954688 0.493750 0.954688 0.710417 0.810937 0.710417
7 0.495312 0.543750 0.576562 0.543750 0.576562 0.702083 0.495312 0.702083
7 0.715625 0.570833 0.814063 0.570833 0.814063 0.731250 0.715625 0.731250
7 0.000000 0.566667 0.162500 0.566667 0.162500 0.800000 0.000000 0.800000
1 0.743750 0.539583 0.973438 0.539583 0.973438 0.929167 0.743750 0.929167
4 0.523438 0.654167 0.623438 0.654167 0.623438 0.829167 0.523438 0.829167
4 0.545312 0.758333 0.681250 0.758333 0.681250 0.964583 0.545312 0.964583
4 0.567187 0.902083 0.718750 0.902083 0.718750 1.000000 0.567187 1.000000