4 0.384375 0.306250 0.412500 0.306250 0.412500 0.343750 0.384375 0.343750
4 0.339062 0.318750 0.370312 0.318750 0.370312 0.347917 0.339062 0.347917
7 0.259375 0.300000 0.315625 0.300000 0.315625 0.387500 0.259375 0.387500
1 0.503125 0.310417 0.567187 0.310417 0.567187 0.414583 0.503125 0.414583
4 0.359375 0.343750 0.400000 0.343750 0.400000 0.393750 0.359375 0.393750
4 0.609375 0.375000 0.651563 0.375000 0.651563 0.435417 0.609375 0.435417
7 0.535937 0.364583 0.620313 0.364583 0.620313 0.489583 0.535937 0.489583
4 0.634375 0.393750 0.692188 0.393750 0.692188 0.475000 0.634375 0.475000
4 0.475000 0.435417 0.543750 0.435417 0.543750 0.520833 0.475000 0.520833
4 0.700000 0.443750 0.773438 0.443750 0.773438 0.539583 0.700000 0.539583
4 0.581250 0.445833 0.651563 0.445833 0.651563 0.539583 0.581250 0.539583
4 0.293750 0.447917 0.373438 0.447917 0.373438 0.577083 0.293750 0.577083
4 0.492187 0.497917 0.571875 0.497917 0.571875 0.600000 0.492187 0.600000
1 0.757812 0.462500 1.000000 0.462500 1.000000 0.764583 0.757812 0.764583
4 0.500000 0.587500 0.614062 0.587500 0.614062 0.768750 0.500000 0.768750
4 0.718750 0.689583 0.896875 0.689583 0.896875 0.914583 0.718750 0.914583
4 0.571875 0.864583 0.760937 0.864583 0.760937 1.000000 0.571875 1.000000