8 0.592187 0.329167 0.650000 0.329167 0.650000 0.416667 0.592187 0.416667
2 0.535938 0.333333 0.600000 0.333333 0.600000 0.433333 0.535938 0.433333
4 0.214063 0.385417 0.256250 0.385417 0.256250 0.437500 0.214063 0.437500
4 0.345312 0.383333 0.393750 0.383333 0.393750 0.443750 0.345312 0.443750
4 0.481250 0.420833 0.531250 0.420833 0.531250 0.475000 0.481250 0.475000
8 0.650000 0.377083 0.757812 0.377083 0.757812 0.527083 0.650000 0.527083
10 0.576562 0.414583 0.628125 0.414583 0.628125 0.522917 0.576562 0.522917
4 0.490625 0.475000 0.550000 0.475000 0.550000 0.550000 0.490625 0.550000
4 0.778125 0.477083 0.846875 0.477083 0.846875 0.554167 0.778125 0.554167
9 0.617188 0.433333 0.734375 0.433333 0.734375 0.639583 0.617188 0.639583
4 0.909375 0.570833 1.000000 0.570833 1.000000 0.700000 0.909375 0.700000
4 0.525000 0.575000 0.612500 0.575000 0.612500 0.710417 0.525000 0.710417
4 0.228125 0.602083 0.325000 0.602083 0.325000 0.722917 0.228125 0.722917
9 0.714063 0.568750 0.903125 0.568750 0.903125 0.893750 0.714063 0.893750