7 0.314062 0.300000 0.362500 0.300000 0.362500 0.377083 0.314062 0.377083
1 0.504687 0.291667 0.554688 0.291667 0.554688 0.387500 0.504687 0.387500
0 0.453125 0.312500 0.506250 0.312500 0.506250 0.395833 0.453125 0.395833
7 0.254688 0.337500 0.298437 0.337500 0.298437 0.400000 0.254688 0.400000
4 0.346875 0.379167 0.387500 0.379167 0.387500 0.418750 0.346875 0.418750
4 0.621875 0.364583 0.659375 0.364583 0.659375 0.439583 0.621875 0.439583
4 0.465625 0.375000 0.514062 0.375000 0.514062 0.431250 0.465625 0.431250
1 0.540625 0.339583 0.637500 0.339583 0.637500 0.514583 0.540625 0.514583
1 0.645312 0.370833 0.770312 0.370833 0.770312 0.533333 0.645312 0.533333
4 0.223438 0.435417 0.279688 0.435417 0.279688 0.500000 0.223438 0.500000
4 0.304688 0.481250 0.371875 0.481250 0.371875 0.560417 0.304688 0.560417
4 0.160938 0.464583 0.248437 0.464583 0.248437 0.595833 0.160938 0.595833
7 0.000000 0.500000 0.114062 0.500000 0.114062 0.652083 0.000000 0.652083
4 0.506250 0.520833 0.575000 0.520833 0.575000 0.633333 0.506250 0.633333
7 0.804688 0.502083 0.979688 0.502083 0.979688 0.677083 0.804688 0.677083
4 0.685937 0.568750 0.779687 0.568750 0.779687 0.722917 0.685937 0.722917
1 0.776563 0.614583 1.000000 0.614583 1.000000 1.000000 0.776563 1.000000
4 0.076563 0.847917 0.267188 0.847917 0.267188 1.000000 0.076563 1.000000