4 0.334375 0.333333 0.360938 0.333333 0.360938 0.372917 0.334375 0.372917
5 0.251563 0.316667 0.304688 0.316667 0.304688 0.397917 0.251563 0.397917
4 0.350000 0.375000 0.382812 0.375000 0.382812 0.418750 0.350000 0.418750
4 0.471875 0.381250 0.514062 0.381250 0.514062 0.422917 0.471875 0.422917
7 0.539062 0.360417 0.596875 0.360417 0.596875 0.458333 0.539062 0.458333
4 0.634375 0.395833 0.678125 0.395833 0.678125 0.443750 0.634375 0.443750
4 0.471875 0.402083 0.506250 0.402083 0.506250 0.450000 0.471875 0.450000
4 0.482812 0.427083 0.529687 0.427083 0.529687 0.489583 0.482812 0.489583
4 0.682813 0.429167 0.737500 0.429167 0.737500 0.497917 0.682813 0.497917
4 0.578125 0.441667 0.628125 0.441667 0.628125 0.506250 0.578125 0.506250
4 0.495312 0.485417 0.551562 0.485417 0.551562 0.564583 0.495312 0.564583
5 0.750000 0.470833 0.954687 0.470833 0.954687 0.700000 0.750000 0.700000
4 0.503125 0.575000 0.598437 0.575000 0.598437 0.710417 0.503125 0.710417
4 0.239063 0.585417 0.339062 0.585417 0.339062 0.710417 0.239063 0.710417
4 0.703125 0.656250 0.832812 0.656250 0.832812 0.825000 0.703125 0.825000
4 0.571875 0.791667 0.707813 0.791667 0.707813 0.989583 0.571875 0.989583