1 0.209375 0.325000 0.275000 0.325000 0.275000 0.393750 0.209375 0.393750
5 0.270313 0.316667 0.337500 0.316667 0.337500 0.412500 0.270313 0.412500
8 0.592187 0.345833 0.673438 0.345833 0.673438 0.445833 0.592187 0.445833
4 0.534375 0.377083 0.570312 0.377083 0.570312 0.422917 0.534375 0.422917
4 0.475000 0.389583 0.512500 0.389583 0.512500 0.445833 0.475000 0.445833
5 0.193750 0.354167 0.298438 0.354167 0.298438 0.504167 0.193750 0.504167
4 0.565625 0.420833 0.612500 0.420833 0.612500 0.477083 0.565625 0.477083
7 0.123437 0.418750 0.195312 0.418750 0.195312 0.504167 0.123437 0.504167
4 0.332813 0.431250 0.378125 0.431250 0.378125 0.495833 0.332813 0.495833
4 0.598438 0.460417 0.662500 0.460417 0.662500 0.541667 0.598438 0.541667
9 0.021875 0.475000 0.128125 0.475000 0.128125 0.604167 0.021875 0.604167
4 0.504688 0.522917 0.576562 0.522917 0.576562 0.635417 0.504688 0.635417
9 0.796875 0.547917 0.946875 0.547917 0.946875 0.752083 0.796875 0.752083
4 0.673437 0.641667 0.781250 0.641667 0.781250 0.770833 0.673437 0.770833
7 0.554688 0.695833 0.681250 0.695833 0.681250 0.893750 0.554688 0.893750