7 0.348438 0.268750 0.384375 0.268750 0.384375 0.333333 0.348438 0.333333
4 0.390625 0.295833 0.414062 0.295833 0.414062 0.325000 0.390625 0.325000
4 0.306250 0.312500 0.334375 0.312500 0.334375 0.343750 0.306250 0.343750
1 0.506250 0.310417 0.556250 0.310417 0.556250 0.383333 0.506250 0.383333
4 0.456250 0.343750 0.484375 0.343750 0.484375 0.360417 0.456250 0.360417
4 0.462500 0.358333 0.498437 0.358333 0.498437 0.381250 0.462500 0.381250
4 0.579688 0.343750 0.614063 0.343750 0.614063 0.397917 0.579688 0.397917
1 0.531250 0.339583 0.579687 0.339583 0.579687 0.429167 0.531250 0.429167
7 0.276562 0.350000 0.342188 0.350000 0.342188 0.420833 0.276562 0.420833
1 0.600000 0.345833 0.684375 0.345833 0.684375 0.435417 0.600000 0.435417
4 0.476562 0.379167 0.520312 0.379167 0.520312 0.422917 0.476562 0.422917
4 0.550000 0.393750 0.587500 0.393750 0.587500 0.433333 0.550000 0.433333
4 0.571875 0.416667 0.609375 0.416667 0.609375 0.462500 0.571875 0.462500
4 0.490625 0.427083 0.528125 0.427083 0.528125 0.458333 0.490625 0.458333
4 0.487500 0.450000 0.546875 0.450000 0.546875 0.497917 0.487500 0.497917
1 0.704688 0.379167 0.918750 0.379167 0.918750 0.589583 0.704688 0.589583
7 0.589063 0.435417 0.640625 0.435417 0.640625 0.570833 0.589063 0.570833
4 0.500000 0.487500 0.556250 0.487500 0.556250 0.537500 0.500000 0.537500
7 0.614062 0.454167 0.726562 0.454167 0.726562 0.629167 0.614062 0.629167
4 0.520313 0.514583 0.592187 0.514583 0.592187 0.616667 0.520313 0.616667
7 0.003125 0.514583 0.065625 0.514583 0.065625 0.643750 0.003125 0.643750
7 0.498437 0.554167 0.579688 0.554167 0.579688 0.695833 0.498437 0.695833
7 0.721875 0.579167 0.784375 0.579167 0.784375 0.743750 0.721875 0.743750
1 0.779687 0.562500 0.981250 0.562500 0.981250 0.858333 0.779687 0.858333
4 0.528125 0.647917 0.637500 0.647917 0.637500 0.797917 0.528125 0.797917
4 0.028125 0.650000 0.146875 0.650000 0.146875 0.829167 0.028125 0.829167
4 0.545312 0.772917 0.693750 0.772917 0.693750 1.000000 0.545312 1.000000