4 0.457813 0.341667 0.493750 0.341667 0.493750 0.372917 0.457813 0.372917
2 0.515625 0.325000 0.571875 0.325000 0.571875 0.414583 0.515625 0.414583
4 0.464062 0.364583 0.495312 0.364583 0.495312 0.402083 0.464062 0.402083
8 0.612500 0.337500 0.707812 0.337500 0.707812 0.456250 0.612500 0.456250
4 0.473438 0.391667 0.512500 0.391667 0.512500 0.422917 0.473438 0.422917
4 0.534375 0.393750 0.557813 0.393750 0.557813 0.445833 0.534375 0.445833
4 0.473438 0.420833 0.525000 0.420833 0.525000 0.475000 0.473438 0.475000
2 0.096875 0.383333 0.229687 0.383333 0.229687 0.527083 0.096875 0.527083
2 0.556250 0.377083 0.651562 0.377083 0.651562 0.541667 0.556250 0.541667
4 0.320312 0.435417 0.375000 0.435417 0.375000 0.512500 0.320312 0.512500
4 0.482813 0.456250 0.543750 0.456250 0.543750 0.516667 0.482813 0.516667
4 0.490625 0.489583 0.557812 0.489583 0.557812 0.570833 0.490625 0.570833
4 0.775000 0.516667 0.846875 0.516667 0.846875 0.631250 0.775000 0.631250
8 0.639062 0.429167 0.818750 0.429167 0.818750 0.725000 0.639062 0.725000
4 0.509375 0.566667 0.598438 0.566667 0.598438 0.689583 0.509375 0.689583
4 0.857812 0.643750 0.981250 0.643750 0.981250 0.785417 0.857812 0.785417
4 0.559375 0.739583 0.720313 0.739583 0.720313 0.997917 0.559375 0.997917