4 0.362500 0.360417 0.395313 0.360417 0.395313 0.400000 0.362500 0.400000
10 0.582813 0.347917 0.626563 0.347917 0.626563 0.416667 0.582813 0.416667
4 0.523438 0.358333 0.559375 0.358333 0.559375 0.408333 0.523438 0.408333
4 0.467187 0.372917 0.506250 0.372917 0.506250 0.425000 0.467187 0.425000
10 0.207813 0.362500 0.270313 0.362500 0.270313 0.439583 0.207813 0.439583
4 0.287500 0.377083 0.325000 0.377083 0.325000 0.427083 0.287500 0.427083
4 0.551562 0.383333 0.589063 0.383333 0.589063 0.447917 0.551562 0.447917
10 0.145312 0.372917 0.220312 0.372917 0.220312 0.483333 0.145312 0.483333
4 0.335938 0.414583 0.385938 0.414583 0.385938 0.464583 0.335938 0.464583
4 0.639062 0.412500 0.692188 0.412500 0.692188 0.479167 0.639062 0.479167
4 0.485937 0.429167 0.534375 0.429167 0.534375 0.516667 0.485937 0.516667
10 0.589063 0.425000 0.651563 0.425000 0.651563 0.527083 0.589063 0.527083
10 0.231250 0.443750 0.281250 0.443750 0.281250 0.518750 0.231250 0.518750
4 0.310938 0.464583 0.371875 0.464583 0.371875 0.541667 0.310938 0.541667
10 0.139062 0.452083 0.242188 0.452083 0.242188 0.610417 0.139062 0.610417
4 0.498437 0.495833 0.560937 0.495833 0.560937 0.597917 0.498437 0.597917
10 0.801562 0.500000 0.840625 0.500000 0.840625 0.627083 0.801562 0.627083
11 0.648438 0.462500 0.885938 0.462500 0.885938 0.841667 0.648438 0.841667
4 0.232812 0.639583 0.318750 0.639583 0.318750 0.752083 0.232812 0.752083
2 0.521875 0.539583 0.775000 0.539583 0.775000 1.000000 0.521875 1.000000