4 0.378125 0.270833 0.401562 0.270833 0.401562 0.297917 0.378125 0.297917
4 0.392187 0.281250 0.418750 0.281250 0.418750 0.308333 0.392187 0.308333
7 0.318750 0.262500 0.365625 0.262500 0.365625 0.329167 0.318750 0.329167
4 0.389063 0.293750 0.418750 0.293750 0.418750 0.325000 0.389063 0.325000
4 0.371875 0.316667 0.409375 0.316667 0.409375 0.356250 0.371875 0.356250
7 0.570312 0.312500 0.615625 0.312500 0.615625 0.395833 0.570312 0.395833
1 0.518750 0.327083 0.593750 0.327083 0.593750 0.445833 0.518750 0.445833
4 0.475000 0.406250 0.531250 0.406250 0.531250 0.477083 0.475000 0.477083
4 0.485938 0.466667 0.543750 0.466667 0.543750 0.568750 0.485938 0.568750
4 0.732812 0.483333 0.815625 0.483333 0.815625 0.595833 0.732812 0.595833
7 0.621875 0.460417 0.759375 0.460417 0.759375 0.700000 0.621875 0.700000
4 0.820312 0.554167 0.948438 0.554167 0.948438 0.712500 0.820312 0.712500
4 0.523438 0.597917 0.626562 0.597917 0.626562 0.758333 0.523438 0.758333
4 0.757812 0.725000 0.929688 0.725000 0.929688 0.956250 0.757812 0.956250
4 0.581250 0.812500 0.742188 0.812500 0.742188 1.000000 0.581250 1.000000