9 0.525000 0.325000 0.576562 0.325000 0.576562 0.412500 0.525000 0.412500
9 0.290625 0.343750 0.335938 0.343750 0.335938 0.416667 0.290625 0.416667
4 0.351562 0.375000 0.395312 0.375000 0.395312 0.418750 0.351562 0.418750
4 0.475000 0.387500 0.509375 0.387500 0.509375 0.429167 0.475000 0.429167
1 0.129688 0.335417 0.248437 0.335417 0.248437 0.502083 0.129688 0.502083
4 0.257812 0.408333 0.306250 0.408333 0.306250 0.464583 0.257812 0.464583
8 0.659375 0.354167 0.759375 0.354167 0.759375 0.535417 0.659375 0.535417
4 0.331250 0.420833 0.371875 0.420833 0.371875 0.477083 0.331250 0.477083
4 0.476562 0.427083 0.525000 0.427083 0.525000 0.493750 0.476562 0.493750
11 0.568750 0.368750 0.710938 0.368750 0.710938 0.591667 0.568750 0.591667
7 0.150000 0.485417 0.226562 0.485417 0.226562 0.568750 0.150000 0.568750
4 0.500000 0.495833 0.570312 0.495833 0.570312 0.600000 0.500000 0.600000
6 0.209375 0.602083 0.339063 0.602083 0.339063 0.785417 0.209375 0.785417
4 0.048438 0.656250 0.160938 0.656250 0.160938 0.762500 0.048438 0.762500