4 0.470313 0.360417 0.506250 0.360417 0.506250 0.406250 0.470313 0.406250
4 0.303125 0.366667 0.335938 0.366667 0.335938 0.404167 0.303125 0.404167
4 0.345312 0.381250 0.385937 0.381250 0.385937 0.429167 0.345312 0.429167
4 0.546875 0.383333 0.587500 0.383333 0.587500 0.437500 0.546875 0.437500
4 0.256250 0.418750 0.303125 0.418750 0.303125 0.472917 0.256250 0.472917
4 0.500000 0.418750 0.545313 0.418750 0.545313 0.489583 0.500000 0.489583
10 0.714063 0.450000 0.784375 0.450000 0.784375 0.572917 0.714063 0.572917
9 0.632812 0.454167 0.731250 0.454167 0.731250 0.635417 0.632812 0.635417
4 0.550000 0.593750 0.639062 0.593750 0.639062 0.722917 0.550000 0.722917
4 0.167188 0.687500 0.287500 0.687500 0.287500 0.843750 0.167188 0.843750
4 0.568750 0.795833 0.720313 0.795833 0.720313 1.000000 0.568750 1.000000