0 0.257812 0.325000 0.334375 0.325000 0.334375 0.466667 0.257812 0.466667
0 0.312500 0.397917 0.371875 0.397917 0.371875 0.502083 0.312500 0.502083
4 0.473438 0.416667 0.532813 0.416667 0.532813 0.483333 0.473438 0.483333
1 0.576562 0.429167 0.654687 0.429167 0.654687 0.558333 0.576562 0.558333
1 0.607812 0.437500 0.717187 0.437500 0.717187 0.618750 0.607812 0.618750
4 0.482812 0.479167 0.542187 0.479167 0.542187 0.579167 0.482812 0.579167
1 0.756250 0.427083 0.950000 0.427083 0.950000 0.647917 0.756250 0.647917
4 0.495312 0.529167 0.575000 0.529167 0.575000 0.643750 0.495312 0.643750
4 0.246875 0.529167 0.354687 0.529167 0.354687 0.675000 0.246875 0.675000
4 0.703125 0.550000 0.789062 0.550000 0.789062 0.689583 0.703125 0.689583
4 0.510937 0.579167 0.600000 0.579167 0.600000 0.729167 0.510937 0.729167
1 0.746875 0.539583 0.956250 0.539583 0.956250 0.883333 0.746875 0.883333
4 0.628125 0.683333 0.765625 0.683333 0.765625 0.916667 0.628125 0.916667
1 0.828125 0.647917 1.000000 0.647917 1.000000 1.000000 0.828125 1.000000
1 0.000000 0.735417 0.070312 0.735417 0.070312 1.000000 0.000000 1.000000
4 0.529687 0.822917 0.645313 0.822917 0.645313 0.997917 0.529687 0.997917