4 0.357813 0.291667 0.387500 0.291667 0.387500 0.333333 0.357813 0.333333
4 0.368750 0.312500 0.401562 0.312500 0.401562 0.347917 0.368750 0.347917
4 0.459375 0.352083 0.496875 0.352083 0.496875 0.379167 0.459375 0.379167
4 0.304688 0.320833 0.350000 0.320833 0.350000 0.418750 0.304688 0.418750
4 0.460938 0.370833 0.500000 0.370833 0.500000 0.406250 0.460938 0.406250
4 0.464062 0.383333 0.517188 0.383333 0.517188 0.412500 0.464062 0.412500
1 0.531250 0.337500 0.639063 0.337500 0.639063 0.470833 0.531250 0.470833
4 0.471875 0.397917 0.517188 0.397917 0.517188 0.454167 0.471875 0.454167
7 0.240625 0.383333 0.340625 0.383333 0.340625 0.500000 0.240625 0.500000
4 0.484375 0.425000 0.550000 0.425000 0.550000 0.470833 0.484375 0.470833
4 0.748437 0.435417 0.823437 0.435417 0.823437 0.522917 0.748437 0.522917
4 0.484375 0.456250 0.553125 0.456250 0.553125 0.522917 0.484375 0.522917
1 0.584375 0.410417 0.732812 0.410417 0.732812 0.595833 0.584375 0.595833
1 0.000000 0.441667 0.135937 0.441667 0.135937 0.662500 0.000000 0.662500
4 0.493750 0.510417 0.595313 0.510417 0.595313 0.616667 0.493750 0.616667
4 0.257812 0.527083 0.378125 0.527083 0.378125 0.662500 0.257812 0.662500
4 0.503125 0.614583 0.639062 0.614583 0.639062 0.739583 0.503125 0.739583
1 0.671875 0.470833 0.998438 0.470833 0.998438 0.995833 0.671875 0.995833
7 0.000000 0.597917 0.168750 0.597917 0.168750 0.943750 0.000000 0.943750
4 0.521875 0.725000 0.676563 0.725000 0.676563 0.937500 0.521875 0.937500
4 0.584375 0.875000 0.745312 0.875000 0.745312 1.000000 0.584375 1.000000