9 0.525000 0.333333 0.567188 0.333333 0.567188 0.412500 0.525000 0.412500
4 0.465625 0.368750 0.500000 0.368750 0.500000 0.412500 0.465625 0.412500
4 0.489062 0.387500 0.523438 0.387500 0.523438 0.420833 0.489062 0.420833
11 0.585938 0.368750 0.660937 0.368750 0.660937 0.447917 0.585938 0.447917
4 0.685937 0.408333 0.737500 0.408333 0.737500 0.464583 0.685937 0.464583
3 0.471875 0.395833 0.526563 0.395833 0.526563 0.500000 0.471875 0.500000
4 0.737500 0.443750 0.800000 0.443750 0.800000 0.512500 0.737500 0.512500
9 0.581250 0.437500 0.668750 0.437500 0.668750 0.572917 0.581250 0.572917
7 0.151562 0.450000 0.254688 0.450000 0.254688 0.606250 0.151562 0.606250
4 0.495312 0.477083 0.567187 0.477083 0.567187 0.583333 0.495312 0.583333
9 0.701562 0.479167 0.801563 0.479167 0.801563 0.606250 0.701562 0.606250
4 0.023438 0.529167 0.114063 0.529167 0.114063 0.616667 0.023438 0.616667
4 0.668750 0.585417 0.768750 0.585417 0.768750 0.718750 0.668750 0.718750
10 0.828125 0.572917 0.951563 0.572917 0.951563 0.739583 0.828125 0.739583
4 0.529688 0.625000 0.632812 0.625000 0.632812 0.789583 0.529688 0.789583