1 0.367188 0.266667 0.392188 0.266667 0.392188 0.306250 0.367188 0.306250
6 0.398438 0.279167 0.420312 0.279167 0.420312 0.308333 0.398438 0.308333
7 0.335938 0.279167 0.360938 0.279167 0.360938 0.314583 0.335938 0.314583
4 0.392187 0.293750 0.410938 0.293750 0.410938 0.316667 0.392187 0.316667
4 0.381250 0.304167 0.406250 0.304167 0.406250 0.335417 0.381250 0.335417
1 0.265625 0.293750 0.318750 0.293750 0.318750 0.375000 0.265625 0.375000
7 0.367188 0.327083 0.398438 0.327083 0.398438 0.368750 0.367188 0.368750
4 0.464062 0.352083 0.498438 0.352083 0.498438 0.408333 0.464062 0.408333
7 0.279687 0.341667 0.328125 0.341667 0.328125 0.420833 0.279687 0.420833
7 0.529687 0.343750 0.576562 0.343750 0.576562 0.431250 0.529687 0.431250
7 0.142188 0.368750 0.229687 0.368750 0.229687 0.477083 0.142188 0.477083
1 0.632812 0.331250 0.745313 0.331250 0.745313 0.514583 0.632812 0.514583
4 0.554688 0.397917 0.587500 0.397917 0.587500 0.450000 0.554688 0.450000
4 0.468750 0.393750 0.504687 0.393750 0.504687 0.460417 0.468750 0.460417
4 0.340625 0.408333 0.384375 0.408333 0.384375 0.466667 0.340625 0.466667
4 0.573438 0.414583 0.617188 0.414583 0.617188 0.481250 0.573438 0.481250
4 0.482812 0.431250 0.521875 0.431250 0.521875 0.493750 0.482812 0.493750
4 0.487500 0.454167 0.546875 0.454167 0.546875 0.535417 0.487500 0.535417
7 0.696875 0.422917 0.800000 0.422917 0.800000 0.581250 0.696875 0.581250
7 0.589063 0.441667 0.656250 0.441667 0.656250 0.577083 0.589063 0.577083
4 0.498438 0.491667 0.562500 0.491667 0.562500 0.577083 0.498438 0.577083
4 0.292187 0.491667 0.360937 0.491667 0.360937 0.579167 0.292187 0.579167
7 0.614062 0.447917 0.721875 0.447917 0.721875 0.650000 0.614062 0.650000
4 0.873438 0.531250 0.937500 0.531250 0.937500 0.612500 0.873438 0.612500
4 0.523438 0.525000 0.593750 0.525000 0.593750 0.629167 0.523438 0.629167
7 0.495312 0.543750 0.576562 0.543750 0.576562 0.702083 0.495312 0.702083
7 0.715625 0.570833 0.814063 0.570833 0.814063 0.731250 0.715625 0.731250
1 0.748437 0.539583 0.978125 0.539583 0.978125 0.929167 0.748437 0.929167
4 0.523438 0.654167 0.623438 0.654167 0.623438 0.829167 0.523438 0.829167
4 0.545312 0.758333 0.681250 0.758333 0.681250 0.964583 0.545312 0.964583
4 0.137500 0.779167 0.276562 0.779167 0.276562 0.966667 0.137500 0.966667
4 0.567187 0.902083 0.718750 0.902083 0.718750 1.000000 0.567187 1.000000