7 0.281250 0.310417 0.318750 0.310417 0.318750 0.372917 0.281250 0.372917
4 0.376563 0.325000 0.406250 0.325000 0.406250 0.360417 0.376563 0.360417
1 0.318750 0.306250 0.368750 0.306250 0.368750 0.381250 0.318750 0.381250
4 0.354687 0.347917 0.387500 0.347917 0.387500 0.389583 0.354687 0.389583
1 0.598437 0.316667 0.676562 0.316667 0.676562 0.439583 0.598437 0.439583
7 0.529687 0.343750 0.576562 0.343750 0.576562 0.431250 0.529687 0.431250
6 0.323437 0.372917 0.370312 0.372917 0.370312 0.435417 0.323437 0.435417
4 0.554688 0.397917 0.587500 0.397917 0.587500 0.450000 0.554688 0.450000
7 0.645312 0.383333 0.721875 0.383333 0.721875 0.508333 0.645312 0.508333
4 0.573438 0.414583 0.617188 0.414583 0.617188 0.481250 0.573438 0.481250
4 0.482812 0.431250 0.521875 0.431250 0.521875 0.493750 0.482812 0.493750
4 0.315625 0.445833 0.375000 0.445833 0.375000 0.529167 0.315625 0.529167
4 0.487500 0.454167 0.546875 0.454167 0.546875 0.535417 0.487500 0.535417
7 0.589063 0.441667 0.656250 0.441667 0.656250 0.577083 0.589063 0.577083
4 0.498438 0.491667 0.562500 0.491667 0.562500 0.577083 0.498438 0.577083
7 0.750000 0.450000 0.873438 0.450000 0.873438 0.620833 0.750000 0.620833
7 0.614062 0.447917 0.721875 0.447917 0.721875 0.650000 0.614062 0.650000
4 0.523438 0.525000 0.593750 0.525000 0.593750 0.629167 0.523438 0.629167
7 0.495312 0.543750 0.576562 0.543750 0.576562 0.702083 0.495312 0.702083
7 0.715625 0.570833 0.814063 0.570833 0.814063 0.731250 0.715625 0.731250
1 0.748437 0.539583 0.978125 0.539583 0.978125 0.929167 0.748437 0.929167
4 0.523438 0.654167 0.623438 0.654167 0.623438 0.829167 0.523438 0.829167
4 0.545312 0.758333 0.681250 0.758333 0.681250 0.964583 0.545312 0.964583
4 0.567187 0.902083 0.718750 0.902083 0.718750 1.000000 0.567187 1.000000