4 0.381250 0.306250 0.409375 0.306250 0.409375 0.352083 0.381250 0.352083
4 0.351562 0.358333 0.401563 0.358333 0.401563 0.408333 0.351562 0.408333
5 0.268750 0.343750 0.342188 0.343750 0.342188 0.445833 0.268750 0.445833
4 0.339062 0.395833 0.393750 0.395833 0.393750 0.462500 0.339062 0.462500
1 0.635938 0.368750 0.765625 0.368750 0.765625 0.537500 0.635938 0.537500
4 0.570312 0.422917 0.634375 0.422917 0.634375 0.506250 0.570312 0.506250
1 0.748438 0.439583 0.804688 0.439583 0.804688 0.525000 0.748438 0.525000
4 0.240625 0.441667 0.348438 0.441667 0.348438 0.543750 0.240625 0.543750
4 0.482812 0.464583 0.548438 0.464583 0.548438 0.554167 0.482812 0.554167
4 0.617188 0.500000 0.685938 0.500000 0.685938 0.606250 0.617188 0.606250
4 0.500000 0.512500 0.584375 0.512500 0.584375 0.602083 0.500000 0.602083
4 0.768750 0.550000 0.867188 0.550000 0.867188 0.675000 0.768750 0.675000
5 0.654687 0.535417 0.787500 0.535417 0.787500 0.754167 0.654687 0.754167
1 0.865625 0.464583 1.000000 0.464583 1.000000 0.825000 0.865625 0.825000
4 0.221875 0.575000 0.359375 0.575000 0.359375 0.737500 0.221875 0.737500
4 0.560937 0.593750 0.654687 0.593750 0.654687 0.733333 0.560937 0.733333
7 0.503125 0.647917 0.623437 0.647917 0.623437 0.879167 0.503125 0.879167
5 0.773438 0.631250 1.000000 0.631250 1.000000 1.000000 0.773438 1.000000