4 0.390625 0.291667 0.414062 0.291667 0.414062 0.320833 0.390625 0.320833
7 0.303125 0.302083 0.339062 0.302083 0.339062 0.356250 0.303125 0.356250
4 0.378125 0.316667 0.407812 0.316667 0.407812 0.347917 0.378125 0.347917
4 0.342187 0.312500 0.375000 0.312500 0.375000 0.358333 0.342187 0.358333
4 0.343750 0.345833 0.378125 0.345833 0.378125 0.391667 0.343750 0.391667
1 0.598437 0.322917 0.676562 0.322917 0.676562 0.425000 0.598437 0.425000
1 0.528125 0.327083 0.600000 0.327083 0.600000 0.439583 0.528125 0.439583
4 0.256250 0.383333 0.309375 0.383333 0.309375 0.477083 0.256250 0.477083
4 0.698437 0.410417 0.759375 0.410417 0.759375 0.470833 0.698437 0.470833
1 0.562500 0.385417 0.681250 0.385417 0.681250 0.545833 0.562500 0.545833
4 0.473438 0.437500 0.548438 0.437500 0.548438 0.525000 0.473438 0.525000
4 0.489062 0.493750 0.567187 0.493750 0.567187 0.604167 0.489062 0.604167
7 0.112500 0.489583 0.243750 0.489583 0.243750 0.685417 0.112500 0.685417
1 0.825000 0.508333 0.992188 0.508333 0.992188 0.731250 0.825000 0.731250
1 0.626563 0.447917 0.876563 0.447917 0.876563 0.825000 0.626563 0.825000
4 0.514062 0.583333 0.623437 0.583333 0.623437 0.731250 0.514062 0.731250
4 0.534375 0.708333 0.654687 0.708333 0.654687 0.891667 0.534375 0.891667
4 0.571875 0.822917 0.743750 0.822917 0.743750 1.000000 0.571875 1.000000