4 0.371875 0.320833 0.400000 0.320833 0.400000 0.356250 0.371875 0.356250
7 0.257812 0.327083 0.303125 0.327083 0.303125 0.389583 0.257812 0.389583
9 0.517187 0.337500 0.554688 0.337500 0.554688 0.397917 0.517187 0.397917
4 0.465625 0.356250 0.498438 0.356250 0.498438 0.397917 0.465625 0.397917
4 0.531250 0.381250 0.557813 0.381250 0.557813 0.433333 0.531250 0.433333
4 0.470312 0.393750 0.510937 0.393750 0.510937 0.454167 0.470312 0.454167
10 0.626563 0.387500 0.668750 0.387500 0.668750 0.462500 0.626563 0.462500
11 0.554688 0.364583 0.646875 0.364583 0.646875 0.520833 0.554688 0.520833
9 0.660937 0.422917 0.739062 0.422917 0.739062 0.518750 0.660937 0.518750
4 0.485938 0.460417 0.540625 0.460417 0.540625 0.527083 0.485938 0.527083
4 0.751563 0.529167 0.832813 0.529167 0.832813 0.631250 0.751563 0.631250
4 0.640625 0.554167 0.726562 0.554167 0.726562 0.664583 0.640625 0.664583
4 0.556250 0.641667 0.651562 0.641667 0.651562 0.787500 0.556250 0.787500
10 0.890625 0.587500 1.000000 0.587500 1.000000 0.841667 0.890625 0.841667