7 0.293750 0.322917 0.339062 0.322917 0.339062 0.391667 0.293750 0.391667
8 0.559375 0.316667 0.621875 0.316667 0.621875 0.404167 0.559375 0.404167
9 0.520312 0.320833 0.567187 0.320833 0.567187 0.412500 0.520312 0.412500
4 0.237500 0.364583 0.276562 0.364583 0.276562 0.414583 0.237500 0.414583
4 0.468750 0.368750 0.504687 0.368750 0.504687 0.414583 0.468750 0.414583
9 0.543750 0.356250 0.595313 0.356250 0.595313 0.456250 0.543750 0.456250
4 0.481250 0.410417 0.525000 0.410417 0.525000 0.470833 0.481250 0.470833
11 0.612500 0.404167 0.726562 0.404167 0.726562 0.500000 0.612500 0.500000
4 0.315625 0.435417 0.367188 0.435417 0.367188 0.500000 0.315625 0.500000
4 0.509375 0.439583 0.564063 0.439583 0.564063 0.504167 0.509375 0.504167
3 0.493750 0.485417 0.576562 0.485417 0.576562 0.627083 0.493750 0.627083
6 0.087500 0.514583 0.209375 0.514583 0.209375 0.685417 0.087500 0.685417
4 0.914062 0.570833 1.000000 0.570833 1.000000 0.697917 0.914062 0.697917
9 0.809375 0.577083 0.967187 0.577083 0.967187 0.787500 0.809375 0.787500
9 0.685937 0.577083 0.854687 0.577083 0.854687 0.841667 0.685937 0.841667
4 0.545313 0.652083 0.671875 0.652083 0.671875 0.835417 0.545313 0.835417