4 0.457813 0.341667 0.493750 0.341667 0.493750 0.372917 0.457813 0.372917
2 0.515625 0.325000 0.571875 0.325000 0.571875 0.414583 0.515625 0.414583
4 0.464062 0.364583 0.495312 0.364583 0.495312 0.402083 0.464062 0.402083
8 0.612500 0.337500 0.707812 0.337500 0.707812 0.456250 0.612500 0.456250
4 0.473438 0.391667 0.512500 0.391667 0.512500 0.422917 0.473438 0.422917
4 0.534375 0.393750 0.557813 0.393750 0.557813 0.445833 0.534375 0.445833
2 0.143750 0.364583 0.240625 0.364583 0.240625 0.483333 0.143750 0.483333
4 0.337500 0.412500 0.382812 0.412500 0.382812 0.468750 0.337500 0.468750
4 0.473438 0.420833 0.525000 0.420833 0.525000 0.475000 0.473438 0.475000
2 0.556250 0.377083 0.651562 0.377083 0.651562 0.541667 0.556250 0.541667
4 0.485937 0.464583 0.546875 0.464583 0.546875 0.525000 0.485937 0.525000
4 0.503125 0.512500 0.570312 0.512500 0.570312 0.593750 0.503125 0.593750
4 0.787500 0.527083 0.859375 0.527083 0.859375 0.641667 0.787500 0.641667
8 0.656250 0.447917 0.835938 0.447917 0.835938 0.743750 0.656250 0.743750
4 0.512500 0.579167 0.601562 0.579167 0.601562 0.702083 0.512500 0.702083
4 0.876562 0.660417 1.000000 0.660417 1.000000 0.802083 0.876562 0.802083