1 0.512500 0.300000 0.576562 0.300000 0.576562 0.418750 0.512500 0.418750
4 0.457813 0.341667 0.498438 0.341667 0.498438 0.393750 0.457813 0.393750
4 0.357812 0.343750 0.400000 0.343750 0.400000 0.402083 0.357812 0.402083
7 0.235937 0.347917 0.278125 0.347917 0.278125 0.418750 0.235937 0.418750
4 0.465625 0.385417 0.509375 0.385417 0.509375 0.422917 0.465625 0.422917
1 0.548438 0.358333 0.620312 0.358333 0.620312 0.472917 0.548438 0.472917
4 0.267188 0.404167 0.314063 0.404167 0.314063 0.462500 0.267188 0.462500
4 0.476562 0.431250 0.526563 0.431250 0.526563 0.466667 0.476562 0.466667
1 0.673438 0.391667 0.779687 0.391667 0.779687 0.529167 0.673438 0.529167
4 0.301563 0.458333 0.368750 0.458333 0.368750 0.527083 0.301563 0.527083
1 0.579687 0.377083 0.718750 0.377083 0.718750 0.614583 0.579687 0.614583
4 0.485937 0.458333 0.542187 0.458333 0.542187 0.554167 0.485937 0.554167
4 0.493750 0.543750 0.587500 0.543750 0.587500 0.650000 0.493750 0.650000
7 0.787500 0.533333 0.945312 0.533333 0.945312 0.716667 0.787500 0.716667
4 0.517188 0.620833 0.614063 0.620833 0.614063 0.772917 0.517188 0.772917
4 0.179688 0.622917 0.317188 0.622917 0.317188 0.802083 0.179688 0.802083
4 0.556250 0.725000 0.690625 0.725000 0.690625 0.922917 0.556250 0.922917
4 0.832813 0.816667 0.998437 0.816667 0.998437 1.000000 0.832813 1.000000
4 0.610938 0.912500 0.751563 0.912500 0.751563 1.000000 0.610938 1.000000