1 0.331250 0.297917 0.375000 0.297917 0.375000 0.360417 0.331250 0.360417
7 0.292187 0.304167 0.326563 0.304167 0.326563 0.362500 0.292187 0.362500
6 0.357813 0.337500 0.385937 0.337500 0.385937 0.383333 0.357813 0.383333
1 0.598437 0.316667 0.676562 0.316667 0.676562 0.439583 0.598437 0.439583
7 0.529687 0.343750 0.576562 0.343750 0.576562 0.431250 0.529687 0.431250
4 0.340625 0.379167 0.384375 0.379167 0.384375 0.447917 0.340625 0.447917
4 0.554688 0.397917 0.587500 0.397917 0.587500 0.450000 0.554688 0.450000
4 0.573438 0.414583 0.617188 0.414583 0.617188 0.481250 0.573438 0.481250
4 0.482812 0.431250 0.521875 0.431250 0.521875 0.493750 0.482812 0.493750
7 0.654687 0.395833 0.737500 0.395833 0.737500 0.529167 0.654687 0.529167
4 0.487500 0.454167 0.546875 0.454167 0.546875 0.535417 0.487500 0.535417
1 0.003125 0.400000 0.168750 0.400000 0.168750 0.616667 0.003125 0.616667
7 0.589063 0.441667 0.656250 0.441667 0.656250 0.577083 0.589063 0.577083
4 0.498438 0.491667 0.562500 0.491667 0.562500 0.577083 0.498438 0.577083
7 0.762500 0.460417 0.885938 0.460417 0.885938 0.631250 0.762500 0.631250
7 0.614062 0.447917 0.721875 0.447917 0.721875 0.650000 0.614062 0.650000
4 0.523438 0.525000 0.593750 0.525000 0.593750 0.629167 0.523438 0.629167
7 0.495312 0.543750 0.576562 0.543750 0.576562 0.702083 0.495312 0.702083
7 0.715625 0.570833 0.814063 0.570833 0.814063 0.731250 0.715625 0.731250
4 0.214063 0.602083 0.318750 0.602083 0.318750 0.737500 0.214063 0.737500
1 0.748437 0.539583 0.978125 0.539583 0.978125 0.929167 0.748437 0.929167
4 0.523438 0.654167 0.623438 0.654167 0.623438 0.829167 0.523438 0.829167
4 0.545312 0.758333 0.681250 0.758333 0.681250 0.964583 0.545312 0.964583
4 0.567187 0.902083 0.718750 0.902083 0.718750 1.000000 0.567187 1.000000