7 0.310937 0.331250 0.350000 0.331250 0.350000 0.381250 0.310937 0.381250
1 0.518750 0.306250 0.582812 0.306250 0.582812 0.433333 0.518750 0.433333
4 0.364062 0.350000 0.398438 0.350000 0.398438 0.391667 0.364062 0.391667
4 0.464063 0.368750 0.500000 0.368750 0.500000 0.410417 0.464063 0.410417
4 0.585938 0.370833 0.621875 0.370833 0.621875 0.416667 0.585938 0.416667
0 0.621875 0.341667 0.693750 0.341667 0.693750 0.450000 0.621875 0.450000
7 0.179688 0.375000 0.237500 0.375000 0.237500 0.452083 0.179688 0.452083
4 0.475000 0.406250 0.518750 0.406250 0.518750 0.466667 0.475000 0.466667
5 0.671875 0.410417 0.790625 0.410417 0.790625 0.539583 0.671875 0.539583
4 0.593750 0.450000 0.648438 0.450000 0.648438 0.518750 0.593750 0.518750
4 0.489063 0.468750 0.550000 0.468750 0.550000 0.543750 0.489063 0.543750
9 0.754687 0.485417 0.918750 0.485417 0.918750 0.731250 0.754687 0.731250
4 0.514062 0.610417 0.615625 0.610417 0.615625 0.756250 0.514062 0.756250