0 0.445312 0.297917 0.489062 0.297917 0.489062 0.362500 0.445312 0.362500
0 0.500000 0.295833 0.551562 0.295833 0.551562 0.377083 0.500000 0.377083
4 0.456250 0.343750 0.482813 0.343750 0.482813 0.375000 0.456250 0.375000
7 0.589063 0.333333 0.651563 0.333333 0.651563 0.433333 0.589063 0.433333
0 0.531250 0.335417 0.598437 0.335417 0.598437 0.443750 0.531250 0.443750
4 0.464062 0.372917 0.496875 0.372917 0.496875 0.416667 0.464062 0.416667
4 0.532813 0.391667 0.573437 0.391667 0.573437 0.435417 0.532813 0.435417
4 0.623437 0.393750 0.668750 0.393750 0.668750 0.454167 0.623437 0.454167
4 0.473437 0.391667 0.515625 0.391667 0.515625 0.468750 0.473437 0.468750
4 0.248437 0.425000 0.295312 0.425000 0.295312 0.489583 0.248437 0.489583
4 0.485938 0.439583 0.532813 0.439583 0.532813 0.477083 0.485938 0.477083
8 0.673437 0.372917 0.812500 0.372917 0.812500 0.570833 0.673437 0.570833
4 0.573437 0.452083 0.642188 0.452083 0.642188 0.535417 0.573437 0.535417
4 0.489062 0.475000 0.546875 0.475000 0.546875 0.558333 0.489062 0.558333
4 0.831250 0.508333 0.918750 0.508333 0.918750 0.608333 0.831250 0.608333
4 0.262500 0.522917 0.345312 0.522917 0.345312 0.614583 0.262500 0.614583
4 0.642188 0.556250 0.731250 0.556250 0.731250 0.677083 0.642188 0.677083
7 0.046875 0.541667 0.182812 0.541667 0.182812 0.691667 0.046875 0.691667
4 0.506250 0.564583 0.600000 0.564583 0.600000 0.683333 0.506250 0.683333