0 0.335938 0.262500 0.371875 0.262500 0.371875 0.312500 0.335938 0.312500
0 0.445312 0.297917 0.489062 0.297917 0.489062 0.362500 0.445312 0.362500
4 0.378125 0.314583 0.407812 0.314583 0.407812 0.352083 0.378125 0.352083
0 0.490625 0.295833 0.542187 0.295833 0.542187 0.377083 0.490625 0.377083
4 0.456250 0.343750 0.482813 0.343750 0.482813 0.375000 0.456250 0.375000
0 0.515625 0.320833 0.578125 0.320833 0.578125 0.410417 0.515625 0.410417
1 0.568750 0.316667 0.631250 0.316667 0.631250 0.416667 0.568750 0.416667
4 0.462500 0.350000 0.496875 0.350000 0.496875 0.387500 0.462500 0.387500
4 0.356250 0.347917 0.392187 0.347917 0.392187 0.397917 0.356250 0.397917
4 0.298438 0.358333 0.345313 0.358333 0.345313 0.410417 0.298438 0.410417
4 0.464062 0.372917 0.496875 0.372917 0.496875 0.416667 0.464062 0.416667
4 0.471875 0.391667 0.504687 0.391667 0.504687 0.422917 0.471875 0.422917
4 0.606250 0.383333 0.637500 0.383333 0.637500 0.431250 0.606250 0.431250
4 0.173437 0.358333 0.262500 0.358333 0.262500 0.462500 0.173437 0.462500
4 0.532813 0.391667 0.573437 0.391667 0.573437 0.435417 0.532813 0.435417
1 0.631250 0.347917 0.759375 0.347917 0.759375 0.491667 0.631250 0.491667
4 0.471875 0.406250 0.523438 0.406250 0.523438 0.462500 0.471875 0.462500
4 0.568750 0.458333 0.631250 0.458333 0.631250 0.535417 0.568750 0.535417
4 0.487500 0.483333 0.554688 0.483333 0.554688 0.568750 0.487500 0.568750
0 0.643750 0.464583 0.920312 0.464583 0.920312 0.862500 0.643750 0.862500
4 0.525000 0.633333 0.639062 0.633333 0.639062 0.795833 0.525000 0.795833
4 0.917188 0.695833 1.000000 0.695833 1.000000 0.875000 0.917188 0.875000