9 0.243750 0.304167 0.300000 0.304167 0.300000 0.393750 0.243750 0.393750
4 0.371875 0.343750 0.401562 0.343750 0.401562 0.377083 0.371875 0.377083
4 0.310937 0.352083 0.343750 0.352083 0.343750 0.395833 0.310937 0.395833
9 0.265625 0.358333 0.321875 0.358333 0.321875 0.452083 0.265625 0.452083
8 0.625000 0.335417 0.703125 0.335417 0.703125 0.483333 0.625000 0.483333
4 0.475000 0.389583 0.509375 0.389583 0.509375 0.437500 0.475000 0.437500
11 0.546875 0.347917 0.653125 0.347917 0.653125 0.512500 0.546875 0.512500
4 0.334375 0.418750 0.384375 0.418750 0.384375 0.477083 0.334375 0.477083
1 0.043750 0.354167 0.212500 0.354167 0.212500 0.570833 0.043750 0.570833
4 0.484375 0.429167 0.534375 0.429167 0.534375 0.502083 0.484375 0.502083
4 0.214062 0.462500 0.276562 0.462500 0.276562 0.533333 0.214062 0.533333
4 0.300000 0.485417 0.356250 0.485417 0.356250 0.558333 0.300000 0.558333
7 0.032812 0.597917 0.150000 0.597917 0.150000 0.733333 0.032812 0.733333
4 0.523438 0.629167 0.625000 0.629167 0.625000 0.777083 0.523438 0.777083
8 0.718750 0.504167 1.000000 0.504167 1.000000 0.979167 0.718750 0.979167