0 0.446875 0.295833 0.487500 0.295833 0.487500 0.358333 0.446875 0.358333
0 0.498438 0.304167 0.539062 0.304167 0.539062 0.372917 0.498438 0.372917
4 0.457813 0.341667 0.493750 0.341667 0.493750 0.372917 0.457813 0.372917
0 0.515625 0.325000 0.571875 0.325000 0.571875 0.414583 0.515625 0.414583
4 0.356250 0.352083 0.390625 0.352083 0.390625 0.397917 0.356250 0.397917
4 0.303125 0.360417 0.335938 0.360417 0.335938 0.400000 0.303125 0.400000
4 0.464062 0.364583 0.495312 0.364583 0.495312 0.402083 0.464062 0.402083
8 0.612500 0.337500 0.707812 0.337500 0.707812 0.456250 0.612500 0.456250
4 0.473438 0.391667 0.512500 0.391667 0.512500 0.422917 0.473438 0.422917
4 0.534375 0.393750 0.557813 0.393750 0.557813 0.445833 0.534375 0.445833
0 0.546875 0.358333 0.642187 0.358333 0.642187 0.522917 0.546875 0.522917
4 0.473438 0.420833 0.525000 0.420833 0.525000 0.475000 0.473438 0.475000
4 0.482813 0.456250 0.543750 0.456250 0.543750 0.516667 0.482813 0.516667
4 0.490625 0.489583 0.557812 0.489583 0.557812 0.570833 0.490625 0.570833
8 0.628125 0.420833 0.778125 0.420833 0.778125 0.668750 0.628125 0.668750
4 0.753125 0.495833 0.812500 0.495833 0.812500 0.595833 0.753125 0.595833
4 0.501563 0.531250 0.581250 0.531250 0.581250 0.631250 0.501563 0.631250
0 0.000000 0.495833 0.071875 0.495833 0.071875 0.745833 0.000000 0.745833
4 0.256250 0.585417 0.340625 0.585417 0.340625 0.689583 0.256250 0.689583
4 0.812500 0.585417 0.912500 0.585417 0.912500 0.710417 0.812500 0.710417
4 0.535937 0.641667 0.660937 0.641667 0.660937 0.847917 0.535937 0.847917
4 0.865625 0.822917 1.000000 0.822917 1.000000 0.997917 0.865625 0.997917