5 0.251563 0.306250 0.304688 0.306250 0.304688 0.356250 0.251563 0.356250
1 0.182812 0.343750 0.251563 0.343750 0.251563 0.422917 0.182812 0.422917
5 0.243750 0.329167 0.325000 0.329167 0.325000 0.447917 0.243750 0.447917
4 0.470312 0.375000 0.504687 0.375000 0.504687 0.420833 0.470312 0.420833
4 0.550000 0.393750 0.589063 0.393750 0.589063 0.443750 0.550000 0.443750
4 0.575000 0.427083 0.628125 0.427083 0.628125 0.495833 0.575000 0.495833
5 0.135937 0.383333 0.273438 0.383333 0.273438 0.583333 0.135937 0.583333
4 0.495312 0.472917 0.553125 0.472917 0.553125 0.558333 0.495312 0.558333
7 0.045312 0.462500 0.142187 0.462500 0.142187 0.577083 0.045312 0.577083
4 0.290625 0.512500 0.359375 0.512500 0.359375 0.612500 0.290625 0.612500
9 0.729687 0.487500 0.842187 0.487500 0.842187 0.643750 0.729687 0.643750
4 0.625000 0.554167 0.704687 0.554167 0.704687 0.652083 0.625000 0.652083
4 0.529687 0.581250 0.620312 0.581250 0.620312 0.729167 0.529687 0.729167
9 0.710938 0.631250 0.890625 0.631250 0.890625 0.868750 0.710938 0.868750