5 0.379687 0.316667 0.406250 0.316667 0.406250 0.347917 0.379687 0.347917
7 0.596875 0.364583 0.635938 0.364583 0.635938 0.429167 0.596875 0.429167
1 0.534375 0.343750 0.606250 0.343750 0.606250 0.460417 0.534375 0.460417
4 0.345312 0.383333 0.385937 0.383333 0.385937 0.422917 0.345312 0.422917
7 0.185938 0.383333 0.245313 0.383333 0.245313 0.456250 0.185938 0.456250
7 0.629688 0.400000 0.685937 0.400000 0.685937 0.472917 0.629688 0.472917
4 0.478125 0.414583 0.518750 0.414583 0.518750 0.472917 0.478125 0.472917
4 0.685937 0.466667 0.753125 0.466667 0.753125 0.547917 0.685937 0.547917
4 0.589063 0.475000 0.651563 0.475000 0.651563 0.552083 0.589063 0.552083
4 0.517188 0.529167 0.592187 0.529167 0.592187 0.618750 0.517188 0.618750
7 0.771875 0.497917 0.896875 0.497917 0.896875 0.683333 0.771875 0.683333
4 0.540625 0.683333 0.654687 0.683333 0.654687 0.833333 0.540625 0.833333
4 0.743750 0.706250 0.895313 0.706250 0.895313 0.904167 0.743750 0.904167