4 0.371875 0.331250 0.401562 0.331250 0.401562 0.372917 0.371875 0.372917
4 0.507812 0.339583 0.537500 0.339583 0.537500 0.383333 0.507812 0.383333
8 0.284375 0.316667 0.345312 0.316667 0.345312 0.408333 0.284375 0.408333
4 0.454687 0.343750 0.489063 0.343750 0.489063 0.397917 0.454687 0.397917
9 0.267188 0.341667 0.321875 0.341667 0.321875 0.431250 0.267188 0.431250
4 0.342188 0.391667 0.385937 0.391667 0.385937 0.447917 0.342188 0.447917
4 0.553125 0.389583 0.598438 0.389583 0.598438 0.452083 0.553125 0.452083
10 0.596875 0.404167 0.692187 0.404167 0.692187 0.575000 0.596875 0.575000
4 0.300000 0.454167 0.360937 0.454167 0.360937 0.535417 0.300000 0.535417
9 0.000000 0.485417 0.096875 0.485417 0.096875 0.658333 0.000000 0.658333
4 0.520312 0.566667 0.598437 0.566667 0.598437 0.685417 0.520312 0.685417
11 0.000000 0.477083 0.226562 0.477083 0.226562 0.879167 0.000000 0.879167