1 0.323437 0.275000 0.373438 0.275000 0.373438 0.356250 0.323437 0.356250
4 0.382812 0.310417 0.409375 0.310417 0.409375 0.345833 0.382812 0.345833
4 0.501563 0.354167 0.540625 0.354167 0.540625 0.420833 0.501563 0.420833
1 0.626563 0.337500 0.717187 0.337500 0.717187 0.462500 0.626563 0.462500
7 0.557812 0.362500 0.607812 0.362500 0.607812 0.443750 0.557812 0.443750
7 0.251562 0.352083 0.317188 0.352083 0.317188 0.460417 0.251562 0.460417
4 0.462500 0.387500 0.507812 0.387500 0.507812 0.439583 0.462500 0.439583
4 0.478125 0.410417 0.517188 0.410417 0.517188 0.479167 0.478125 0.479167
1 0.321875 0.391667 0.389062 0.391667 0.389062 0.510417 0.321875 0.510417
4 0.728125 0.433333 0.787500 0.433333 0.787500 0.487500 0.728125 0.487500
7 0.584375 0.420833 0.637500 0.420833 0.637500 0.518750 0.584375 0.518750
1 0.606250 0.397917 0.712500 0.397917 0.712500 0.577083 0.606250 0.577083
4 0.482813 0.447917 0.535938 0.447917 0.535938 0.533333 0.482813 0.533333
4 0.492188 0.502083 0.575000 0.502083 0.575000 0.583333 0.492188 0.583333
4 0.503125 0.556250 0.609375 0.556250 0.609375 0.708333 0.503125 0.708333
4 0.914062 0.618750 1.000000 0.618750 1.000000 0.772917 0.914062 0.772917
1 0.681250 0.535417 0.925000 0.535417 0.925000 0.900000 0.681250 0.900000
4 0.545312 0.697917 0.675000 0.697917 0.675000 0.975000 0.545312 0.975000
4 0.121875 0.816667 0.273438 0.816667 0.273438 0.993750 0.121875 0.993750