1 0.306250 0.295833 0.356250 0.295833 0.356250 0.383333 0.306250 0.383333
9 0.221875 0.312500 0.289062 0.312500 0.289062 0.404167 0.221875 0.404167
2 0.581250 0.318750 0.650000 0.318750 0.650000 0.429167 0.581250 0.429167
9 0.534375 0.356250 0.582812 0.356250 0.582812 0.450000 0.534375 0.450000
4 0.479687 0.395833 0.521875 0.395833 0.521875 0.454167 0.479687 0.454167
10 0.662500 0.414583 0.729687 0.414583 0.729687 0.520833 0.662500 0.520833
4 0.576563 0.435417 0.632812 0.435417 0.632812 0.508333 0.576563 0.508333
7 0.118750 0.437500 0.201563 0.437500 0.201563 0.537500 0.118750 0.537500
4 0.490625 0.493750 0.562500 0.493750 0.562500 0.589583 0.490625 0.589583
7 0.179688 0.493750 0.256250 0.493750 0.256250 0.595833 0.179688 0.595833
4 0.731250 0.508333 0.815625 0.508333 0.815625 0.627083 0.731250 0.627083
4 0.617188 0.535417 0.703125 0.535417 0.703125 0.647917 0.617188 0.647917
4 0.068750 0.670833 0.195312 0.670833 0.195312 0.814583 0.068750 0.814583
4 0.585938 0.733333 0.735937 0.733333 0.735937 0.958333 0.585938 0.958333
4 0.128125 0.808333 0.281250 0.808333 0.281250 1.000000 0.128125 1.000000