0 0.379688 0.258333 0.404688 0.258333 0.404688 0.291667 0.379688 0.291667
4 0.403125 0.275000 0.420313 0.275000 0.420313 0.302083 0.403125 0.302083
4 0.387500 0.300000 0.407812 0.300000 0.407812 0.320833 0.387500 0.320833
1 0.540625 0.283333 0.600000 0.283333 0.600000 0.375000 0.540625 0.375000
1 0.326563 0.304167 0.362500 0.304167 0.362500 0.366667 0.326563 0.366667
1 0.275000 0.308333 0.323437 0.308333 0.323437 0.366667 0.275000 0.366667
4 0.370312 0.320833 0.404688 0.320833 0.404688 0.356250 0.370312 0.356250
1 0.496875 0.304167 0.550000 0.304167 0.550000 0.375000 0.496875 0.375000
1 0.523438 0.343750 0.571875 0.343750 0.571875 0.416667 0.523438 0.416667
1 0.596875 0.337500 0.646875 0.337500 0.646875 0.422917 0.596875 0.422917
4 0.359375 0.358333 0.396875 0.358333 0.396875 0.406250 0.359375 0.406250
7 0.278125 0.343750 0.332813 0.343750 0.332813 0.429167 0.278125 0.429167
1 0.623438 0.354167 0.687500 0.354167 0.687500 0.458333 0.623438 0.458333
4 0.478125 0.397917 0.526562 0.397917 0.526562 0.435417 0.478125 0.435417
7 0.234375 0.383333 0.292188 0.383333 0.292188 0.470833 0.234375 0.470833
4 0.575000 0.410417 0.614062 0.410417 0.614062 0.462500 0.575000 0.462500
4 0.482812 0.427083 0.525000 0.427083 0.525000 0.462500 0.482812 0.462500
4 0.768750 0.450000 0.828125 0.450000 0.828125 0.502083 0.768750 0.502083
1 0.679688 0.441667 0.767187 0.441667 0.767187 0.541667 0.679688 0.541667
7 0.485937 0.456250 0.546875 0.456250 0.546875 0.543750 0.485937 0.543750
7 0.589063 0.441667 0.664062 0.441667 0.664062 0.566667 0.589063 0.566667
4 0.298438 0.466667 0.373437 0.466667 0.373437 0.545833 0.298438 0.545833
1 0.781250 0.475000 0.915625 0.475000 0.915625 0.595833 0.781250 0.595833
7 0.617188 0.441667 0.718750 0.441667 0.718750 0.650000 0.617188 0.650000
4 0.492188 0.518750 0.559375 0.518750 0.559375 0.608333 0.492188 0.608333
4 0.514062 0.570833 0.607812 0.570833 0.607812 0.700000 0.514062 0.700000
7 0.709375 0.560417 0.801563 0.560417 0.801563 0.716667 0.709375 0.716667
1 0.740625 0.527083 0.967187 0.527083 0.967187 0.954167 0.740625 0.954167
4 0.523438 0.716667 0.668750 0.716667 0.668750 0.906250 0.523438 0.906250
1 0.850000 0.693750 1.000000 0.693750 1.000000 1.000000 0.850000 1.000000
4 0.664062 0.887500 0.871875 0.887500 0.871875 1.000000 0.664062 1.000000