4 0.576562 0.350000 0.615625 0.350000 0.615625 0.400000 0.576562 0.400000
4 0.528125 0.372917 0.568750 0.372917 0.568750 0.420833 0.528125 0.420833
4 0.604688 0.387500 0.643750 0.387500 0.643750 0.439583 0.604688 0.439583
5 0.173438 0.372917 0.242188 0.372917 0.242188 0.460417 0.173438 0.460417
4 0.475000 0.397917 0.515625 0.397917 0.515625 0.443750 0.475000 0.443750
7 0.646875 0.391667 0.714062 0.391667 0.714062 0.493750 0.646875 0.493750
4 0.565625 0.420833 0.621875 0.420833 0.621875 0.493750 0.565625 0.493750
4 0.485938 0.435417 0.532813 0.435417 0.532813 0.497917 0.485938 0.497917
1 0.706250 0.379167 0.901563 0.379167 0.901563 0.666667 0.706250 0.666667
4 0.510938 0.522917 0.593750 0.522917 0.593750 0.635417 0.510938 0.635417
4 0.898438 0.552083 1.000000 0.552083 1.000000 0.666667 0.898438 0.666667
1 0.621875 0.491667 0.798438 0.491667 0.798438 0.729167 0.621875 0.729167
4 0.156250 0.702083 0.285938 0.702083 0.285938 0.872917 0.156250 0.872917
4 0.560937 0.706250 0.690625 0.706250 0.690625 0.902083 0.560937 0.902083