10 0.584375 0.343750 0.618750 0.343750 0.618750 0.412500 0.584375 0.412500
4 0.359375 0.356250 0.395312 0.356250 0.395312 0.412500 0.359375 0.412500
4 0.475000 0.364583 0.512500 0.364583 0.512500 0.425000 0.475000 0.425000
4 0.295313 0.377083 0.332813 0.377083 0.332813 0.425000 0.295313 0.425000
4 0.337500 0.429167 0.381250 0.429167 0.381250 0.485417 0.337500 0.485417
1 0.062500 0.366667 0.220313 0.366667 0.220313 0.568750 0.062500 0.568750
4 0.573437 0.452083 0.634375 0.452083 0.634375 0.533333 0.573437 0.533333
4 0.226562 0.460417 0.287500 0.460417 0.287500 0.537500 0.226562 0.537500
9 0.629687 0.439583 0.742188 0.439583 0.742188 0.647917 0.629687 0.647917
4 0.290625 0.514583 0.364063 0.514583 0.364063 0.604167 0.290625 0.604167
10 0.775000 0.516667 0.876563 0.516667 0.876563 0.647917 0.775000 0.647917
3 0.506250 0.516667 0.584375 0.516667 0.584375 0.656250 0.506250 0.656250
9 0.706250 0.562500 0.835938 0.562500 0.835938 0.764583 0.706250 0.764583
1 0.000000 0.579167 0.156250 0.579167 0.156250 0.960417 0.000000 0.960417
4 0.560937 0.731250 0.676563 0.731250 0.676563 0.918750 0.560937 0.918750
4 0.135937 0.758333 0.290625 0.758333 0.290625 0.962500 0.135937 0.962500