7 0.234375 0.356250 0.282813 0.356250 0.282813 0.416667 0.234375 0.416667
2 0.606250 0.339583 0.701562 0.339583 0.701562 0.468750 0.606250 0.468750
7 0.271875 0.387500 0.320312 0.387500 0.320312 0.447917 0.271875 0.447917
4 0.471875 0.395833 0.514062 0.395833 0.514062 0.447917 0.471875 0.447917
4 0.312500 0.408333 0.360938 0.408333 0.360938 0.464583 0.312500 0.464583
9 0.564062 0.395833 0.625000 0.395833 0.625000 0.506250 0.564062 0.506250
4 0.490625 0.427083 0.540625 0.427083 0.540625 0.502083 0.490625 0.502083
4 0.307812 0.460417 0.362500 0.460417 0.362500 0.529167 0.307812 0.529167
10 0.740625 0.481250 0.835938 0.481250 0.835938 0.622917 0.740625 0.622917
4 0.626563 0.514583 0.704688 0.514583 0.704688 0.616667 0.626563 0.616667
4 0.529687 0.627083 0.637500 0.627083 0.637500 0.781250 0.529687 0.781250
4 0.859375 0.631250 1.000000 0.631250 1.000000 0.812500 0.859375 0.812500
4 0.720313 0.727083 0.871875 0.727083 0.871875 0.916667 0.720313 0.916667
4 0.112500 0.825000 0.268750 0.825000 0.268750 1.000000 0.112500 1.000000