0 0.290625 0.310417 0.354687 0.310417 0.354687 0.418750 0.290625 0.418750
4 0.353125 0.366667 0.392188 0.366667 0.392188 0.422917 0.353125 0.422917
1 0.664062 0.383333 0.753125 0.383333 0.753125 0.522917 0.664062 0.522917
4 0.476563 0.418750 0.529688 0.418750 0.529688 0.489583 0.476563 0.489583
4 0.326563 0.418750 0.387500 0.418750 0.387500 0.495833 0.326563 0.495833
1 0.589062 0.433333 0.654687 0.433333 0.654687 0.560417 0.589062 0.560417
4 0.479687 0.485417 0.548438 0.485417 0.548438 0.570833 0.479687 0.570833
1 0.771875 0.431250 1.000000 0.431250 1.000000 0.637500 0.771875 0.637500
1 0.618750 0.450000 0.710938 0.450000 0.710938 0.625000 0.618750 0.625000
1 0.104688 0.472917 0.256250 0.472917 0.256250 0.664583 0.104688 0.664583
1 0.000000 0.479167 0.095312 0.479167 0.095312 0.710417 0.000000 0.710417
4 0.503125 0.533333 0.590625 0.533333 0.590625 0.662500 0.503125 0.662500
4 0.254687 0.537500 0.359375 0.537500 0.359375 0.697917 0.254687 0.697917
1 0.710938 0.560417 0.770312 0.560417 0.770312 0.695833 0.710938 0.695833
4 0.514062 0.602083 0.598438 0.602083 0.598438 0.747917 0.514062 0.747917
1 0.750000 0.531250 0.928125 0.531250 0.928125 0.856250 0.750000 0.856250
4 0.639062 0.708333 0.776562 0.708333 0.776562 0.954167 0.639062 0.954167
1 0.839063 0.666667 1.000000 0.666667 1.000000 1.000000 0.839063 1.000000
4 0.000000 0.768750 0.100000 0.768750 0.100000 0.956250 0.000000 0.956250
4 0.520313 0.860417 0.650000 0.860417 0.650000 1.000000 0.520313 1.000000