1 0.198437 0.314583 0.281250 0.314583 0.281250 0.445833 0.198437 0.445833
4 0.295313 0.366667 0.332813 0.366667 0.332813 0.414583 0.295313 0.414583
9 0.551563 0.354167 0.610938 0.354167 0.610938 0.456250 0.551563 0.456250
4 0.609375 0.381250 0.643750 0.381250 0.643750 0.441667 0.609375 0.441667
3 0.471875 0.381250 0.510938 0.381250 0.510938 0.450000 0.471875 0.450000
7 0.231250 0.408333 0.279688 0.408333 0.279688 0.468750 0.231250 0.468750
10 0.657812 0.412500 0.710938 0.412500 0.710938 0.464583 0.657812 0.464583
9 0.585938 0.427083 0.653125 0.427083 0.653125 0.516667 0.585938 0.516667
4 0.489062 0.445833 0.535937 0.445833 0.535937 0.512500 0.489062 0.512500
4 0.300000 0.456250 0.364063 0.456250 0.364063 0.560417 0.300000 0.560417
8 0.726562 0.400000 0.868750 0.400000 0.868750 0.647917 0.726562 0.647917
4 0.189062 0.493750 0.251563 0.493750 0.251563 0.566667 0.189062 0.566667
4 0.500000 0.525000 0.570312 0.525000 0.570312 0.635417 0.500000 0.635417
11 0.614062 0.458333 0.865625 0.458333 0.865625 0.779167 0.614062 0.779167
4 0.550000 0.677083 0.671875 0.677083 0.671875 0.856250 0.550000 0.856250
4 0.221875 0.712500 0.331250 0.712500 0.331250 0.850000 0.221875 0.850000
4 0.000000 0.758333 0.125000 0.758333 0.125000 0.918750 0.000000 0.918750