4 0.378125 0.270833 0.401562 0.270833 0.401562 0.297917 0.378125 0.297917
7 0.318750 0.262500 0.365625 0.262500 0.365625 0.316667 0.318750 0.316667
4 0.392187 0.281250 0.418750 0.281250 0.418750 0.308333 0.392187 0.308333
4 0.389063 0.293750 0.418750 0.293750 0.418750 0.325000 0.389063 0.325000
4 0.371875 0.316667 0.409375 0.316667 0.409375 0.356250 0.371875 0.356250
7 0.576562 0.322917 0.615625 0.322917 0.615625 0.395833 0.576562 0.395833
1 0.518750 0.327083 0.593750 0.327083 0.593750 0.445833 0.518750 0.445833
4 0.475000 0.406250 0.531250 0.406250 0.531250 0.477083 0.475000 0.477083
4 0.487500 0.468750 0.545312 0.468750 0.545312 0.570833 0.487500 0.570833
4 0.746875 0.497917 0.829688 0.497917 0.829688 0.610417 0.746875 0.610417
7 0.634375 0.468750 0.771875 0.468750 0.771875 0.708333 0.634375 0.708333
4 0.831250 0.572917 0.959375 0.572917 0.959375 0.731250 0.831250 0.731250
4 0.525000 0.608333 0.628125 0.608333 0.628125 0.768750 0.525000 0.768750
4 0.789062 0.768750 0.960938 0.768750 0.960938 1.000000 0.789062 1.000000
4 0.581250 0.812500 0.742188 0.812500 0.742188 1.000000 0.581250 1.000000