4 0.381250 0.302083 0.410938 0.302083 0.410938 0.339583 0.381250 0.339583
0 0.445312 0.297917 0.489062 0.297917 0.489062 0.362500 0.445312 0.362500
0 0.490625 0.295833 0.542187 0.295833 0.542187 0.377083 0.490625 0.377083
4 0.331250 0.314583 0.367188 0.314583 0.367188 0.364583 0.331250 0.364583
4 0.367188 0.322917 0.401563 0.322917 0.401563 0.364583 0.367188 0.364583
4 0.243750 0.322917 0.304688 0.322917 0.304688 0.395833 0.243750 0.395833
4 0.456250 0.343750 0.482813 0.343750 0.482813 0.375000 0.456250 0.375000
1 0.568750 0.316667 0.631250 0.316667 0.631250 0.416667 0.568750 0.416667
4 0.462500 0.350000 0.496875 0.350000 0.496875 0.387500 0.462500 0.387500
0 0.515625 0.320833 0.582812 0.320833 0.582812 0.429167 0.515625 0.429167
4 0.464062 0.372917 0.496875 0.372917 0.496875 0.416667 0.464062 0.416667
4 0.471875 0.391667 0.504687 0.391667 0.504687 0.422917 0.471875 0.422917
4 0.532813 0.391667 0.573437 0.391667 0.573437 0.435417 0.532813 0.435417
4 0.614062 0.389583 0.651563 0.389583 0.651563 0.439583 0.614062 0.439583
1 0.654688 0.364583 0.781250 0.364583 0.781250 0.525000 0.654688 0.525000
4 0.478125 0.427083 0.525000 0.427083 0.525000 0.464583 0.478125 0.464583
4 0.565625 0.429167 0.617188 0.429167 0.617188 0.508333 0.565625 0.508333
4 0.482812 0.456250 0.540625 0.456250 0.540625 0.539583 0.482812 0.539583
4 0.600000 0.495833 0.671875 0.495833 0.671875 0.585417 0.600000 0.585417
4 0.489063 0.510417 0.571875 0.510417 0.571875 0.612500 0.489063 0.612500
4 0.089063 0.616667 0.193750 0.616667 0.193750 0.725000 0.089063 0.725000
0 0.707812 0.529167 1.000000 0.529167 1.000000 1.000000 0.707812 1.000000
4 0.562500 0.745833 0.706250 0.745833 0.706250 0.989583 0.562500 0.989583