7 0.303125 0.310417 0.353125 0.310417 0.353125 0.385417 0.303125 0.385417
0 0.451562 0.306250 0.507812 0.306250 0.507812 0.420833 0.451562 0.420833
4 0.364062 0.354167 0.398438 0.354167 0.398438 0.400000 0.364062 0.400000
7 0.240625 0.352083 0.296875 0.352083 0.296875 0.422917 0.240625 0.422917
1 0.539062 0.341667 0.629687 0.341667 0.629687 0.491667 0.539062 0.491667
4 0.332812 0.404167 0.382812 0.404167 0.382812 0.458333 0.332812 0.458333
1 0.639062 0.370833 0.746875 0.370833 0.746875 0.525000 0.639062 0.525000
4 0.185938 0.464583 0.260937 0.464583 0.260937 0.545833 0.185938 0.545833
4 0.498438 0.483333 0.562500 0.483333 0.562500 0.587500 0.498438 0.587500
7 0.771875 0.472917 0.925000 0.472917 0.925000 0.639583 0.771875 0.639583
7 0.109375 0.512500 0.209375 0.512500 0.209375 0.658333 0.109375 0.658333
4 0.653125 0.529167 0.740625 0.529167 0.740625 0.664583 0.653125 0.664583
4 0.270313 0.558333 0.356250 0.558333 0.356250 0.666667 0.270313 0.666667
0 0.735937 0.556250 1.000000 0.556250 1.000000 1.000000 0.735937 1.000000
4 0.617188 0.758333 0.776563 0.758333 0.776563 0.997917 0.617188 0.997917