4 0.589063 0.370833 0.628125 0.370833 0.628125 0.418750 0.589063 0.418750
4 0.546875 0.385417 0.587500 0.385417 0.587500 0.441667 0.546875 0.441667
10 0.628125 0.372917 0.696875 0.372917 0.696875 0.464583 0.628125 0.464583
4 0.478125 0.400000 0.521875 0.400000 0.521875 0.470833 0.478125 0.470833
4 0.567188 0.414583 0.610938 0.414583 0.610938 0.477083 0.567188 0.477083
5 0.321875 0.435417 0.373437 0.435417 0.373437 0.506250 0.321875 0.506250
5 0.221875 0.447917 0.279688 0.447917 0.279688 0.514583 0.221875 0.514583
9 0.587500 0.435417 0.670312 0.435417 0.670312 0.564583 0.587500 0.564583
10 0.678125 0.456250 0.756250 0.456250 0.756250 0.550000 0.678125 0.550000
5 0.132812 0.479167 0.198437 0.479167 0.198437 0.554167 0.132812 0.554167
4 0.503125 0.500000 0.578125 0.500000 0.578125 0.602083 0.503125 0.602083
9 0.693750 0.595833 0.837500 0.595833 0.837500 0.793750 0.693750 0.793750