2 0.582813 0.333333 0.654687 0.333333 0.654687 0.439583 0.582813 0.439583
9 0.539062 0.350000 0.600000 0.350000 0.600000 0.454167 0.539062 0.454167
4 0.473438 0.387500 0.514062 0.387500 0.514062 0.437500 0.473438 0.437500
2 0.642188 0.370833 0.764062 0.370833 0.764062 0.543750 0.642188 0.543750
4 0.312500 0.431250 0.370313 0.431250 0.370313 0.500000 0.312500 0.500000
4 0.481250 0.427083 0.535937 0.427083 0.535937 0.504167 0.481250 0.504167
4 0.584375 0.450000 0.642188 0.450000 0.642188 0.522917 0.584375 0.522917
4 0.498437 0.485417 0.565625 0.485417 0.565625 0.583333 0.498437 0.583333
4 0.801563 0.491667 0.889062 0.491667 0.889062 0.587500 0.801563 0.587500
4 0.618750 0.506250 0.698437 0.506250 0.698437 0.604167 0.618750 0.604167
10 0.693750 0.537500 0.828125 0.537500 0.828125 0.768750 0.693750 0.768750
4 0.551563 0.587500 0.650000 0.587500 0.650000 0.733333 0.551563 0.733333
5 0.004687 0.752083 0.162500 0.752083 0.162500 0.918750 0.004687 0.918750
4 0.790625 0.800000 0.981250 0.800000 0.981250 1.000000 0.790625 1.000000