4 0.368750 0.329167 0.409375 0.329167 0.409375 0.370833 0.368750 0.370833
5 0.296875 0.312500 0.351562 0.312500 0.351562 0.406250 0.296875 0.406250
4 0.356250 0.356250 0.404688 0.356250 0.404688 0.408333 0.356250 0.408333
4 0.318750 0.385417 0.378125 0.385417 0.378125 0.452083 0.318750 0.452083
4 0.623437 0.383333 0.662500 0.383333 0.662500 0.456250 0.623437 0.456250
1 0.634375 0.364583 0.770313 0.364583 0.770313 0.525000 0.634375 0.525000
4 0.573438 0.425000 0.648438 0.425000 0.648438 0.512500 0.573438 0.512500
4 0.479688 0.464583 0.554688 0.464583 0.554688 0.560417 0.479688 0.560417
4 0.281250 0.452083 0.375000 0.452083 0.375000 0.575000 0.281250 0.575000
7 0.718750 0.500000 0.809375 0.500000 0.809375 0.606250 0.718750 0.606250
4 0.803125 0.508333 0.903125 0.508333 0.903125 0.600000 0.803125 0.600000
4 0.498438 0.514583 0.582813 0.514583 0.582813 0.620833 0.498438 0.620833
4 0.639063 0.527083 0.726562 0.527083 0.726562 0.662500 0.639063 0.662500
1 0.898438 0.485417 1.000000 0.485417 1.000000 0.793750 0.898438 0.793750
4 0.809375 0.581250 0.906250 0.581250 0.906250 0.706250 0.809375 0.706250
4 0.073437 0.575000 0.221875 0.575000 0.221875 0.758333 0.073437 0.758333
5 0.692188 0.595833 0.857812 0.595833 0.857812 0.847917 0.692188 0.847917
4 0.564062 0.631250 0.679688 0.631250 0.679688 0.825000 0.564062 0.825000
4 0.168750 0.670833 0.315625 0.670833 0.315625 0.902083 0.168750 0.902083
7 0.496875 0.712500 0.668750 0.712500 0.668750 1.000000 0.496875 1.000000
5 0.823438 0.735417 1.000000 0.735417 1.000000 1.000000 0.823438 1.000000