5 0.315625 0.331250 0.353125 0.331250 0.353125 0.379167 0.315625 0.379167
9 0.218750 0.314583 0.290625 0.314583 0.290625 0.404167 0.218750 0.404167
4 0.364063 0.358333 0.400000 0.358333 0.400000 0.397917 0.364063 0.397917
4 0.468750 0.362500 0.503125 0.362500 0.503125 0.410417 0.468750 0.410417
4 0.300000 0.370833 0.337500 0.370833 0.337500 0.412500 0.300000 0.412500
8 0.601562 0.327083 0.673437 0.327083 0.673437 0.462500 0.601562 0.462500
11 0.531250 0.341667 0.623438 0.341667 0.623438 0.487500 0.531250 0.487500
4 0.478125 0.395833 0.517188 0.395833 0.517188 0.458333 0.478125 0.458333
9 0.239062 0.375000 0.306250 0.375000 0.306250 0.497917 0.239062 0.497917
4 0.306250 0.462500 0.371875 0.462500 0.371875 0.533333 0.306250 0.533333
1 0.000000 0.387500 0.168750 0.387500 0.168750 0.679167 0.000000 0.679167
4 0.495313 0.520833 0.570312 0.520833 0.570312 0.622917 0.495313 0.622917
4 0.151563 0.522917 0.232813 0.522917 0.232813 0.625000 0.151563 0.625000
8 0.657813 0.435417 0.865625 0.435417 0.865625 0.768750 0.657813 0.768750
4 0.250000 0.577083 0.342187 0.577083 0.342187 0.691667 0.250000 0.691667