4 0.457813 0.341667 0.493750 0.341667 0.493750 0.372917 0.457813 0.372917
2 0.515625 0.325000 0.571875 0.325000 0.571875 0.414583 0.515625 0.414583
4 0.464062 0.364583 0.495312 0.364583 0.495312 0.402083 0.464062 0.402083
8 0.612500 0.337500 0.707812 0.337500 0.707812 0.456250 0.612500 0.456250
4 0.473438 0.391667 0.512500 0.391667 0.512500 0.422917 0.473438 0.422917
4 0.534375 0.393750 0.557813 0.393750 0.557813 0.445833 0.534375 0.445833
2 0.546875 0.356250 0.642187 0.356250 0.642187 0.520833 0.546875 0.520833
4 0.473438 0.420833 0.525000 0.420833 0.525000 0.475000 0.473438 0.475000
4 0.482813 0.456250 0.543750 0.456250 0.543750 0.516667 0.482813 0.516667
2 0.000000 0.420833 0.162500 0.420833 0.162500 0.627083 0.000000 0.627083
4 0.490625 0.489583 0.557812 0.489583 0.557812 0.570833 0.490625 0.570833
4 0.300000 0.497917 0.364063 0.497917 0.364063 0.575000 0.300000 0.575000
4 0.760938 0.502083 0.832812 0.502083 0.832812 0.616667 0.760938 0.616667
8 0.631250 0.425000 0.789062 0.425000 0.789062 0.718750 0.631250 0.718750
4 0.506250 0.541667 0.590625 0.541667 0.590625 0.660417 0.506250 0.660417
4 0.842187 0.612500 0.943750 0.612500 0.943750 0.743750 0.842187 0.743750
4 0.548438 0.677083 0.693750 0.677083 0.693750 0.918750 0.548438 0.918750