1 0.367188 0.266667 0.392188 0.266667 0.392188 0.306250 0.367188 0.306250
6 0.398438 0.279167 0.420312 0.279167 0.420312 0.308333 0.398438 0.308333
7 0.329687 0.281250 0.354687 0.281250 0.354687 0.316667 0.329687 0.316667
4 0.392187 0.293750 0.410938 0.293750 0.410938 0.316667 0.392187 0.316667
4 0.375000 0.314583 0.401563 0.314583 0.401563 0.350000 0.375000 0.350000
1 0.253125 0.300000 0.310938 0.300000 0.310938 0.385417 0.253125 0.385417
7 0.359375 0.341667 0.390625 0.341667 0.390625 0.387500 0.359375 0.387500
7 0.529687 0.343750 0.576562 0.343750 0.576562 0.431250 0.529687 0.431250
7 0.262500 0.358333 0.318750 0.358333 0.318750 0.439583 0.262500 0.439583
1 0.632812 0.331250 0.726562 0.331250 0.726562 0.475000 0.632812 0.475000
4 0.554688 0.397917 0.587500 0.397917 0.587500 0.450000 0.554688 0.450000
7 0.117188 0.383333 0.212500 0.383333 0.212500 0.493750 0.117188 0.493750
4 0.573438 0.414583 0.617188 0.414583 0.617188 0.481250 0.573438 0.481250
4 0.482812 0.431250 0.521875 0.431250 0.521875 0.493750 0.482812 0.493750
4 0.321875 0.441667 0.376563 0.441667 0.376563 0.500000 0.321875 0.500000
4 0.487500 0.454167 0.546875 0.454167 0.546875 0.535417 0.487500 0.535417
7 0.684375 0.410417 0.800000 0.410417 0.800000 0.583333 0.684375 0.583333
7 0.589063 0.441667 0.656250 0.441667 0.656250 0.577083 0.589063 0.577083
4 0.801562 0.491667 0.870313 0.491667 0.870313 0.564583 0.801562 0.564583
4 0.498438 0.491667 0.562500 0.491667 0.562500 0.577083 0.498438 0.577083
7 0.614062 0.447917 0.721875 0.447917 0.721875 0.650000 0.614062 0.650000
4 0.523438 0.525000 0.593750 0.525000 0.593750 0.629167 0.523438 0.629167
4 0.257812 0.560417 0.342187 0.560417 0.342187 0.670833 0.257812 0.670833
7 0.495312 0.543750 0.576562 0.543750 0.576562 0.702083 0.495312 0.702083
7 0.715625 0.570833 0.814063 0.570833 0.814063 0.731250 0.715625 0.731250
1 0.748437 0.539583 0.978125 0.539583 0.978125 0.929167 0.748437 0.929167
4 0.523438 0.654167 0.623438 0.654167 0.623438 0.829167 0.523438 0.829167
4 0.545312 0.758333 0.681250 0.758333 0.681250 0.964583 0.545312 0.964583
4 0.567187 0.902083 0.718750 0.902083 0.718750 1.000000 0.567187 1.000000