4 0.367188 0.345833 0.398438 0.345833 0.398438 0.381250 0.367188 0.381250
4 0.459375 0.354167 0.493750 0.354167 0.493750 0.397917 0.459375 0.397917
10 0.239063 0.350000 0.284375 0.350000 0.284375 0.412500 0.239063 0.412500
4 0.300000 0.360417 0.334375 0.360417 0.334375 0.404167 0.300000 0.404167
10 0.596875 0.356250 0.637500 0.356250 0.637500 0.431250 0.596875 0.431250
4 0.531250 0.375000 0.567187 0.375000 0.567187 0.425000 0.531250 0.425000
10 0.182812 0.360417 0.234375 0.360417 0.234375 0.445833 0.182812 0.445833
4 0.353125 0.389583 0.392188 0.389583 0.392188 0.431250 0.353125 0.431250
4 0.475000 0.389583 0.514062 0.389583 0.514062 0.441667 0.475000 0.441667
4 0.562500 0.395833 0.610937 0.395833 0.610937 0.468750 0.562500 0.468750
4 0.331250 0.425000 0.379688 0.425000 0.379688 0.495833 0.331250 0.495833
4 0.653125 0.429167 0.712500 0.429167 0.712500 0.506250 0.653125 0.506250
10 0.176562 0.429167 0.259375 0.429167 0.259375 0.554167 0.176562 0.554167
4 0.490625 0.454167 0.546875 0.454167 0.546875 0.556250 0.490625 0.556250
10 0.607812 0.450000 0.676563 0.450000 0.676563 0.572917 0.607812 0.572917
10 0.000000 0.483333 0.118750 0.483333 0.118750 0.641667 0.000000 0.641667
4 0.507812 0.535417 0.585938 0.535417 0.585938 0.658333 0.507812 0.658333
4 0.270312 0.556250 0.343750 0.556250 0.343750 0.660417 0.270312 0.660417
11 0.692187 0.493750 0.996875 0.493750 0.996875 0.991667 0.692187 0.991667