4 0.462500 0.354167 0.496875 0.354167 0.496875 0.393750 0.462500 0.393750
9 0.528125 0.337500 0.576562 0.337500 0.576562 0.429167 0.528125 0.429167
4 0.468750 0.377083 0.510938 0.377083 0.510938 0.433333 0.468750 0.433333
11 0.593750 0.368750 0.682813 0.368750 0.682813 0.464583 0.593750 0.464583
4 0.493750 0.402083 0.534375 0.402083 0.534375 0.452083 0.493750 0.452083
7 0.232813 0.385417 0.300000 0.385417 0.300000 0.489583 0.232813 0.489583
4 0.139063 0.441667 0.198438 0.441667 0.198438 0.508333 0.139063 0.508333
3 0.479687 0.418750 0.543750 0.418750 0.543750 0.531250 0.479687 0.531250
4 0.735938 0.441667 0.801563 0.441667 0.801563 0.518750 0.735938 0.518750
4 0.815625 0.500000 0.896875 0.500000 0.896875 0.589583 0.815625 0.589583
9 0.601562 0.472917 0.715625 0.472917 0.715625 0.639583 0.601562 0.639583
9 0.734375 0.520833 0.850000 0.520833 0.850000 0.656250 0.734375 0.656250
4 0.514062 0.539583 0.596875 0.539583 0.596875 0.660417 0.514062 0.660417
10 0.900000 0.633333 1.000000 0.633333 1.000000 0.835417 0.900000 0.835417
4 0.734375 0.670833 0.864062 0.670833 0.864062 0.850000 0.734375 0.850000
4 0.557813 0.737500 0.700000 0.737500 0.700000 0.960417 0.557813 0.960417