4 0.539062 0.372917 0.573438 0.372917 0.573438 0.420833 0.539062 0.420833
10 0.601562 0.362500 0.642187 0.362500 0.642187 0.431250 0.601562 0.431250
4 0.653125 0.379167 0.698438 0.379167 0.698438 0.433333 0.653125 0.433333
1 0.209375 0.352083 0.303125 0.352083 0.303125 0.516667 0.209375 0.516667
4 0.628125 0.408333 0.682813 0.408333 0.682813 0.466667 0.628125 0.466667
4 0.470313 0.408333 0.515625 0.408333 0.515625 0.472917 0.470313 0.472917
4 0.553125 0.416667 0.600000 0.416667 0.600000 0.479167 0.553125 0.479167
9 0.704687 0.427083 0.804688 0.427083 0.804688 0.545833 0.704687 0.545833
4 0.501563 0.483333 0.571875 0.483333 0.571875 0.579167 0.501563 0.579167
9 0.000000 0.420833 0.120313 0.420833 0.120313 0.660417 0.000000 0.660417
9 0.621875 0.464583 0.718750 0.464583 0.718750 0.643750 0.621875 0.643750
9 0.715625 0.543750 0.910937 0.543750 0.910937 0.889583 0.715625 0.889583