4 0.390625 0.291667 0.414062 0.291667 0.414062 0.320833 0.390625 0.320833
7 0.303125 0.293750 0.339062 0.293750 0.339062 0.356250 0.303125 0.356250
4 0.342187 0.304167 0.375000 0.304167 0.375000 0.350000 0.342187 0.350000
4 0.378125 0.316667 0.407812 0.316667 0.407812 0.347917 0.378125 0.347917
4 0.343750 0.345833 0.378125 0.345833 0.378125 0.391667 0.343750 0.391667
1 0.598437 0.322917 0.676562 0.322917 0.676562 0.425000 0.598437 0.425000
1 0.528125 0.327083 0.600000 0.327083 0.600000 0.439583 0.528125 0.439583
4 0.256250 0.379167 0.329688 0.379167 0.329688 0.477083 0.256250 0.477083
4 0.698437 0.410417 0.759375 0.410417 0.759375 0.470833 0.698437 0.470833
1 0.562500 0.385417 0.681250 0.385417 0.681250 0.545833 0.562500 0.545833
4 0.473438 0.437500 0.545312 0.437500 0.545312 0.533333 0.473438 0.533333
7 0.151562 0.458333 0.260937 0.458333 0.260937 0.643750 0.151562 0.643750
4 0.489063 0.493750 0.579688 0.493750 0.579688 0.622917 0.489063 0.622917
1 0.850000 0.512500 1.000000 0.512500 1.000000 0.768750 0.850000 0.768750
1 0.643750 0.458333 0.893750 0.458333 0.893750 0.835417 0.643750 0.835417
4 0.514062 0.583333 0.623437 0.583333 0.623437 0.731250 0.514062 0.731250
4 0.534375 0.708333 0.654687 0.708333 0.654687 0.891667 0.534375 0.891667
4 0.571875 0.822917 0.743750 0.822917 0.743750 1.000000 0.571875 1.000000