4 0.384375 0.310417 0.407813 0.310417 0.407813 0.337500 0.384375 0.337500
0 0.570312 0.291667 0.615625 0.291667 0.615625 0.356250 0.570312 0.356250
1 0.542187 0.295833 0.584375 0.295833 0.584375 0.354167 0.542187 0.354167
4 0.371875 0.329167 0.400000 0.329167 0.400000 0.362500 0.371875 0.362500
4 0.320312 0.343750 0.353125 0.343750 0.353125 0.389583 0.320312 0.389583
4 0.581250 0.350000 0.617188 0.350000 0.617188 0.397917 0.581250 0.397917
4 0.462500 0.358333 0.501563 0.358333 0.501563 0.402083 0.462500 0.402083
4 0.289062 0.366667 0.328125 0.366667 0.328125 0.414583 0.289062 0.414583
4 0.351562 0.366667 0.387500 0.366667 0.387500 0.414583 0.351562 0.414583
1 0.525000 0.339583 0.584375 0.339583 0.584375 0.443750 0.525000 0.443750
4 0.607812 0.366667 0.650000 0.366667 0.650000 0.429167 0.607812 0.429167
4 0.475000 0.375000 0.517188 0.375000 0.517188 0.429167 0.475000 0.429167
1 0.168750 0.345833 0.264062 0.345833 0.264062 0.460417 0.168750 0.460417
4 0.628125 0.393750 0.679688 0.393750 0.679688 0.452083 0.628125 0.452083
4 0.270313 0.387500 0.321875 0.387500 0.321875 0.462500 0.270313 0.462500
4 0.465625 0.400000 0.510938 0.400000 0.510938 0.454167 0.465625 0.454167
4 0.485938 0.416667 0.520313 0.416667 0.520313 0.460417 0.485938 0.460417
4 0.554688 0.402083 0.598437 0.402083 0.598437 0.475000 0.554688 0.475000
4 0.482812 0.441667 0.537500 0.441667 0.537500 0.522917 0.482812 0.522917
1 0.695312 0.400000 0.867188 0.400000 0.867188 0.612500 0.695312 0.612500
4 0.257812 0.518750 0.350000 0.518750 0.350000 0.643750 0.257812 0.643750
4 0.489063 0.522917 0.573438 0.522917 0.573438 0.639583 0.489063 0.639583
4 0.642188 0.541667 0.739063 0.541667 0.739063 0.693750 0.642188 0.693750
4 0.818750 0.602083 0.946875 0.602083 0.946875 0.739583 0.818750 0.739583
4 0.539062 0.637500 0.639063 0.637500 0.639063 0.793750 0.539062 0.793750
4 0.954687 0.735417 1.000000 0.735417 1.000000 0.900000 0.954687 0.900000
4 0.815625 0.789583 1.000000 0.789583 1.000000 1.000000 0.815625 1.000000
4 0.662500 0.925000 0.803125 0.925000 0.803125 1.000000 0.662500 1.000000