9 0.540625 0.345833 0.593750 0.345833 0.593750 0.437500 0.540625 0.437500
1 0.173437 0.325000 0.270313 0.325000 0.270313 0.466667 0.173437 0.466667
3 0.467188 0.366667 0.504688 0.366667 0.504688 0.427083 0.467188 0.427083
4 0.590625 0.370833 0.629687 0.370833 0.629687 0.429167 0.590625 0.429167
4 0.285938 0.385417 0.326563 0.385417 0.326563 0.437500 0.285938 0.437500
4 0.345312 0.387500 0.387500 0.387500 0.387500 0.445833 0.345312 0.445833
9 0.571875 0.397917 0.621875 0.397917 0.621875 0.472917 0.571875 0.472917
4 0.481250 0.420833 0.523438 0.420833 0.523438 0.479167 0.481250 0.479167
7 0.203125 0.433333 0.265625 0.433333 0.265625 0.510417 0.203125 0.510417
8 0.696875 0.379167 0.818750 0.379167 0.818750 0.597917 0.696875 0.597917
4 0.487500 0.481250 0.551562 0.481250 0.551562 0.564583 0.487500 0.564583
11 0.590625 0.414583 0.785937 0.414583 0.785937 0.695833 0.590625 0.695833
4 0.275000 0.500000 0.362500 0.500000 0.362500 0.625000 0.275000 0.625000
4 0.150000 0.535417 0.226562 0.535417 0.226562 0.622917 0.150000 0.622917
4 0.520313 0.587500 0.618750 0.587500 0.618750 0.722917 0.520313 0.722917
4 0.153125 0.864583 0.303125 0.864583 0.303125 1.000000 0.153125 1.000000