4 0.454687 0.308333 0.479687 0.308333 0.479687 0.339583 0.454687 0.339583
10 0.496875 0.293750 0.531250 0.293750 0.531250 0.362500 0.496875 0.362500
10 0.540625 0.302083 0.576562 0.302083 0.576562 0.366667 0.540625 0.366667
8 0.303125 0.304167 0.357812 0.304167 0.357812 0.389583 0.303125 0.389583
9 0.246875 0.316667 0.303125 0.316667 0.303125 0.387500 0.246875 0.387500
4 0.357812 0.364583 0.392188 0.364583 0.392188 0.408333 0.357812 0.408333
8 0.181250 0.343750 0.271875 0.343750 0.271875 0.431250 0.181250 0.431250
4 0.531250 0.375000 0.568750 0.375000 0.568750 0.429167 0.531250 0.429167
4 0.485937 0.385417 0.526562 0.385417 0.526562 0.454167 0.485937 0.454167
4 0.321875 0.420833 0.370312 0.420833 0.370312 0.477083 0.321875 0.477083
2 0.193750 0.375000 0.309375 0.375000 0.309375 0.531250 0.193750 0.531250
10 0.093750 0.412500 0.179688 0.412500 0.179688 0.529167 0.093750 0.529167
10 0.226562 0.579167 0.332812 0.579167 0.332812 0.710417 0.226562 0.710417
4 0.721875 0.818750 0.882812 0.818750 0.882812 1.000000 0.721875 1.000000