1 0.335938 0.260417 0.384375 0.260417 0.384375 0.343750 0.335938 0.343750
4 0.389062 0.293750 0.414062 0.293750 0.414062 0.320833 0.389062 0.320833
4 0.578125 0.316667 0.628125 0.316667 0.628125 0.377083 0.578125 0.377083
4 0.509375 0.331250 0.539062 0.331250 0.539062 0.364583 0.509375 0.364583
7 0.289062 0.322917 0.348437 0.322917 0.348437 0.402083 0.289062 0.402083
7 0.350000 0.341667 0.401562 0.341667 0.401562 0.431250 0.350000 0.431250
4 0.501563 0.364583 0.548438 0.364583 0.548438 0.422917 0.501563 0.422917
7 0.639062 0.350000 0.743750 0.350000 0.743750 0.464583 0.639062 0.464583
7 0.559375 0.366667 0.628125 0.366667 0.628125 0.460417 0.559375 0.460417
4 0.457813 0.397917 0.501563 0.397917 0.501563 0.452083 0.457813 0.452083
4 0.481250 0.427083 0.531250 0.427083 0.531250 0.510417 0.481250 0.510417
4 0.484375 0.468750 0.540625 0.468750 0.540625 0.545833 0.484375 0.545833
4 0.278125 0.487500 0.367188 0.487500 0.367188 0.575000 0.278125 0.575000
4 0.818750 0.464583 0.904687 0.464583 0.904687 0.616667 0.818750 0.616667
4 0.498438 0.522917 0.601562 0.522917 0.601562 0.660417 0.498438 0.660417
4 0.518750 0.593750 0.640625 0.593750 0.640625 0.760417 0.518750 0.760417
1 0.667187 0.481250 0.959375 0.481250 0.959375 0.943750 0.667187 0.943750
4 0.139062 0.727083 0.296875 0.727083 0.296875 0.958333 0.139062 0.958333
4 0.546875 0.777083 0.700000 0.777083 0.700000 1.000000 0.546875 1.000000