8 0.598437 0.333333 0.656250 0.333333 0.656250 0.420833 0.598437 0.420833
4 0.354688 0.368750 0.390625 0.368750 0.390625 0.412500 0.354688 0.412500
2 0.535938 0.333333 0.607812 0.333333 0.607812 0.450000 0.535938 0.450000
4 0.232813 0.366667 0.275000 0.366667 0.275000 0.418750 0.232813 0.418750
4 0.476562 0.372917 0.510938 0.372917 0.510938 0.416667 0.476562 0.416667
4 0.484375 0.435417 0.534375 0.435417 0.534375 0.489583 0.484375 0.489583
8 0.667187 0.395833 0.782813 0.395833 0.782813 0.554167 0.667187 0.554167
10 0.582813 0.435417 0.654687 0.435417 0.654687 0.558333 0.582813 0.558333
4 0.501562 0.500000 0.562500 0.500000 0.562500 0.581250 0.501562 0.581250
4 0.282812 0.506250 0.356250 0.506250 0.356250 0.585417 0.282812 0.585417
4 0.832812 0.522917 0.918750 0.522917 0.918750 0.629167 0.832812 0.629167
9 0.635938 0.458333 0.768750 0.458333 0.768750 0.695833 0.635938 0.695833
4 0.539062 0.639583 0.646875 0.639583 0.646875 0.791667 0.539062 0.791667
9 0.759375 0.631250 1.000000 0.631250 1.000000 1.000000 0.759375 1.000000