1 0.260937 0.306250 0.317188 0.306250 0.317188 0.375000 0.260937 0.375000
4 0.364063 0.329167 0.403125 0.329167 0.403125 0.383333 0.364063 0.383333
1 0.310937 0.310417 0.350000 0.310417 0.350000 0.410417 0.310937 0.410417
7 0.581250 0.327083 0.639062 0.327083 0.639062 0.420833 0.581250 0.420833
7 0.614063 0.354167 0.689063 0.354167 0.689063 0.464583 0.614063 0.464583
7 0.240625 0.366667 0.303125 0.366667 0.303125 0.475000 0.240625 0.475000
4 0.337500 0.385417 0.389062 0.385417 0.389062 0.464583 0.337500 0.464583
7 0.171875 0.416667 0.251563 0.416667 0.251563 0.550000 0.171875 0.550000
7 0.684375 0.439583 0.756250 0.439583 0.756250 0.535417 0.684375 0.535417
7 0.473438 0.454167 0.548438 0.454167 0.548438 0.550000 0.473438 0.550000
7 0.592187 0.439583 0.678125 0.439583 0.678125 0.583333 0.592187 0.583333
7 0.618750 0.458333 0.729687 0.458333 0.729687 0.645833 0.618750 0.645833
1 0.759375 0.468750 0.900000 0.468750 0.900000 0.643750 0.759375 0.643750
4 0.489063 0.518750 0.557813 0.518750 0.557813 0.635417 0.489063 0.635417
4 0.512500 0.566667 0.592187 0.566667 0.592187 0.689583 0.512500 0.689583
7 0.712500 0.564583 0.785938 0.564583 0.785938 0.731250 0.712500 0.731250
4 0.240625 0.583333 0.351562 0.583333 0.351562 0.716667 0.240625 0.716667
1 0.745313 0.535417 0.940625 0.535417 0.940625 0.864583 0.745313 0.864583
4 0.525000 0.695833 0.646875 0.695833 0.646875 0.887500 0.525000 0.887500
1 0.860937 0.691667 1.000000 0.691667 1.000000 1.000000 0.860937 1.000000
4 0.659375 0.854167 0.834375 0.854167 0.834375 1.000000 0.659375 1.000000