4 0.360938 0.343750 0.398438 0.343750 0.398438 0.389583 0.360938 0.389583
4 0.454687 0.352083 0.495312 0.352083 0.495312 0.406250 0.454687 0.406250
1 0.521875 0.320833 0.595313 0.320833 0.595313 0.443750 0.521875 0.443750
1 0.264062 0.345833 0.328125 0.345833 0.328125 0.450000 0.264062 0.450000
1 0.609375 0.350000 0.695312 0.350000 0.695312 0.464583 0.609375 0.464583
4 0.346875 0.395833 0.385937 0.395833 0.385937 0.458333 0.346875 0.458333
4 0.465625 0.408333 0.521875 0.408333 0.521875 0.485417 0.465625 0.485417
4 0.578125 0.431250 0.621875 0.431250 0.621875 0.529167 0.578125 0.529167
7 0.165625 0.433333 0.248438 0.433333 0.248438 0.545833 0.165625 0.545833
7 0.725000 0.429167 0.784375 0.429167 0.784375 0.570833 0.725000 0.570833
4 0.300000 0.483333 0.367188 0.483333 0.367188 0.566667 0.300000 0.566667
0 0.610938 0.425000 0.784375 0.425000 0.784375 0.675000 0.610938 0.675000
4 0.518750 0.527083 0.604688 0.527083 0.604688 0.647917 0.518750 0.647917
4 0.814062 0.591667 0.914062 0.591667 0.914062 0.706250 0.814062 0.706250
4 0.554688 0.691667 0.685938 0.691667 0.685938 0.897917 0.554688 0.897917
4 0.164062 0.745833 0.287500 0.745833 0.287500 0.891667 0.164062 0.891667