4 0.356250 0.343750 0.390625 0.343750 0.390625 0.379167 0.356250 0.379167
5 0.507812 0.331250 0.564062 0.331250 0.564062 0.402083 0.507812 0.402083
7 0.235938 0.337500 0.290625 0.337500 0.290625 0.404167 0.235938 0.404167
4 0.465625 0.350000 0.504687 0.350000 0.504687 0.400000 0.465625 0.400000
4 0.285938 0.387500 0.334375 0.387500 0.334375 0.445833 0.285938 0.445833
4 0.550000 0.404167 0.589063 0.404167 0.589063 0.464583 0.550000 0.464583
4 0.476562 0.420833 0.528125 0.420833 0.528125 0.487500 0.476562 0.487500
1 0.587500 0.370833 0.750000 0.370833 0.750000 0.656250 0.587500 0.656250
4 0.696875 0.483333 0.762500 0.483333 0.762500 0.568750 0.696875 0.568750
0 0.767188 0.477083 0.989063 0.477083 0.989063 0.754167 0.767188 0.754167
4 0.512500 0.581250 0.589063 0.581250 0.589063 0.687500 0.512500 0.687500
4 0.025000 0.656250 0.151562 0.656250 0.151562 0.806250 0.025000 0.806250
4 0.582812 0.839583 0.754687 0.839583 0.754687 1.000000 0.582812 1.000000