4 0.348438 0.312500 0.371875 0.312500 0.371875 0.350000 0.348438 0.350000
4 0.546875 0.325000 0.581250 0.325000 0.581250 0.364583 0.546875 0.364583
4 0.509375 0.337500 0.539062 0.337500 0.539062 0.377083 0.509375 0.377083
4 0.565625 0.350000 0.595313 0.350000 0.595313 0.377083 0.565625 0.377083
4 0.589063 0.343750 0.621875 0.343750 0.621875 0.391667 0.589063 0.391667
4 0.310937 0.345833 0.345313 0.345833 0.345313 0.391667 0.310937 0.391667
4 0.528125 0.362500 0.557813 0.362500 0.557813 0.410417 0.528125 0.410417
4 0.357812 0.368750 0.390625 0.368750 0.390625 0.408333 0.357812 0.408333
4 0.467188 0.368750 0.504688 0.368750 0.504688 0.412500 0.467188 0.412500
1 0.615625 0.322917 0.710938 0.322917 0.710938 0.487500 0.615625 0.487500
1 0.540625 0.379167 0.615625 0.379167 0.615625 0.475000 0.540625 0.475000
4 0.479687 0.397917 0.525000 0.397917 0.525000 0.458333 0.479687 0.458333
4 0.267188 0.435417 0.320312 0.435417 0.320312 0.491667 0.267188 0.491667
4 0.484375 0.462500 0.540625 0.462500 0.540625 0.535417 0.484375 0.535417
4 0.746875 0.539583 0.835938 0.539583 0.835938 0.631250 0.746875 0.631250
4 0.643750 0.552083 0.728125 0.552083 0.728125 0.658333 0.643750 0.658333
4 0.507812 0.550000 0.587500 0.550000 0.587500 0.666667 0.507812 0.666667