1 0.214062 0.304167 0.293750 0.304167 0.293750 0.420833 0.214062 0.420833
4 0.618750 0.387500 0.654687 0.387500 0.654687 0.441667 0.618750 0.441667
7 0.251563 0.385417 0.303125 0.385417 0.303125 0.454167 0.251563 0.454167
9 0.562500 0.358333 0.623438 0.358333 0.623438 0.487500 0.562500 0.487500
3 0.476562 0.395833 0.518750 0.395833 0.518750 0.466667 0.476562 0.466667
10 0.667187 0.416667 0.725000 0.416667 0.725000 0.487500 0.667187 0.487500
9 0.592187 0.422917 0.667187 0.422917 0.667187 0.531250 0.592187 0.531250
4 0.310937 0.435417 0.376563 0.435417 0.376563 0.531250 0.310937 0.531250
4 0.210938 0.468750 0.268750 0.468750 0.268750 0.537500 0.210938 0.537500
4 0.489062 0.470833 0.546875 0.470833 0.546875 0.547917 0.489062 0.547917
8 0.748437 0.416667 0.901562 0.416667 0.901562 0.664583 0.748437 0.664583
4 0.507812 0.558333 0.590625 0.558333 0.590625 0.687500 0.507812 0.687500
11 0.620313 0.464583 0.937500 0.464583 0.937500 0.872917 0.620313 0.872917
4 0.251562 0.639583 0.346875 0.639583 0.346875 0.754167 0.251562 0.754167
4 0.043750 0.679167 0.168750 0.679167 0.168750 0.822917 0.043750 0.822917
4 0.573438 0.756250 0.721875 0.756250 0.721875 0.991667 0.573438 0.991667