0 0.289062 0.333333 0.353125 0.333333 0.353125 0.437500 0.289062 0.437500
4 0.331250 0.383333 0.398438 0.383333 0.398438 0.458333 0.331250 0.458333
1 0.585938 0.435417 0.635938 0.435417 0.635938 0.525000 0.585938 0.525000
4 0.300000 0.479167 0.365625 0.479167 0.365625 0.554167 0.300000 0.554167
4 0.481250 0.487500 0.542188 0.487500 0.542188 0.577083 0.481250 0.577083
1 0.614062 0.443750 0.715625 0.443750 0.715625 0.637500 0.614062 0.637500
1 0.760937 0.433333 0.982812 0.433333 0.982812 0.656250 0.760937 0.656250
4 0.496875 0.522917 0.581250 0.522917 0.581250 0.612500 0.496875 0.612500
4 0.512500 0.600000 0.603125 0.600000 0.603125 0.729167 0.512500 0.729167
1 0.017188 0.527083 0.184375 0.527083 0.184375 0.856250 0.017188 0.856250
1 0.750000 0.533333 0.953125 0.533333 0.953125 0.850000 0.750000 0.850000
7 0.175000 0.689583 0.334375 0.689583 0.334375 0.937500 0.175000 0.937500
4 0.632812 0.697917 0.773438 0.697917 0.773438 0.960417 0.632812 0.960417
1 0.832812 0.668750 1.000000 0.668750 1.000000 1.000000 0.832812 1.000000
4 0.539062 0.850000 0.646875 0.850000 0.646875 1.000000 0.539062 1.000000