2 0.584375 0.333333 0.657813 0.333333 0.657813 0.429167 0.584375 0.429167
4 0.534375 0.377083 0.575000 0.377083 0.575000 0.422917 0.534375 0.422917
4 0.290625 0.381250 0.328125 0.381250 0.328125 0.425000 0.290625 0.425000
4 0.470313 0.383333 0.507812 0.383333 0.507812 0.422917 0.470313 0.422917
4 0.554688 0.404167 0.585938 0.404167 0.585938 0.456250 0.554688 0.456250
4 0.479688 0.406250 0.523438 0.406250 0.523438 0.470833 0.479688 0.470833
10 0.576562 0.393750 0.635937 0.393750 0.635937 0.493750 0.576562 0.493750
4 0.504687 0.441667 0.562500 0.441667 0.562500 0.518750 0.504687 0.518750
4 0.593750 0.481250 0.660937 0.481250 0.660937 0.570833 0.593750 0.570833
4 0.796875 0.514583 0.890625 0.514583 0.890625 0.614583 0.796875 0.614583
10 0.668750 0.547917 0.767188 0.547917 0.767188 0.700000 0.668750 0.700000
4 0.817188 0.602083 0.900000 0.602083 0.900000 0.714583 0.817188 0.714583
4 0.532813 0.645833 0.639062 0.645833 0.639062 0.810417 0.532813 0.810417
10 0.718750 0.597917 0.890625 0.597917 0.890625 0.875000 0.718750 0.875000