7 0.271875 0.318750 0.304688 0.318750 0.304688 0.368750 0.271875 0.368750
1 0.576562 0.302083 0.642188 0.302083 0.642188 0.410417 0.576562 0.410417
4 0.460938 0.352083 0.490625 0.352083 0.490625 0.383333 0.460938 0.383333
1 0.515625 0.333333 0.573438 0.333333 0.573438 0.416667 0.515625 0.416667
4 0.310938 0.352083 0.346875 0.352083 0.346875 0.404167 0.310938 0.404167
4 0.470313 0.360417 0.509375 0.360417 0.509375 0.408333 0.470313 0.408333
4 0.471875 0.397917 0.510938 0.397917 0.510938 0.439583 0.471875 0.439583
4 0.565625 0.429167 0.614062 0.429167 0.614062 0.487500 0.565625 0.487500
4 0.485938 0.437500 0.537500 0.437500 0.537500 0.510417 0.485938 0.510417
4 0.759375 0.506250 0.806250 0.506250 0.806250 0.581250 0.759375 0.581250
4 0.156250 0.516667 0.235938 0.516667 0.235938 0.627083 0.156250 0.627083
1 0.618750 0.393750 0.828125 0.393750 0.828125 0.764583 0.618750 0.764583
0 0.810938 0.508333 1.000000 0.508333 1.000000 0.845833 0.810938 0.845833
4 0.526563 0.622917 0.617188 0.622917 0.617188 0.747917 0.526563 0.747917
4 0.125000 0.856250 0.279687 0.856250 0.279687 1.000000 0.125000 1.000000