4 0.371875 0.331250 0.406250 0.331250 0.406250 0.372917 0.371875 0.372917
7 0.320312 0.329167 0.359375 0.329167 0.359375 0.379167 0.320312 0.379167
1 0.518750 0.306250 0.582812 0.306250 0.582812 0.433333 0.518750 0.433333
7 0.215625 0.341667 0.273438 0.341667 0.273438 0.418750 0.215625 0.418750
4 0.585938 0.370833 0.629687 0.370833 0.629687 0.418750 0.585938 0.418750
0 0.621875 0.341667 0.693750 0.341667 0.693750 0.450000 0.621875 0.450000
4 0.467188 0.387500 0.503125 0.387500 0.503125 0.439583 0.467188 0.439583
4 0.481250 0.425000 0.532813 0.425000 0.532813 0.495833 0.481250 0.495833
5 0.685938 0.420833 0.804688 0.420833 0.804688 0.550000 0.685938 0.550000
4 0.603125 0.470833 0.662500 0.470833 0.662500 0.550000 0.603125 0.550000
4 0.498438 0.487500 0.562500 0.487500 0.562500 0.575000 0.498438 0.575000
9 0.817187 0.537500 1.000000 0.537500 1.000000 0.806250 0.817187 0.806250
4 0.189062 0.664583 0.309375 0.664583 0.309375 0.800000 0.189062 0.800000
4 0.529687 0.658333 0.637500 0.658333 0.637500 0.822917 0.529687 0.822917