7 0.329688 0.270833 0.357812 0.270833 0.357812 0.316667 0.329688 0.316667
4 0.396875 0.279167 0.418750 0.279167 0.418750 0.310417 0.396875 0.310417
4 0.359375 0.279167 0.390625 0.279167 0.390625 0.329167 0.359375 0.329167
1 0.551562 0.277083 0.609375 0.277083 0.609375 0.343750 0.551562 0.343750
4 0.379688 0.310417 0.410938 0.310417 0.410938 0.352083 0.379688 0.352083
5 0.495312 0.314583 0.548438 0.314583 0.548438 0.381250 0.495312 0.381250
4 0.462500 0.345833 0.496875 0.345833 0.496875 0.377083 0.462500 0.377083
4 0.464062 0.360417 0.498438 0.360417 0.498438 0.397917 0.464062 0.397917
4 0.465625 0.381250 0.507812 0.381250 0.507812 0.439583 0.465625 0.439583
1 0.540625 0.327083 0.645313 0.327083 0.645313 0.510417 0.540625 0.510417
4 0.635938 0.404167 0.684375 0.404167 0.684375 0.475000 0.635938 0.475000
0 0.667188 0.381250 0.809375 0.381250 0.809375 0.570833 0.667188 0.570833
4 0.481250 0.458333 0.540625 0.458333 0.540625 0.541667 0.481250 0.541667
4 0.278125 0.458333 0.356250 0.458333 0.356250 0.550000 0.278125 0.550000
7 0.000000 0.462500 0.117188 0.462500 0.117188 0.616667 0.000000 0.616667
4 0.514062 0.570833 0.612500 0.570833 0.612500 0.706250 0.514062 0.706250
5 0.815625 0.539583 1.000000 0.539583 1.000000 0.777083 0.815625 0.777083
4 0.073438 0.585417 0.193750 0.585417 0.193750 0.745833 0.073438 0.745833
4 0.565625 0.800000 0.742188 0.800000 0.742188 1.000000 0.565625 1.000000