4 0.393750 0.283333 0.423437 0.283333 0.423437 0.320833 0.393750 0.320833
0 0.445312 0.297917 0.489062 0.297917 0.489062 0.362500 0.445312 0.362500
4 0.373437 0.310417 0.407813 0.310417 0.407813 0.352083 0.373437 0.352083
4 0.340625 0.318750 0.367188 0.318750 0.367188 0.352083 0.340625 0.352083
0 0.490625 0.295833 0.542187 0.295833 0.542187 0.377083 0.490625 0.377083
4 0.264062 0.316667 0.310937 0.316667 0.310937 0.389583 0.264062 0.389583
4 0.456250 0.343750 0.482813 0.343750 0.482813 0.375000 0.456250 0.375000
1 0.568750 0.316667 0.631250 0.316667 0.631250 0.416667 0.568750 0.416667
4 0.462500 0.350000 0.496875 0.350000 0.496875 0.387500 0.462500 0.387500
0 0.515625 0.320833 0.582812 0.320833 0.582812 0.429167 0.515625 0.429167
4 0.464062 0.372917 0.496875 0.372917 0.496875 0.416667 0.464062 0.416667
4 0.471875 0.391667 0.504687 0.391667 0.504687 0.422917 0.471875 0.422917
4 0.532813 0.391667 0.573437 0.391667 0.573437 0.435417 0.532813 0.435417
4 0.614062 0.389583 0.651563 0.389583 0.651563 0.439583 0.614062 0.439583
4 0.478125 0.427083 0.525000 0.427083 0.525000 0.464583 0.478125 0.464583
1 0.662500 0.364583 0.784375 0.364583 0.784375 0.550000 0.662500 0.550000
4 0.565625 0.429167 0.617188 0.429167 0.617188 0.508333 0.565625 0.508333
4 0.482812 0.456250 0.540625 0.456250 0.540625 0.539583 0.482812 0.539583
4 0.600000 0.495833 0.676563 0.495833 0.676563 0.604167 0.600000 0.604167
4 0.489063 0.510417 0.571875 0.510417 0.571875 0.612500 0.489063 0.612500
4 0.153125 0.543750 0.231250 0.543750 0.231250 0.639583 0.153125 0.639583
0 0.731250 0.554167 1.000000 0.554167 1.000000 1.000000 0.731250 1.000000
4 0.570312 0.800000 0.720312 0.800000 0.720312 1.000000 0.570312 1.000000