0 0.442188 0.304167 0.485937 0.304167 0.485937 0.368750 0.442188 0.368750
0 0.500000 0.295833 0.551562 0.295833 0.551562 0.377083 0.500000 0.377083
4 0.456250 0.343750 0.482813 0.343750 0.482813 0.375000 0.456250 0.375000
7 0.589063 0.333333 0.651563 0.333333 0.651563 0.433333 0.589063 0.433333
0 0.531250 0.335417 0.598437 0.335417 0.598437 0.443750 0.531250 0.443750
4 0.464062 0.372917 0.496875 0.372917 0.496875 0.416667 0.464062 0.416667
4 0.285938 0.381250 0.323437 0.381250 0.323437 0.427083 0.285938 0.427083
4 0.629687 0.406250 0.675000 0.406250 0.675000 0.466667 0.629687 0.466667
4 0.476562 0.406250 0.518750 0.406250 0.518750 0.470833 0.476562 0.470833
4 0.314063 0.435417 0.368750 0.435417 0.368750 0.491667 0.314063 0.491667
4 0.493750 0.447917 0.535938 0.447917 0.535938 0.518750 0.493750 0.518750
8 0.684375 0.385417 0.843750 0.385417 0.843750 0.597917 0.684375 0.597917
7 0.165625 0.454167 0.250000 0.454167 0.250000 0.566667 0.165625 0.566667
4 0.585938 0.468750 0.654688 0.468750 0.654688 0.558333 0.585938 0.558333
4 0.490625 0.497917 0.564063 0.497917 0.564063 0.616667 0.490625 0.616667
7 0.000000 0.525000 0.081250 0.525000 0.081250 0.708333 0.000000 0.708333
4 0.942187 0.591667 1.000000 0.591667 1.000000 0.716667 0.942187 0.716667
4 0.514062 0.600000 0.620312 0.600000 0.620312 0.760417 0.514062 0.760417
4 0.676563 0.612500 0.790625 0.612500 0.790625 0.764583 0.676563 0.764583