1 0.518750 0.308333 0.576562 0.308333 0.576562 0.402083 0.518750 0.402083
4 0.364063 0.337500 0.404688 0.337500 0.404688 0.395833 0.364063 0.395833
7 0.246875 0.343750 0.285938 0.343750 0.285938 0.404167 0.246875 0.404167
4 0.467187 0.377083 0.509375 0.377083 0.509375 0.425000 0.467187 0.425000
4 0.279688 0.377083 0.325000 0.377083 0.325000 0.443750 0.279688 0.443750
1 0.543750 0.356250 0.621875 0.356250 0.621875 0.485417 0.543750 0.485417
4 0.331250 0.416667 0.376562 0.416667 0.376562 0.479167 0.331250 0.479167
4 0.473438 0.427083 0.526563 0.427083 0.526563 0.475000 0.473438 0.475000
1 0.704688 0.406250 0.787500 0.406250 0.787500 0.552083 0.704688 0.552083
4 0.482813 0.458333 0.546875 0.458333 0.546875 0.547917 0.482813 0.547917
1 0.590625 0.395833 0.748437 0.395833 0.748437 0.627083 0.590625 0.627083
4 0.493750 0.550000 0.592187 0.550000 0.592187 0.677083 0.493750 0.677083
4 0.212500 0.570833 0.321875 0.570833 0.321875 0.700000 0.212500 0.700000
7 0.795313 0.543750 0.968750 0.543750 0.968750 0.756250 0.795313 0.756250
4 0.523438 0.635417 0.621875 0.635417 0.621875 0.793750 0.523438 0.793750
4 0.003125 0.758333 0.085938 0.758333 0.085938 0.914583 0.003125 0.914583
4 0.556250 0.739583 0.698437 0.739583 0.698437 0.945833 0.556250 0.945833
4 0.842188 0.864583 1.000000 0.864583 1.000000 1.000000 0.842188 1.000000
4 0.610938 0.925000 0.754688 0.925000 0.754688 1.000000 0.610938 1.000000