10 0.496875 0.293750 0.531250 0.293750 0.531250 0.364583 0.496875 0.364583
10 0.540625 0.302083 0.576562 0.302083 0.576562 0.366667 0.540625 0.366667
8 0.306250 0.302083 0.360938 0.302083 0.360938 0.387500 0.306250 0.387500
9 0.253125 0.312500 0.309375 0.312500 0.309375 0.383333 0.253125 0.383333
4 0.362500 0.356250 0.393750 0.356250 0.393750 0.395833 0.362500 0.395833
8 0.198437 0.341667 0.281250 0.341667 0.281250 0.427083 0.198437 0.427083
4 0.537500 0.381250 0.576562 0.381250 0.576562 0.437500 0.537500 0.437500
4 0.331250 0.404167 0.375000 0.404167 0.375000 0.460417 0.331250 0.460417
4 0.490625 0.400000 0.531250 0.400000 0.531250 0.468750 0.490625 0.468750
2 0.217187 0.366667 0.310937 0.366667 0.310937 0.508333 0.217187 0.508333
10 0.121875 0.404167 0.193750 0.404167 0.193750 0.510417 0.121875 0.510417
10 0.254688 0.531250 0.345312 0.531250 0.345312 0.647917 0.254688 0.647917