4 0.357813 0.354167 0.393750 0.354167 0.393750 0.397917 0.357813 0.397917
1 0.593750 0.318750 0.670313 0.318750 0.670313 0.443750 0.593750 0.443750
7 0.292187 0.356250 0.339062 0.356250 0.339062 0.412500 0.292187 0.412500
1 0.528125 0.320833 0.603125 0.320833 0.603125 0.450000 0.528125 0.450000
1 0.162500 0.362500 0.250000 0.362500 0.250000 0.466667 0.162500 0.466667
0 0.465625 0.350000 0.550000 0.350000 0.550000 0.487500 0.465625 0.487500
7 0.251562 0.385417 0.315625 0.385417 0.315625 0.475000 0.251562 0.475000
4 0.695312 0.410417 0.748438 0.410417 0.748438 0.468750 0.695312 0.468750
4 0.337500 0.420833 0.385937 0.420833 0.385937 0.477083 0.337500 0.477083
1 0.165625 0.435417 0.260937 0.435417 0.260937 0.539583 0.165625 0.539583
4 0.670312 0.435417 0.739063 0.435417 0.739063 0.539583 0.670312 0.539583
7 0.784375 0.497917 0.903125 0.497917 0.903125 0.679167 0.784375 0.679167
7 0.029688 0.554167 0.179688 0.554167 0.179688 0.779167 0.029688 0.779167
4 0.214063 0.647917 0.328125 0.647917 0.328125 0.783333 0.214063 0.783333
4 0.550000 0.762500 0.692187 0.762500 0.692187 0.960417 0.550000 0.960417