1 0.345313 0.279167 0.384375 0.279167 0.384375 0.333333 0.345313 0.333333
1 0.315625 0.293750 0.340625 0.293750 0.340625 0.331250 0.315625 0.331250
4 0.332812 0.331250 0.359375 0.331250 0.359375 0.368750 0.332812 0.368750
4 0.550000 0.410417 0.587500 0.410417 0.587500 0.483333 0.550000 0.483333
0 0.196875 0.354167 0.332812 0.354167 0.332812 0.541667 0.196875 0.541667
7 0.471875 0.412500 0.520312 0.412500 0.520312 0.491667 0.471875 0.491667
1 0.573438 0.418750 0.628125 0.418750 0.628125 0.535417 0.573438 0.535417
4 0.473438 0.468750 0.529687 0.468750 0.529687 0.552083 0.473438 0.552083
1 0.598437 0.431250 0.687500 0.431250 0.687500 0.595833 0.598437 0.595833
1 0.726562 0.406250 0.943750 0.406250 0.943750 0.647917 0.726562 0.647917
4 0.290625 0.485417 0.378125 0.485417 0.378125 0.602083 0.290625 0.602083
4 0.490625 0.506250 0.568750 0.506250 0.568750 0.606250 0.490625 0.606250
1 0.698438 0.554167 0.773438 0.554167 0.773438 0.702083 0.698438 0.702083
4 0.501563 0.579167 0.584375 0.579167 0.584375 0.729167 0.501563 0.729167
1 0.737500 0.522917 0.945312 0.522917 0.945312 0.847917 0.737500 0.847917
4 0.623437 0.635417 0.728125 0.635417 0.728125 0.850000 0.623437 0.850000
1 0.823438 0.645833 1.000000 0.645833 1.000000 1.000000 0.823438 1.000000
4 0.096875 0.814583 0.309375 0.814583 0.309375 1.000000 0.096875 1.000000
4 0.515625 0.829167 0.646875 0.829167 0.646875 1.000000 0.515625 1.000000