4 0.375000 0.320833 0.406250 0.320833 0.406250 0.356250 0.375000 0.356250
7 0.328125 0.318750 0.367188 0.318750 0.367188 0.368750 0.328125 0.368750
7 0.248438 0.322917 0.293750 0.322917 0.293750 0.387500 0.248438 0.387500
1 0.525000 0.310417 0.589062 0.310417 0.589062 0.437500 0.525000 0.437500
4 0.585938 0.370833 0.629687 0.370833 0.629687 0.425000 0.585938 0.425000
0 0.628125 0.347917 0.707812 0.347917 0.707812 0.464583 0.628125 0.464583
4 0.470313 0.389583 0.506250 0.389583 0.506250 0.441667 0.470313 0.441667
4 0.481250 0.443750 0.539062 0.443750 0.539062 0.508333 0.481250 0.508333
5 0.703125 0.435417 0.831250 0.435417 0.831250 0.583333 0.703125 0.583333
4 0.614062 0.491667 0.684375 0.491667 0.684375 0.577083 0.614062 0.577083
4 0.276562 0.510417 0.348438 0.510417 0.348438 0.600000 0.276562 0.600000
4 0.504688 0.512500 0.568750 0.512500 0.568750 0.600000 0.504688 0.600000
4 0.545313 0.720833 0.664062 0.720833 0.664062 0.908333 0.545313 0.908333