4 0.357812 0.302083 0.381250 0.302083 0.381250 0.339583 0.357812 0.339583
4 0.546875 0.325000 0.581250 0.325000 0.581250 0.364583 0.546875 0.364583
4 0.509375 0.337500 0.539062 0.337500 0.539062 0.377083 0.509375 0.377083
4 0.565625 0.350000 0.595313 0.350000 0.595313 0.377083 0.565625 0.377083
4 0.315625 0.341667 0.350000 0.341667 0.350000 0.387500 0.315625 0.387500
4 0.589063 0.343750 0.621875 0.343750 0.621875 0.391667 0.589063 0.391667
4 0.362500 0.358333 0.395313 0.358333 0.395313 0.397917 0.362500 0.397917
4 0.528125 0.362500 0.557813 0.362500 0.557813 0.410417 0.528125 0.410417
4 0.467188 0.368750 0.504688 0.368750 0.504688 0.412500 0.467188 0.412500
1 0.623437 0.322917 0.732812 0.322917 0.732812 0.502083 0.623437 0.502083
4 0.479687 0.397917 0.525000 0.397917 0.525000 0.458333 0.479687 0.458333
1 0.546875 0.375000 0.621875 0.375000 0.621875 0.489583 0.546875 0.489583
4 0.290625 0.408333 0.339062 0.408333 0.339062 0.464583 0.290625 0.464583
4 0.487500 0.468750 0.546875 0.468750 0.546875 0.552083 0.487500 0.552083
4 0.759375 0.543750 0.851562 0.543750 0.851562 0.645833 0.759375 0.645833
4 0.514063 0.568750 0.593750 0.568750 0.593750 0.693750 0.514063 0.693750
4 0.659375 0.575000 0.748437 0.575000 0.748437 0.691667 0.659375 0.691667