4 0.526563 0.372917 0.562500 0.372917 0.562500 0.422917 0.526563 0.422917
4 0.342188 0.381250 0.379688 0.381250 0.379688 0.425000 0.342188 0.425000
5 0.106250 0.347917 0.220312 0.347917 0.220312 0.493750 0.106250 0.493750
4 0.468750 0.391667 0.509375 0.391667 0.509375 0.450000 0.468750 0.450000
9 0.560937 0.377083 0.623437 0.377083 0.623437 0.481250 0.560937 0.481250
4 0.662500 0.443750 0.726562 0.443750 0.726562 0.525000 0.662500 0.525000
4 0.304688 0.464583 0.362500 0.464583 0.362500 0.547917 0.304688 0.547917
4 0.506250 0.466667 0.562500 0.466667 0.562500 0.550000 0.506250 0.550000
4 0.532813 0.614583 0.626563 0.614583 0.626563 0.745833 0.532813 0.745833
4 0.850000 0.620833 0.967187 0.620833 0.967187 0.758333 0.850000 0.758333
4 0.692188 0.622917 0.806250 0.622917 0.806250 0.775000 0.692188 0.775000