5 0.240625 0.320833 0.301563 0.320833 0.301563 0.402083 0.240625 0.402083
4 0.323437 0.341667 0.350000 0.341667 0.350000 0.381250 0.323437 0.381250
4 0.471875 0.381250 0.514062 0.381250 0.514062 0.422917 0.471875 0.422917
7 0.537500 0.360417 0.590625 0.360417 0.590625 0.452083 0.537500 0.452083
4 0.340625 0.381250 0.389063 0.381250 0.389063 0.435417 0.340625 0.435417
4 0.626563 0.397917 0.670312 0.397917 0.670312 0.445833 0.626563 0.445833
4 0.471875 0.402083 0.506250 0.402083 0.506250 0.450000 0.471875 0.450000
4 0.668750 0.425000 0.721875 0.425000 0.721875 0.483333 0.668750 0.483333
4 0.482812 0.427083 0.529687 0.427083 0.529687 0.489583 0.482812 0.489583
4 0.571875 0.429167 0.621875 0.429167 0.621875 0.493750 0.571875 0.493750
4 0.495312 0.477083 0.548438 0.477083 0.548438 0.550000 0.495312 0.550000
5 0.737500 0.452083 0.934375 0.452083 0.934375 0.675000 0.737500 0.675000
4 0.501563 0.566667 0.590625 0.566667 0.590625 0.687500 0.501563 0.687500
4 0.692187 0.627083 0.812500 0.627083 0.812500 0.785417 0.692187 0.785417
7 0.920313 0.679167 1.000000 0.679167 1.000000 0.866667 0.920313 0.866667
4 0.179688 0.704167 0.303125 0.704167 0.303125 0.860417 0.179688 0.860417
4 0.564063 0.747917 0.690625 0.747917 0.690625 0.935417 0.564063 0.935417