7 0.289062 0.322917 0.346875 0.322917 0.346875 0.408333 0.289062 0.408333
4 0.367188 0.358333 0.403125 0.358333 0.403125 0.406250 0.367188 0.406250
4 0.457813 0.360417 0.498438 0.360417 0.498438 0.408333 0.457813 0.408333
1 0.520313 0.329167 0.603125 0.329167 0.603125 0.456250 0.520313 0.456250
4 0.339062 0.391667 0.389063 0.391667 0.389063 0.447917 0.339062 0.447917
7 0.215625 0.381250 0.279687 0.381250 0.279687 0.479167 0.215625 0.479167
1 0.628125 0.358333 0.721875 0.358333 0.721875 0.504167 0.628125 0.504167
4 0.484375 0.439583 0.539062 0.439583 0.539062 0.529167 0.484375 0.529167
4 0.295312 0.489583 0.357812 0.489583 0.357812 0.562500 0.295312 0.562500
4 0.606250 0.470833 0.668750 0.470833 0.668750 0.581250 0.606250 0.581250
4 0.089063 0.562500 0.193750 0.562500 0.193750 0.666667 0.089063 0.666667
0 0.659375 0.483333 0.923437 0.483333 0.923437 0.841667 0.659375 0.841667
4 0.559375 0.610417 0.684375 0.610417 0.684375 0.781250 0.559375 0.781250
4 0.920313 0.675000 1.000000 0.675000 1.000000 0.827083 0.920313 0.827083