1 0.539062 0.354167 0.582812 0.354167 0.582812 0.418750 0.539062 0.418750
4 0.475000 0.375000 0.506250 0.375000 0.506250 0.414583 0.475000 0.414583
1 0.318750 0.375000 0.382812 0.375000 0.382812 0.472917 0.318750 0.472917
7 0.528125 0.406250 0.570312 0.406250 0.570312 0.466667 0.528125 0.466667
4 0.379687 0.429167 0.414062 0.429167 0.414062 0.472917 0.379687 0.472917
4 0.484375 0.439583 0.537500 0.439583 0.537500 0.502083 0.484375 0.502083
1 0.217187 0.416667 0.350000 0.416667 0.350000 0.579167 0.217187 0.579167
7 0.564063 0.447917 0.631250 0.447917 0.631250 0.562500 0.564063 0.562500
1 0.640625 0.433333 0.750000 0.433333 0.750000 0.579167 0.640625 0.579167
4 0.342187 0.481250 0.414062 0.481250 0.414062 0.564583 0.342187 0.564583
7 0.096875 0.500000 0.220313 0.500000 0.220313 0.620833 0.096875 0.620833
4 0.320312 0.529167 0.385938 0.529167 0.385938 0.629167 0.320312 0.629167
4 0.529688 0.543750 0.617188 0.543750 0.617188 0.683333 0.529688 0.683333
7 0.642188 0.487500 0.793750 0.487500 0.793750 0.750000 0.642188 0.750000
7 0.082813 0.541667 0.250000 0.541667 0.250000 0.760417 0.082813 0.760417
4 0.251562 0.712500 0.356250 0.712500 0.356250 0.845833 0.251562 0.845833
4 0.168750 0.910417 0.362500 0.910417 0.362500 1.000000 0.168750 1.000000