1 0.248437 0.333333 0.328125 0.333333 0.328125 0.456250 0.248437 0.456250
10 0.612500 0.366667 0.664062 0.366667 0.664062 0.450000 0.612500 0.450000
4 0.545312 0.383333 0.587500 0.383333 0.587500 0.439583 0.545312 0.439583
4 0.696875 0.412500 0.750000 0.412500 0.750000 0.477083 0.696875 0.477083
9 0.065625 0.372917 0.196875 0.372917 0.196875 0.541667 0.065625 0.541667
4 0.470313 0.422917 0.523438 0.422917 0.523438 0.500000 0.470313 0.500000
4 0.646875 0.429167 0.710938 0.429167 0.710938 0.512500 0.646875 0.512500
4 0.564063 0.435417 0.621875 0.435417 0.621875 0.510417 0.564063 0.510417
9 0.734375 0.458333 0.860937 0.458333 0.860937 0.639583 0.734375 0.639583
4 0.512500 0.525000 0.595313 0.525000 0.595313 0.637500 0.512500 0.637500
9 0.664062 0.516667 0.796875 0.516667 0.796875 0.758333 0.664062 0.758333