8 0.487500 0.289583 0.529687 0.289583 0.529687 0.354167 0.487500 0.354167
4 0.364062 0.322917 0.398438 0.322917 0.398438 0.362500 0.364062 0.362500
2 0.306250 0.314583 0.359375 0.314583 0.359375 0.393750 0.306250 0.393750
10 0.243750 0.331250 0.284375 0.331250 0.284375 0.402083 0.243750 0.402083
10 0.526562 0.327083 0.579688 0.327083 0.579688 0.429167 0.526562 0.429167
10 0.356250 0.358333 0.396875 0.358333 0.396875 0.412500 0.356250 0.412500
4 0.467187 0.364583 0.500000 0.364583 0.500000 0.410417 0.467187 0.410417
10 0.603125 0.364583 0.664062 0.364583 0.664062 0.464583 0.603125 0.464583
4 0.226562 0.431250 0.287500 0.431250 0.287500 0.500000 0.226562 0.500000
4 0.317188 0.445833 0.371875 0.445833 0.371875 0.510417 0.317188 0.510417
4 0.103125 0.602083 0.209375 0.602083 0.209375 0.725000 0.103125 0.725000
4 0.582812 0.660417 0.695312 0.660417 0.695312 0.843750 0.582812 0.843750
4 0.767188 0.706250 0.920312 0.706250 0.920312 0.916667 0.767188 0.916667
4 0.150000 0.787500 0.296875 0.787500 0.296875 0.981250 0.150000 0.981250