4 0.370312 0.329167 0.401562 0.329167 0.401562 0.370833 0.370312 0.370833
1 0.590625 0.308333 0.662500 0.308333 0.662500 0.437500 0.590625 0.437500
4 0.342188 0.364583 0.379688 0.364583 0.379688 0.406250 0.342188 0.406250
7 0.529688 0.341667 0.578125 0.341667 0.578125 0.429167 0.529688 0.429167
7 0.217187 0.356250 0.265625 0.356250 0.265625 0.429167 0.217187 0.429167
4 0.468750 0.389583 0.510938 0.389583 0.510938 0.458333 0.468750 0.458333
4 0.554688 0.397917 0.585938 0.397917 0.585938 0.452083 0.554688 0.452083
7 0.626563 0.366667 0.700000 0.366667 0.700000 0.483333 0.626563 0.483333
4 0.226563 0.364583 0.331250 0.364583 0.331250 0.510417 0.226563 0.510417
4 0.571875 0.416667 0.617188 0.416667 0.617188 0.487500 0.571875 0.487500
4 0.478125 0.427083 0.523438 0.427083 0.523438 0.491667 0.478125 0.491667
4 0.485938 0.450000 0.543750 0.450000 0.543750 0.529167 0.485938 0.529167
7 0.593750 0.443750 0.654688 0.443750 0.654688 0.572917 0.593750 0.572917
7 0.718750 0.427083 0.821875 0.427083 0.821875 0.591667 0.718750 0.591667
4 0.317188 0.470833 0.373438 0.470833 0.373438 0.554167 0.317188 0.554167
4 0.501563 0.491667 0.560937 0.491667 0.560937 0.566667 0.501563 0.566667
7 0.612500 0.445833 0.720313 0.445833 0.720313 0.647917 0.612500 0.647917
4 0.526563 0.522917 0.593750 0.522917 0.593750 0.627083 0.526563 0.627083
4 0.201562 0.552083 0.289062 0.552083 0.289062 0.660417 0.201562 0.660417
7 0.493750 0.547917 0.571875 0.547917 0.571875 0.702083 0.493750 0.702083
7 0.714063 0.575000 0.796875 0.575000 0.796875 0.729167 0.714063 0.729167
1 0.745313 0.537500 0.965625 0.537500 0.965625 0.929167 0.745313 0.929167
4 0.521875 0.652083 0.632812 0.652083 0.632812 0.829167 0.521875 0.829167
4 0.546875 0.752083 0.679688 0.752083 0.679688 0.952083 0.546875 0.952083
4 0.562500 0.900000 0.717188 0.900000 0.717188 1.000000 0.562500 1.000000