7 0.339063 0.264583 0.367188 0.264583 0.367188 0.310417 0.339063 0.310417
4 0.395313 0.277083 0.418750 0.277083 0.418750 0.304167 0.395313 0.304167
4 0.364063 0.283333 0.389063 0.283333 0.389063 0.325000 0.364063 0.325000
1 0.551562 0.283333 0.609375 0.283333 0.609375 0.350000 0.551562 0.350000
4 0.382812 0.306250 0.407813 0.306250 0.407813 0.343750 0.382812 0.343750
5 0.501562 0.314583 0.554688 0.314583 0.554688 0.387500 0.501562 0.387500
4 0.464062 0.341667 0.498438 0.341667 0.498438 0.372917 0.464062 0.372917
4 0.464062 0.366667 0.498438 0.366667 0.498438 0.404167 0.464062 0.404167
4 0.470312 0.393750 0.510937 0.393750 0.510937 0.445833 0.470312 0.445833
1 0.540625 0.327083 0.659375 0.327083 0.659375 0.533333 0.540625 0.533333
4 0.643750 0.414583 0.692187 0.414583 0.692187 0.485417 0.643750 0.485417
4 0.298437 0.427083 0.364063 0.427083 0.364063 0.506250 0.298437 0.506250
0 0.678125 0.383333 0.829688 0.383333 0.829688 0.600000 0.678125 0.600000
7 0.056250 0.433333 0.157812 0.433333 0.157812 0.568750 0.056250 0.568750
4 0.487500 0.470833 0.557813 0.470833 0.557813 0.562500 0.487500 0.562500
4 0.132812 0.531250 0.234375 0.531250 0.234375 0.664583 0.132812 0.664583
4 0.517188 0.585417 0.631250 0.585417 0.631250 0.754167 0.517188 0.754167
5 0.840625 0.545833 1.000000 0.545833 1.000000 0.827083 0.840625 0.827083
4 0.589062 0.854167 0.764062 0.854167 0.764062 1.000000 0.589062 1.000000