1 0.212500 0.300000 0.284375 0.300000 0.284375 0.402083 0.212500 0.402083
7 0.284375 0.341667 0.328125 0.341667 0.328125 0.414583 0.284375 0.414583
4 0.464062 0.381250 0.503125 0.381250 0.503125 0.435417 0.464062 0.435417
5 0.131250 0.356250 0.228125 0.356250 0.228125 0.485417 0.131250 0.485417
9 0.565625 0.358333 0.653125 0.358333 0.653125 0.504167 0.565625 0.504167
9 0.235937 0.393750 0.310937 0.393750 0.310937 0.472917 0.235937 0.472917
8 0.704688 0.437500 0.803125 0.437500 0.803125 0.568750 0.704688 0.568750
4 0.306250 0.466667 0.370312 0.466667 0.370312 0.543750 0.306250 0.543750
4 0.206250 0.475000 0.270313 0.475000 0.270313 0.547917 0.206250 0.547917
4 0.495312 0.475000 0.556250 0.475000 0.556250 0.560417 0.495312 0.560417
4 0.109375 0.483333 0.182812 0.483333 0.182812 0.564583 0.109375 0.564583
9 0.642188 0.445833 0.740625 0.445833 0.740625 0.635417 0.642188 0.635417
9 0.000000 0.589583 0.151562 0.589583 0.151562 0.889583 0.000000 0.889583