4 0.367188 0.345833 0.398438 0.345833 0.398438 0.381250 0.367188 0.381250
4 0.460938 0.354167 0.495313 0.354167 0.495313 0.397917 0.460938 0.397917
10 0.239063 0.350000 0.284375 0.350000 0.284375 0.412500 0.239063 0.412500
4 0.300000 0.360417 0.334375 0.360417 0.334375 0.404167 0.300000 0.404167
4 0.531250 0.368750 0.567187 0.368750 0.567187 0.418750 0.531250 0.418750
10 0.598437 0.356250 0.645312 0.356250 0.645312 0.439583 0.598437 0.439583
10 0.189062 0.360417 0.239062 0.360417 0.239062 0.460417 0.189062 0.460417
4 0.353125 0.389583 0.392188 0.389583 0.392188 0.431250 0.353125 0.431250
4 0.473438 0.393750 0.512500 0.393750 0.512500 0.445833 0.473438 0.445833
4 0.564063 0.404167 0.612500 0.404167 0.612500 0.477083 0.564063 0.477083
10 0.265625 0.418750 0.307813 0.418750 0.307813 0.483333 0.265625 0.483333
4 0.331250 0.425000 0.379688 0.425000 0.379688 0.495833 0.331250 0.495833
4 0.662500 0.439583 0.721875 0.439583 0.721875 0.516667 0.662500 0.516667
10 0.192187 0.416667 0.275000 0.416667 0.275000 0.541667 0.192187 0.541667
4 0.489063 0.458333 0.553125 0.458333 0.553125 0.560417 0.489063 0.560417
10 0.618750 0.462500 0.693750 0.462500 0.693750 0.587500 0.618750 0.587500
10 0.017187 0.470833 0.134375 0.470833 0.134375 0.612500 0.017187 0.612500
4 0.512500 0.550000 0.590625 0.550000 0.590625 0.672917 0.512500 0.672917