4 0.459375 0.347917 0.487500 0.347917 0.487500 0.379167 0.459375 0.379167
2 0.514063 0.316667 0.570312 0.316667 0.570312 0.410417 0.514063 0.410417
8 0.612500 0.331250 0.712500 0.331250 0.712500 0.443750 0.612500 0.443750
4 0.462500 0.370833 0.500000 0.370833 0.500000 0.414583 0.462500 0.414583
4 0.465625 0.404167 0.515625 0.404167 0.515625 0.466667 0.465625 0.466667
2 0.543750 0.356250 0.626563 0.356250 0.626563 0.514583 0.543750 0.514583
4 0.487500 0.433333 0.531250 0.433333 0.531250 0.470833 0.487500 0.470833
4 0.698438 0.458333 0.734375 0.458333 0.734375 0.522917 0.698438 0.522917
8 0.598437 0.387500 0.721875 0.387500 0.721875 0.616667 0.598437 0.616667
4 0.482813 0.462500 0.546875 0.462500 0.546875 0.550000 0.482813 0.550000
4 0.728125 0.489583 0.793750 0.489583 0.793750 0.562500 0.728125 0.562500
4 0.503125 0.512500 0.600000 0.512500 0.600000 0.633333 0.503125 0.633333
4 0.762500 0.529167 0.832812 0.529167 0.832812 0.627083 0.762500 0.627083
4 0.123437 0.545833 0.210938 0.545833 0.210938 0.650000 0.123437 0.650000
4 0.812500 0.568750 0.912500 0.568750 0.912500 0.685417 0.812500 0.685417
4 0.654687 0.568750 0.751563 0.568750 0.751563 0.710417 0.654687 0.710417
4 0.235937 0.606250 0.317188 0.606250 0.317188 0.702083 0.235937 0.702083
4 0.510938 0.595833 0.617188 0.595833 0.617188 0.745833 0.510938 0.745833
4 0.545312 0.741667 0.684375 0.741667 0.684375 0.975000 0.545312 0.975000