4 0.382812 0.297917 0.414062 0.297917 0.414062 0.339583 0.382812 0.339583
4 0.367188 0.341667 0.396875 0.341667 0.396875 0.387500 0.367188 0.387500
7 0.535938 0.347917 0.579688 0.347917 0.579688 0.425000 0.535938 0.425000
4 0.470313 0.385417 0.507812 0.385417 0.507812 0.422917 0.470313 0.422917
4 0.475000 0.427083 0.515625 0.427083 0.515625 0.483333 0.475000 0.483333
1 0.562500 0.387500 0.692187 0.387500 0.692187 0.566667 0.562500 0.566667
4 0.496875 0.464583 0.550000 0.464583 0.550000 0.552083 0.496875 0.552083
4 0.721875 0.466667 0.803125 0.466667 0.803125 0.583333 0.721875 0.583333
4 0.537500 0.568750 0.634375 0.568750 0.634375 0.718750 0.537500 0.718750
4 0.193750 0.641667 0.328125 0.641667 0.328125 0.818750 0.193750 0.818750
7 0.007812 0.610417 0.117188 0.610417 0.117188 0.887500 0.007812 0.887500
4 0.581250 0.850000 0.750000 0.850000 0.750000 1.000000 0.581250 1.000000