7 0.370312 0.329167 0.409375 0.329167 0.409375 0.377083 0.370312 0.377083
7 0.289062 0.327083 0.343750 0.327083 0.343750 0.395833 0.289062 0.395833
4 0.282812 0.379167 0.323437 0.379167 0.323437 0.435417 0.282812 0.435417
1 0.173437 0.354167 0.271875 0.354167 0.271875 0.466667 0.173437 0.466667
4 0.351562 0.381250 0.395312 0.381250 0.395312 0.441667 0.351562 0.441667
1 0.698438 0.416667 0.825000 0.416667 0.825000 0.564583 0.698438 0.564583
1 0.100000 0.431250 0.275000 0.431250 0.275000 0.662500 0.100000 0.662500
7 0.610938 0.447917 0.725000 0.447917 0.725000 0.645833 0.610938 0.645833
4 0.470313 0.518750 0.551563 0.518750 0.551563 0.625000 0.470313 0.625000
1 0.864062 0.495833 1.000000 0.495833 1.000000 0.658333 0.864062 0.658333
4 0.267188 0.525000 0.373437 0.525000 0.373437 0.643750 0.267188 0.643750
4 0.515625 0.568750 0.600000 0.568750 0.600000 0.664583 0.515625 0.664583
7 0.707812 0.550000 0.754687 0.550000 0.754687 0.708333 0.707812 0.708333
4 0.493750 0.635417 0.620312 0.635417 0.620312 0.789583 0.493750 0.789583
1 0.745313 0.554167 0.976562 0.554167 0.976562 0.891667 0.745313 0.891667
1 0.826563 0.656250 1.000000 0.656250 1.000000 1.000000 0.826563 1.000000
4 0.628125 0.729167 0.826562 0.729167 0.826562 1.000000 0.628125 1.000000
4 0.529687 0.889583 0.689063 0.889583 0.689063 1.000000 0.529687 1.000000