4 0.453125 0.308333 0.479688 0.308333 0.479688 0.343750 0.453125 0.343750
4 0.381250 0.310417 0.412500 0.310417 0.412500 0.350000 0.381250 0.350000
10 0.340625 0.312500 0.373438 0.312500 0.373438 0.354167 0.340625 0.354167
10 0.548438 0.300000 0.581250 0.300000 0.581250 0.366667 0.548438 0.366667
11 0.500000 0.302083 0.548437 0.302083 0.548437 0.366667 0.500000 0.366667
8 0.295312 0.310417 0.345313 0.310417 0.345313 0.379167 0.295312 0.379167
4 0.462500 0.341667 0.492188 0.341667 0.492188 0.381250 0.462500 0.381250
4 0.323438 0.420833 0.375000 0.420833 0.375000 0.483333 0.323438 0.483333
8 0.648438 0.375000 0.770312 0.375000 0.770312 0.554167 0.648438 0.554167
4 0.268750 0.525000 0.346875 0.525000 0.346875 0.618750 0.268750 0.618750
4 0.109375 0.558333 0.207813 0.558333 0.207813 0.668750 0.109375 0.668750