4 0.340625 0.375000 0.381250 0.375000 0.381250 0.429167 0.340625 0.429167
9 0.601562 0.370833 0.654688 0.370833 0.654688 0.450000 0.601562 0.450000
4 0.534375 0.393750 0.570312 0.393750 0.570312 0.441667 0.534375 0.441667
5 0.095312 0.366667 0.215625 0.366667 0.215625 0.500000 0.095312 0.500000
4 0.481250 0.408333 0.528125 0.408333 0.528125 0.472917 0.481250 0.472917
9 0.557812 0.406250 0.618750 0.406250 0.618750 0.500000 0.557812 0.500000
4 0.234375 0.422917 0.287500 0.422917 0.287500 0.495833 0.234375 0.495833
4 0.489063 0.481250 0.556250 0.481250 0.556250 0.579167 0.489063 0.579167
5 0.000000 0.456250 0.201563 0.456250 0.201563 0.814583 0.000000 0.814583
4 0.689063 0.591667 0.801563 0.591667 0.801563 0.745833 0.689063 0.745833
4 0.228125 0.660417 0.334375 0.660417 0.334375 0.802083 0.228125 0.802083
4 0.548437 0.693750 0.671875 0.693750 0.671875 0.891667 0.548437 0.891667