8 0.526563 0.287500 0.573438 0.287500 0.573438 0.364583 0.526563 0.364583
0 0.301563 0.306250 0.357813 0.306250 0.357813 0.391667 0.301563 0.391667
4 0.459375 0.341667 0.490625 0.341667 0.490625 0.385417 0.459375 0.385417
4 0.345313 0.372917 0.392188 0.372917 0.392188 0.422917 0.345313 0.422917
8 0.178125 0.352083 0.254688 0.352083 0.254688 0.456250 0.178125 0.456250
10 0.564063 0.372917 0.628125 0.372917 0.628125 0.481250 0.564063 0.481250
4 0.503125 0.485417 0.579688 0.485417 0.579688 0.606250 0.503125 0.606250
8 0.000000 0.472917 0.095312 0.472917 0.095312 0.697917 0.000000 0.697917
10 0.095313 0.533333 0.210938 0.533333 0.210938 0.687500 0.095313 0.687500
4 0.171875 0.700000 0.304688 0.700000 0.304688 0.875000 0.171875 0.875000
4 0.593750 0.754167 0.750000 0.754167 0.750000 1.000000 0.593750 1.000000