7 0.384375 0.258333 0.400000 0.258333 0.400000 0.287500 0.384375 0.287500
7 0.400000 0.266667 0.417187 0.266667 0.417187 0.302083 0.400000 0.302083
7 0.335938 0.272917 0.354688 0.272917 0.354688 0.300000 0.335938 0.300000
7 0.368750 0.268750 0.385937 0.268750 0.385937 0.304167 0.368750 0.304167
7 0.340625 0.291667 0.364063 0.291667 0.364063 0.329167 0.340625 0.329167
4 0.453125 0.306250 0.471875 0.306250 0.471875 0.329167 0.453125 0.329167
7 0.373438 0.308333 0.403125 0.308333 0.403125 0.362500 0.373438 0.362500
4 0.460938 0.329167 0.485938 0.329167 0.485938 0.347917 0.460938 0.347917
4 0.462500 0.345833 0.490625 0.345833 0.490625 0.366667 0.462500 0.366667
4 0.318750 0.335417 0.350000 0.335417 0.350000 0.383333 0.318750 0.383333
4 0.201562 0.304167 0.291641 0.304167 0.291641 0.442188 0.201562 0.442188
4 0.464062 0.360417 0.485937 0.360417 0.485937 0.387500 0.464062 0.387500
1 0.587500 0.337500 0.626563 0.337500 0.626563 0.410417 0.587500 0.410417
1 0.528125 0.347917 0.573438 0.347917 0.573438 0.418750 0.528125 0.418750
4 0.473438 0.379167 0.498438 0.379167 0.498438 0.404167 0.473438 0.404167
4 0.481250 0.397917 0.504687 0.397917 0.504687 0.420833 0.481250 0.420833
7 0.631250 0.366667 0.682812 0.366667 0.682812 0.458333 0.631250 0.458333
4 0.556250 0.395833 0.582813 0.395833 0.582813 0.443750 0.556250 0.443750
4 0.506250 0.420833 0.507812 0.420833 0.507812 0.422917 0.506250 0.422917
4 0.479687 0.416667 0.520312 0.416667 0.520312 0.452083 0.479687 0.452083
4 0.571875 0.416667 0.604687 0.416667 0.604687 0.481250 0.571875 0.481250
7 0.684375 0.395833 0.765625 0.395833 0.765625 0.535417 0.684375 0.535417
4 0.485938 0.443750 0.528125 0.443750 0.528125 0.489583 0.485938 0.489583
4 0.495313 0.468750 0.546875 0.468750 0.546875 0.510417 0.495313 0.510417
7 0.589062 0.443750 0.631250 0.443750 0.631250 0.556250 0.589062 0.556250
4 0.075000 0.487500 0.151562 0.487500 0.151562 0.575000 0.075000 0.575000
7 0.621875 0.470833 0.710938 0.470833 0.710938 0.635417 0.621875 0.635417
4 0.485938 0.500000 0.556250 0.500000 0.556250 0.616667 0.485938 0.616667
7 0.715625 0.566667 0.759375 0.566667 0.759375 0.708333 0.715625 0.708333
4 0.221875 0.610417 0.312500 0.610417 0.312500 0.727083 0.221875 0.727083
4 0.517188 0.618750 0.607812 0.618750 0.607812 0.737500 0.517188 0.737500
1 0.748437 0.543750 0.909375 0.543750 0.909375 0.860417 0.748437 0.860417
4 0.540625 0.745833 0.664062 0.745833 0.664062 0.895833 0.540625 0.895833
4 0.582812 0.904167 0.715625 0.904167 0.715625 1.000000 0.582812 1.000000