4 0.356250 0.354167 0.387500 0.354167 0.387500 0.397917 0.356250 0.397917
9 0.526563 0.339583 0.573438 0.339583 0.573438 0.422917 0.526563 0.422917
4 0.467188 0.366667 0.503125 0.366667 0.503125 0.416667 0.467188 0.416667
8 0.621875 0.347917 0.706250 0.347917 0.706250 0.475000 0.621875 0.475000
4 0.698438 0.395833 0.731250 0.395833 0.731250 0.454167 0.698438 0.454167
4 0.487500 0.410417 0.531250 0.410417 0.531250 0.475000 0.487500 0.475000
2 0.567188 0.370833 0.662500 0.370833 0.662500 0.520833 0.567188 0.520833
4 0.740625 0.445833 0.807812 0.445833 0.807812 0.510417 0.740625 0.510417
8 0.748437 0.464583 0.942188 0.464583 0.942188 0.654167 0.748437 0.654167
4 0.509375 0.516667 0.582813 0.516667 0.582813 0.610417 0.509375 0.610417
10 0.656250 0.520833 0.759375 0.520833 0.759375 0.704167 0.656250 0.704167
4 0.243750 0.560417 0.331250 0.560417 0.331250 0.697917 0.243750 0.697917
4 0.539062 0.675000 0.645312 0.675000 0.645312 0.831250 0.539062 0.831250