0 0.442188 0.304167 0.485937 0.304167 0.485937 0.368750 0.442188 0.368750
0 0.500000 0.295833 0.551562 0.295833 0.551562 0.377083 0.500000 0.377083
4 0.456250 0.343750 0.482813 0.343750 0.482813 0.375000 0.456250 0.375000
9 0.589063 0.333333 0.651563 0.333333 0.651563 0.433333 0.589063 0.433333
0 0.531250 0.335417 0.598437 0.335417 0.598437 0.443750 0.531250 0.443750
4 0.464062 0.372917 0.496875 0.372917 0.496875 0.416667 0.464062 0.416667
4 0.265625 0.397917 0.312500 0.397917 0.312500 0.462500 0.265625 0.462500
4 0.629687 0.406250 0.675000 0.406250 0.675000 0.466667 0.629687 0.466667
4 0.476562 0.406250 0.518750 0.406250 0.518750 0.470833 0.476562 0.470833
8 0.682812 0.383333 0.842187 0.383333 0.842187 0.581250 0.682812 0.581250
4 0.493750 0.447917 0.535938 0.447917 0.535938 0.518750 0.493750 0.518750
4 0.295313 0.472917 0.362500 0.472917 0.362500 0.547917 0.295313 0.547917
4 0.585938 0.468750 0.654688 0.468750 0.654688 0.558333 0.585938 0.558333
4 0.487500 0.493750 0.562500 0.493750 0.562500 0.600000 0.487500 0.600000
7 0.109375 0.491667 0.214062 0.491667 0.214062 0.614583 0.109375 0.614583
4 0.876562 0.550000 0.984375 0.550000 0.984375 0.656250 0.876562 0.656250
4 0.654687 0.583333 0.754688 0.583333 0.754688 0.714583 0.654687 0.714583
4 0.504688 0.585417 0.610938 0.585417 0.610938 0.725000 0.504688 0.725000