1 0.321875 0.291667 0.362500 0.291667 0.362500 0.337500 0.321875 0.337500
4 0.382812 0.306250 0.409375 0.306250 0.409375 0.343750 0.382812 0.343750
1 0.257812 0.310417 0.309375 0.310417 0.309375 0.370833 0.257812 0.370833
1 0.304688 0.320833 0.353125 0.320833 0.353125 0.395833 0.304688 0.395833
4 0.364062 0.337500 0.398438 0.337500 0.398438 0.389583 0.364062 0.389583
7 0.584375 0.333333 0.628125 0.333333 0.628125 0.412500 0.584375 0.412500
7 0.617188 0.352083 0.681250 0.352083 0.681250 0.447917 0.617188 0.447917
4 0.331250 0.385417 0.389063 0.385417 0.389063 0.460417 0.331250 0.460417
7 0.223438 0.379167 0.295313 0.379167 0.295313 0.472917 0.223438 0.472917
4 0.570312 0.416667 0.612500 0.416667 0.612500 0.464583 0.570312 0.464583
4 0.712500 0.414583 0.782813 0.414583 0.782813 0.485417 0.712500 0.485417
7 0.160938 0.422917 0.242188 0.422917 0.242188 0.541667 0.160938 0.541667
7 0.675000 0.447917 0.750000 0.447917 0.750000 0.533333 0.675000 0.533333
4 0.478125 0.460417 0.540625 0.460417 0.540625 0.535417 0.478125 0.535417
7 0.575000 0.431250 0.660937 0.431250 0.660937 0.575000 0.575000 0.575000
1 0.746875 0.470833 0.901563 0.470833 0.901563 0.606250 0.746875 0.606250
7 0.614063 0.437500 0.732812 0.437500 0.732812 0.664583 0.614063 0.664583
4 0.484375 0.525000 0.560938 0.525000 0.560938 0.620833 0.484375 0.620833
4 0.504688 0.547917 0.587500 0.547917 0.587500 0.666667 0.504688 0.666667
7 0.701562 0.560417 0.779687 0.560417 0.779687 0.687500 0.701562 0.687500
4 0.210938 0.600000 0.326562 0.600000 0.326562 0.777083 0.210938 0.777083
1 0.750000 0.529167 0.964063 0.529167 0.964063 0.879167 0.750000 0.879167
4 0.523438 0.687500 0.651563 0.687500 0.651563 0.887500 0.523438 0.887500
1 0.867188 0.700000 1.000000 0.700000 1.000000 1.000000 0.867188 1.000000
4 0.659375 0.831250 0.845313 0.831250 0.845313 1.000000 0.659375 1.000000