5 0.306250 0.339583 0.350000 0.339583 0.350000 0.389583 0.306250 0.389583
9 0.206250 0.331250 0.275000 0.331250 0.275000 0.408333 0.206250 0.408333
8 0.592187 0.320833 0.654687 0.320833 0.654687 0.433333 0.592187 0.433333
11 0.517188 0.329167 0.603125 0.329167 0.603125 0.443750 0.517188 0.443750
4 0.356250 0.370833 0.393750 0.370833 0.393750 0.420833 0.356250 0.420833
4 0.473438 0.377083 0.509375 0.377083 0.509375 0.425000 0.473438 0.425000
4 0.289062 0.377083 0.328125 0.377083 0.328125 0.427083 0.289062 0.427083
9 0.209375 0.406250 0.284375 0.406250 0.284375 0.531250 0.209375 0.531250
4 0.484375 0.468750 0.543750 0.468750 0.543750 0.552083 0.484375 0.552083
8 0.621875 0.408333 0.768750 0.408333 0.768750 0.672917 0.621875 0.672917
4 0.282812 0.527083 0.354687 0.527083 0.354687 0.616667 0.282812 0.616667
1 0.000000 0.429167 0.107813 0.429167 0.107813 0.737500 0.000000 0.737500
4 0.081250 0.610417 0.190625 0.610417 0.190625 0.725000 0.081250 0.725000
4 0.184375 0.693750 0.307812 0.693750 0.307812 0.864583 0.184375 0.864583
4 0.573437 0.793750 0.717187 0.793750 0.717187 1.000000 0.573437 1.000000