5 0.354687 0.366667 0.392187 0.366667 0.392187 0.418750 0.354687 0.418750
5 0.287500 0.370833 0.325000 0.370833 0.325000 0.416667 0.287500 0.416667
5 0.229688 0.379167 0.273438 0.379167 0.273438 0.433333 0.229688 0.433333
4 0.478125 0.397917 0.517188 0.397917 0.517188 0.447917 0.478125 0.447917
4 0.618750 0.402083 0.667187 0.402083 0.667187 0.456250 0.618750 0.456250
4 0.565625 0.418750 0.612500 0.418750 0.612500 0.477083 0.565625 0.477083
10 0.676563 0.408333 0.759375 0.408333 0.759375 0.537500 0.676563 0.537500
4 0.490625 0.443750 0.540625 0.443750 0.540625 0.520833 0.490625 0.520833
4 0.592188 0.452083 0.648438 0.452083 0.648438 0.531250 0.592188 0.531250
9 0.626563 0.485417 0.735938 0.485417 0.735938 0.660417 0.626563 0.660417
10 0.756250 0.533333 0.865625 0.533333 0.865625 0.658333 0.756250 0.658333
4 0.535938 0.591667 0.634375 0.591667 0.634375 0.752083 0.535938 0.752083
4 0.207813 0.643750 0.317188 0.643750 0.317188 0.806250 0.207813 0.806250