7 0.225000 0.364583 0.273438 0.364583 0.273438 0.425000 0.225000 0.425000
2 0.604688 0.339583 0.692187 0.339583 0.692187 0.462500 0.604688 0.462500
4 0.468750 0.387500 0.510938 0.387500 0.510938 0.439583 0.468750 0.439583
7 0.265625 0.395833 0.314063 0.395833 0.314063 0.456250 0.265625 0.456250
9 0.556250 0.387500 0.617188 0.387500 0.617188 0.497917 0.556250 0.497917
4 0.300000 0.427083 0.353125 0.427083 0.353125 0.483333 0.300000 0.483333
4 0.490625 0.427083 0.540625 0.427083 0.540625 0.502083 0.490625 0.502083
4 0.296875 0.479167 0.362500 0.479167 0.362500 0.554167 0.296875 0.554167
10 0.728125 0.472917 0.823437 0.472917 0.823437 0.610417 0.728125 0.610417
4 0.618750 0.502083 0.692188 0.502083 0.692188 0.602083 0.618750 0.602083
4 0.520312 0.604167 0.628125 0.604167 0.628125 0.758333 0.520312 0.758333
4 0.840625 0.616667 0.973437 0.616667 0.973437 0.789583 0.840625 0.789583
4 0.703125 0.697917 0.846875 0.697917 0.846875 0.872917 0.703125 0.872917