11 0.309375 0.293750 0.364063 0.293750 0.364063 0.379167 0.309375 0.379167
9 0.265625 0.302083 0.321875 0.302083 0.321875 0.372917 0.265625 0.372917
10 0.504688 0.306250 0.540625 0.306250 0.540625 0.379167 0.504688 0.379167
10 0.554688 0.322917 0.595312 0.322917 0.595312 0.393750 0.554688 0.393750
11 0.209375 0.325000 0.292187 0.325000 0.292187 0.410417 0.209375 0.410417
4 0.346875 0.372917 0.384375 0.372917 0.384375 0.416667 0.346875 0.416667
2 0.248438 0.343750 0.329688 0.343750 0.329688 0.462500 0.248438 0.462500
10 0.165625 0.370833 0.232813 0.370833 0.232813 0.460417 0.165625 0.460417
4 0.567188 0.429167 0.615625 0.429167 0.615625 0.493750 0.567188 0.493750
10 0.303125 0.454167 0.365625 0.454167 0.365625 0.537500 0.303125 0.537500
4 0.003125 0.645833 0.137500 0.645833 0.137500 0.797917 0.003125 0.797917
4 0.170312 0.768750 0.301563 0.768750 0.301563 0.933333 0.170312 0.933333