4 0.351562 0.364583 0.385938 0.364583 0.385938 0.406250 0.351562 0.406250
4 0.462500 0.362500 0.493750 0.362500 0.493750 0.408333 0.462500 0.408333
9 0.537500 0.350000 0.584375 0.350000 0.584375 0.431250 0.537500 0.431250
4 0.607812 0.393750 0.654687 0.393750 0.654687 0.452083 0.607812 0.452083
4 0.489063 0.412500 0.532813 0.412500 0.532813 0.470833 0.489063 0.470833
4 0.500000 0.477083 0.559375 0.477083 0.559375 0.560417 0.500000 0.560417
4 0.707812 0.487500 0.778125 0.487500 0.778125 0.564583 0.707812 0.564583
5 0.000000 0.404167 0.137500 0.404167 0.137500 0.654167 0.000000 0.654167
4 0.271875 0.506250 0.340625 0.506250 0.340625 0.589583 0.271875 0.589583
4 0.617188 0.504167 0.689062 0.504167 0.689062 0.591667 0.617188 0.591667
4 0.676563 0.585417 0.775000 0.585417 0.775000 0.731250 0.676563 0.731250
4 0.523438 0.591667 0.617188 0.591667 0.617188 0.745833 0.523438 0.745833
10 0.850000 0.541667 1.000000 0.541667 1.000000 0.806250 0.850000 0.806250