1 0.226562 0.310417 0.296875 0.310417 0.296875 0.406250 0.226562 0.406250
1 0.639063 0.341667 0.710938 0.341667 0.710938 0.489583 0.639063 0.489583
1 0.573438 0.341667 0.648438 0.341667 0.648438 0.495833 0.573438 0.495833
7 0.210938 0.370833 0.303125 0.370833 0.303125 0.504167 0.210938 0.504167
4 0.314062 0.397917 0.387500 0.397917 0.387500 0.510417 0.314062 0.510417
4 0.725000 0.427083 0.789062 0.427083 0.789062 0.510417 0.725000 0.510417
0 0.478125 0.391667 0.596875 0.391667 0.596875 0.585417 0.478125 0.585417
4 0.748437 0.502083 0.848438 0.502083 0.848438 0.662500 0.748437 0.662500
4 0.848437 0.527083 0.948438 0.527083 0.948438 0.643750 0.848437 0.643750
7 0.042188 0.535417 0.225000 0.535417 0.225000 0.779167 0.042188 0.779167
7 0.948438 0.625000 1.000000 0.625000 1.000000 0.883333 0.948438 0.883333
4 0.150000 0.802083 0.320312 0.802083 0.320312 1.000000 0.150000 1.000000