2 0.578125 0.327083 0.648438 0.327083 0.648438 0.431250 0.578125 0.431250
9 0.534375 0.339583 0.592187 0.339583 0.592187 0.450000 0.534375 0.450000
4 0.471875 0.379167 0.509375 0.379167 0.509375 0.425000 0.471875 0.425000
2 0.634375 0.360417 0.748437 0.360417 0.748437 0.533333 0.634375 0.533333
4 0.476563 0.418750 0.529688 0.418750 0.529688 0.493750 0.476563 0.493750
4 0.573437 0.435417 0.631250 0.435417 0.631250 0.508333 0.573437 0.508333
4 0.767188 0.464583 0.845313 0.464583 0.845313 0.545833 0.767188 0.545833
4 0.295312 0.462500 0.359375 0.462500 0.359375 0.552083 0.295312 0.552083
4 0.498437 0.477083 0.560937 0.477083 0.560937 0.566667 0.498437 0.566667
4 0.600000 0.475000 0.679688 0.475000 0.679688 0.577083 0.600000 0.577083
10 0.667188 0.502083 0.784375 0.502083 0.784375 0.716667 0.667188 0.716667
4 0.537500 0.547917 0.629688 0.547917 0.629688 0.693750 0.537500 0.693750
4 0.743750 0.727083 0.907813 0.727083 0.907813 0.937500 0.743750 0.937500