7 0.301563 0.287500 0.334375 0.287500 0.334375 0.350000 0.301563 0.350000
7 0.331250 0.304167 0.364063 0.304167 0.364063 0.352083 0.331250 0.352083
7 0.315625 0.320833 0.348438 0.320833 0.348438 0.370833 0.315625 0.370833
4 0.367188 0.354167 0.398438 0.354167 0.398438 0.391667 0.367188 0.391667
7 0.603125 0.345833 0.659375 0.345833 0.659375 0.441667 0.603125 0.441667
7 0.635938 0.364583 0.715625 0.364583 0.715625 0.468750 0.635938 0.468750
4 0.571875 0.418750 0.609375 0.418750 0.609375 0.454167 0.571875 0.454167
1 0.704688 0.450000 0.810937 0.450000 0.810937 0.552083 0.704688 0.552083
7 0.484375 0.450000 0.540625 0.450000 0.540625 0.556250 0.484375 0.556250
7 0.589063 0.445833 0.684375 0.445833 0.684375 0.570833 0.589063 0.570833
7 0.021875 0.458333 0.153125 0.458333 0.153125 0.620833 0.021875 0.620833
7 0.625000 0.452083 0.728125 0.452083 0.728125 0.670833 0.625000 0.670833
4 0.484375 0.537500 0.564062 0.537500 0.564062 0.647917 0.484375 0.647917
7 0.712500 0.564583 0.773438 0.564583 0.773438 0.710417 0.712500 0.710417
4 0.525000 0.600000 0.623437 0.600000 0.623437 0.737500 0.525000 0.737500
1 0.748437 0.537500 0.948437 0.537500 0.948437 0.877083 0.748437 0.877083
1 0.857813 0.668750 1.000000 0.668750 1.000000 1.000000 0.857813 1.000000
4 0.556250 0.820833 0.698437 0.820833 0.698437 1.000000 0.556250 1.000000