5 0.507812 0.331250 0.564062 0.331250 0.564062 0.402083 0.507812 0.402083
4 0.351562 0.352083 0.385938 0.352083 0.385938 0.387500 0.351562 0.387500
4 0.467187 0.350000 0.506250 0.350000 0.506250 0.400000 0.467187 0.400000
7 0.214062 0.347917 0.268750 0.347917 0.268750 0.414583 0.214062 0.414583
4 0.270313 0.402083 0.318750 0.402083 0.318750 0.460417 0.270313 0.460417
4 0.550000 0.404167 0.589063 0.404167 0.589063 0.464583 0.550000 0.464583
4 0.476562 0.420833 0.528125 0.420833 0.528125 0.487500 0.476562 0.487500
1 0.579688 0.366667 0.720313 0.366667 0.720313 0.633333 0.579688 0.633333
4 0.693750 0.464583 0.759375 0.464583 0.759375 0.550000 0.693750 0.550000
0 0.746875 0.452083 0.940625 0.452083 0.940625 0.704167 0.746875 0.704167
4 0.510937 0.550000 0.587500 0.550000 0.587500 0.656250 0.510937 0.656250
4 0.568750 0.762500 0.721875 0.762500 0.721875 0.987500 0.568750 0.987500