1 0.621875 0.362500 0.685937 0.362500 0.685937 0.470833 0.621875 0.470833
4 0.535937 0.389583 0.573438 0.389583 0.573438 0.466667 0.535937 0.466667
4 0.467187 0.397917 0.514062 0.397917 0.514062 0.460417 0.467187 0.460417
7 0.559375 0.397917 0.615625 0.397917 0.615625 0.510417 0.559375 0.510417
1 0.715625 0.387500 0.892188 0.387500 0.892188 0.581250 0.715625 0.581250
4 0.470313 0.450000 0.525000 0.450000 0.525000 0.547917 0.470313 0.547917
7 0.595312 0.435417 0.679688 0.435417 0.679688 0.575000 0.595312 0.575000
4 0.487500 0.489583 0.562500 0.489583 0.562500 0.618750 0.487500 0.618750
6 0.917188 0.529167 1.000000 0.529167 1.000000 0.679167 0.917188 0.679167
0 0.004687 0.435417 0.235938 0.435417 0.235938 0.789583 0.004687 0.789583
4 0.503125 0.550000 0.584375 0.550000 0.584375 0.735417 0.503125 0.735417
1 0.723437 0.514583 0.932813 0.514583 0.932813 0.797917 0.723437 0.797917
4 0.596875 0.585417 0.710938 0.585417 0.710938 0.754167 0.596875 0.754167
4 0.529687 0.770833 0.665625 0.770833 0.665625 0.995833 0.529687 0.995833
4 0.110937 0.827083 0.264062 0.827083 0.264062 1.000000 0.110937 1.000000