7 0.307812 0.300000 0.348438 0.300000 0.348438 0.364583 0.307812 0.364583
4 0.371875 0.331250 0.406250 0.331250 0.406250 0.375000 0.371875 0.375000
1 0.229688 0.318750 0.289062 0.318750 0.289062 0.416667 0.229688 0.416667
1 0.251563 0.356250 0.328125 0.356250 0.328125 0.454167 0.251563 0.454167
4 0.346875 0.385417 0.389063 0.385417 0.389063 0.439583 0.346875 0.439583
1 0.732812 0.439583 0.868750 0.439583 0.868750 0.550000 0.732812 0.550000
7 0.579688 0.445833 0.659375 0.445833 0.659375 0.568750 0.579688 0.568750
7 0.617188 0.456250 0.731250 0.456250 0.731250 0.658333 0.617188 0.658333
4 0.487500 0.518750 0.556250 0.518750 0.556250 0.616667 0.487500 0.616667
7 0.073438 0.464583 0.200000 0.464583 0.200000 0.677083 0.073438 0.677083
4 0.265625 0.529167 0.346875 0.529167 0.346875 0.639583 0.265625 0.639583
1 0.926562 0.520833 1.000000 0.520833 1.000000 0.677083 0.926562 0.677083
4 0.512500 0.568750 0.601562 0.568750 0.601562 0.697917 0.512500 0.697917
7 0.710938 0.552083 0.776563 0.552083 0.776563 0.722917 0.710938 0.722917
1 0.750000 0.537500 0.932813 0.537500 0.932813 0.875000 0.750000 0.875000
4 0.507812 0.652083 0.623438 0.652083 0.623438 0.814583 0.507812 0.814583
7 0.000000 0.627083 0.076563 0.627083 0.076563 0.872917 0.000000 0.872917
1 0.854688 0.683333 1.000000 0.683333 1.000000 1.000000 0.854688 1.000000
4 0.654687 0.777083 0.818750 0.777083 0.818750 0.995833 0.654687 0.995833