8 0.568750 0.304167 0.617188 0.304167 0.617188 0.381250 0.568750 0.381250
11 0.510938 0.310417 0.570312 0.310417 0.570312 0.406250 0.510938 0.406250
9 0.160938 0.341667 0.245312 0.341667 0.245312 0.456250 0.160938 0.456250
5 0.267188 0.366667 0.334375 0.366667 0.334375 0.437500 0.267188 0.437500
4 0.471875 0.400000 0.510938 0.400000 0.510938 0.464583 0.471875 0.464583
4 0.331250 0.427083 0.378125 0.427083 0.378125 0.481250 0.331250 0.481250
4 0.242187 0.427083 0.301562 0.427083 0.301562 0.497917 0.242187 0.497917
8 0.575000 0.370833 0.682813 0.370833 0.682813 0.558333 0.575000 0.558333
4 0.151562 0.454167 0.215625 0.454167 0.215625 0.508333 0.151562 0.508333
8 0.729687 0.468750 0.876563 0.468750 0.876563 0.629167 0.729687 0.629167
4 0.510937 0.535417 0.584375 0.535417 0.584375 0.647917 0.510937 0.647917
9 0.678125 0.479167 0.815625 0.479167 0.815625 0.725000 0.678125 0.725000
9 0.089062 0.502083 0.218750 0.502083 0.218750 0.704167 0.089062 0.704167
4 0.146875 0.793750 0.303125 0.793750 0.303125 0.995833 0.146875 0.995833