9 0.512500 0.318750 0.554688 0.318750 0.554688 0.393750 0.512500 0.393750
11 0.568750 0.354167 0.643750 0.354167 0.643750 0.422917 0.568750 0.422917
4 0.642188 0.368750 0.685937 0.368750 0.685937 0.425000 0.642188 0.425000
3 0.467188 0.377083 0.518750 0.377083 0.518750 0.466667 0.467188 0.466667
4 0.675000 0.397917 0.731250 0.397917 0.731250 0.456250 0.675000 0.456250
9 0.559375 0.404167 0.631250 0.404167 0.631250 0.518750 0.559375 0.518750
4 0.487500 0.450000 0.543750 0.450000 0.543750 0.529167 0.487500 0.529167
9 0.668750 0.435417 0.754687 0.435417 0.754687 0.550000 0.668750 0.550000
10 0.759375 0.518750 0.860938 0.518750 0.860938 0.610417 0.759375 0.610417
4 0.621875 0.514583 0.701562 0.514583 0.701562 0.627083 0.621875 0.627083
4 0.504688 0.539583 0.592187 0.539583 0.592187 0.668750 0.504688 0.668750