4 0.379688 0.320833 0.407812 0.320833 0.407812 0.354167 0.379688 0.354167
10 0.317188 0.306250 0.356250 0.306250 0.356250 0.375000 0.317188 0.375000
4 0.467187 0.331250 0.493750 0.331250 0.493750 0.375000 0.467187 0.375000
4 0.362500 0.337500 0.398438 0.337500 0.398438 0.379167 0.362500 0.379167
9 0.176563 0.354167 0.254688 0.354167 0.254688 0.443750 0.176563 0.443750
11 0.246875 0.345833 0.332813 0.345833 0.332813 0.470833 0.246875 0.470833
4 0.551563 0.439583 0.603125 0.439583 0.603125 0.520833 0.551563 0.520833
11 0.026563 0.404167 0.192188 0.404167 0.192188 0.585417 0.026563 0.585417
4 0.492188 0.475000 0.554688 0.475000 0.554688 0.570833 0.492188 0.570833
4 0.295313 0.483333 0.362500 0.483333 0.362500 0.575000 0.295313 0.575000
4 0.701562 0.618750 0.825000 0.618750 0.825000 0.806250 0.701562 0.806250
2 0.000000 0.572917 0.159375 0.572917 0.159375 1.000000 0.000000 1.000000
4 0.125000 0.795833 0.285938 0.795833 0.285938 1.000000 0.125000 1.000000