8 0.320312 0.297917 0.362500 0.297917 0.362500 0.364583 0.320312 0.364583
9 0.303125 0.320833 0.342187 0.320833 0.342187 0.391667 0.303125 0.391667
4 0.368750 0.347917 0.400000 0.347917 0.400000 0.385417 0.368750 0.385417
4 0.340625 0.375000 0.382812 0.375000 0.382812 0.427083 0.340625 0.427083
4 0.467188 0.385417 0.510938 0.385417 0.510938 0.456250 0.467188 0.456250
9 0.095313 0.397917 0.206250 0.397917 0.206250 0.514583 0.095313 0.514583
11 0.168750 0.381250 0.298438 0.381250 0.298438 0.568750 0.168750 0.568750
4 0.603125 0.462500 0.668750 0.462500 0.668750 0.564583 0.603125 0.564583
11 0.000000 0.487500 0.081250 0.487500 0.081250 0.714583 0.000000 0.714583
7 0.732813 0.543750 0.937500 0.543750 0.937500 0.881250 0.732813 0.881250
4 0.167187 0.731250 0.306250 0.731250 0.306250 0.929167 0.167187 0.929167