4 0.362500 0.339583 0.400000 0.339583 0.400000 0.385417 0.362500 0.385417
4 0.454687 0.352083 0.495312 0.352083 0.495312 0.406250 0.454687 0.406250
1 0.521875 0.320833 0.595313 0.320833 0.595313 0.443750 0.521875 0.443750
1 0.264062 0.345833 0.328125 0.345833 0.328125 0.450000 0.264062 0.450000
4 0.351562 0.381250 0.390625 0.381250 0.390625 0.431250 0.351562 0.431250
1 0.609375 0.350000 0.695312 0.350000 0.695312 0.464583 0.609375 0.464583
4 0.465625 0.408333 0.521875 0.408333 0.521875 0.485417 0.465625 0.485417
7 0.171875 0.420833 0.248437 0.420833 0.248437 0.522917 0.171875 0.522917
4 0.587500 0.441667 0.645313 0.441667 0.645313 0.529167 0.587500 0.529167
7 0.725000 0.429167 0.784375 0.429167 0.784375 0.570833 0.725000 0.570833
4 0.303125 0.466667 0.364063 0.466667 0.364063 0.535417 0.303125 0.535417
0 0.610938 0.425000 0.784375 0.425000 0.784375 0.675000 0.610938 0.675000
4 0.531250 0.527083 0.617188 0.527083 0.617188 0.647917 0.531250 0.647917
4 0.825000 0.602083 0.925000 0.602083 0.925000 0.716667 0.825000 0.716667
4 0.193750 0.681250 0.307812 0.681250 0.307812 0.814583 0.193750 0.814583
4 0.560937 0.710417 0.704688 0.710417 0.704688 0.933333 0.560937 0.933333