4 0.385938 0.300000 0.414062 0.300000 0.414062 0.337500 0.385938 0.337500
4 0.345313 0.310417 0.376563 0.310417 0.376563 0.339583 0.345313 0.339583
7 0.270313 0.287500 0.326563 0.287500 0.326563 0.375000 0.270313 0.375000
4 0.362500 0.327083 0.403125 0.327083 0.403125 0.377083 0.362500 0.377083
1 0.507812 0.316667 0.570312 0.316667 0.570312 0.410417 0.507812 0.410417
4 0.617188 0.379167 0.659375 0.379167 0.659375 0.439583 0.617188 0.439583
7 0.535937 0.364583 0.620313 0.364583 0.620313 0.489583 0.535937 0.489583
4 0.645312 0.400000 0.703125 0.400000 0.703125 0.481250 0.645312 0.481250
4 0.326562 0.404167 0.381250 0.404167 0.381250 0.483333 0.326562 0.483333
4 0.481250 0.443750 0.550000 0.443750 0.550000 0.529167 0.481250 0.529167
4 0.726562 0.452083 0.800000 0.452083 0.800000 0.547917 0.726562 0.547917
4 0.584375 0.456250 0.654687 0.456250 0.654687 0.550000 0.584375 0.550000
4 0.498438 0.516667 0.578125 0.516667 0.578125 0.618750 0.498438 0.618750
1 0.776563 0.493750 1.000000 0.493750 1.000000 0.795833 0.776563 0.795833
4 0.509375 0.618750 0.623437 0.618750 0.623437 0.800000 0.509375 0.800000
4 0.759375 0.758333 0.937500 0.758333 0.937500 0.983333 0.759375 0.983333
4 0.015625 0.854167 0.278125 0.854167 0.278125 1.000000 0.015625 1.000000