1 0.315625 0.322917 0.353125 0.322917 0.353125 0.400000 0.315625 0.400000
7 0.262500 0.389583 0.325000 0.389583 0.325000 0.462500 0.262500 0.462500
4 0.476562 0.420833 0.523438 0.420833 0.523438 0.495833 0.476562 0.495833
4 0.323437 0.416667 0.376562 0.416667 0.376562 0.504167 0.323437 0.504167
4 0.493750 0.460417 0.560937 0.460417 0.560937 0.533333 0.493750 0.533333
4 0.714063 0.466667 0.753125 0.466667 0.753125 0.533333 0.714063 0.533333
1 0.603125 0.431250 0.725000 0.431250 0.725000 0.591667 0.603125 0.591667
7 0.775000 0.447917 0.964062 0.447917 0.964062 0.620833 0.775000 0.620833
4 0.496875 0.495833 0.575000 0.495833 0.575000 0.587500 0.496875 0.587500
1 0.040625 0.400000 0.257812 0.400000 0.257812 0.745833 0.040625 0.745833
4 0.520312 0.572917 0.601562 0.572917 0.601562 0.695833 0.520312 0.695833
1 0.754687 0.572917 1.000000 0.572917 1.000000 1.000000 0.754687 1.000000
4 0.543750 0.712500 0.684375 0.712500 0.684375 0.908333 0.543750 0.908333
4 0.173437 0.737500 0.317187 0.737500 0.317187 0.900000 0.173437 0.900000