5 0.370312 0.329167 0.396875 0.329167 0.396875 0.360417 0.370312 0.360417
1 0.521875 0.327083 0.587500 0.327083 0.587500 0.437500 0.521875 0.437500
7 0.589063 0.362500 0.628125 0.362500 0.628125 0.416667 0.589063 0.416667
7 0.614063 0.385417 0.670312 0.385417 0.670312 0.458333 0.614063 0.458333
4 0.476562 0.400000 0.517188 0.400000 0.517188 0.445833 0.476562 0.445833
7 0.135937 0.410417 0.207813 0.410417 0.207813 0.502083 0.135937 0.502083
4 0.321875 0.429167 0.370312 0.429167 0.370312 0.483333 0.321875 0.483333
4 0.575000 0.450000 0.629687 0.450000 0.629687 0.514583 0.575000 0.514583
4 0.665625 0.452083 0.726562 0.452083 0.726562 0.522917 0.665625 0.522917
4 0.507812 0.497917 0.571875 0.497917 0.571875 0.572917 0.507812 0.572917
7 0.742188 0.475000 0.843750 0.475000 0.843750 0.622917 0.742188 0.622917
4 0.526563 0.625000 0.625000 0.625000 0.625000 0.747917 0.526563 0.747917
4 0.687500 0.629167 0.807813 0.629167 0.807813 0.781250 0.687500 0.781250