4 0.542187 0.375000 0.584375 0.375000 0.584375 0.427083 0.542187 0.427083
10 0.604687 0.364583 0.654687 0.364583 0.654687 0.437500 0.604687 0.437500
1 0.229687 0.339583 0.314062 0.339583 0.314062 0.483333 0.229687 0.483333
4 0.673437 0.395833 0.718750 0.395833 0.718750 0.454167 0.673437 0.454167
4 0.468750 0.412500 0.517188 0.412500 0.517188 0.485417 0.468750 0.485417
4 0.637500 0.418750 0.695312 0.418750 0.695312 0.489583 0.637500 0.489583
4 0.554688 0.422917 0.609375 0.422917 0.609375 0.495833 0.554688 0.495833
9 0.000000 0.393750 0.159375 0.393750 0.159375 0.593750 0.000000 0.593750
9 0.714063 0.437500 0.828125 0.437500 0.828125 0.595833 0.714063 0.595833
4 0.507812 0.502083 0.582812 0.502083 0.582812 0.608333 0.507812 0.608333
9 0.640625 0.487500 0.762500 0.487500 0.762500 0.704167 0.640625 0.704167
9 0.750000 0.587500 0.975000 0.587500 0.975000 0.985417 0.750000 0.985417