10 0.517188 0.347917 0.550000 0.347917 0.550000 0.412500 0.517188 0.412500
8 0.589063 0.331250 0.653125 0.331250 0.653125 0.431250 0.589063 0.431250
4 0.468750 0.375000 0.507812 0.375000 0.507812 0.420833 0.468750 0.420833
9 0.534375 0.343750 0.595313 0.343750 0.595313 0.460417 0.534375 0.460417
6 0.270313 0.366667 0.323437 0.366667 0.323437 0.439583 0.270313 0.439583
4 0.470312 0.402083 0.518750 0.402083 0.518750 0.460417 0.470312 0.460417
9 0.567187 0.395833 0.637500 0.395833 0.637500 0.527083 0.567187 0.527083
4 0.495313 0.475000 0.554688 0.475000 0.554688 0.558333 0.495313 0.558333
11 0.656250 0.441667 0.812500 0.441667 0.812500 0.591667 0.656250 0.591667
4 0.289062 0.489583 0.354688 0.489583 0.354688 0.577083 0.289062 0.577083
4 0.579687 0.541667 0.671875 0.541667 0.671875 0.679167 0.579687 0.679167
3 0.542188 0.631250 0.679688 0.631250 0.679688 0.906250 0.542188 0.906250