1 0.282813 0.312500 0.343750 0.312500 0.343750 0.414583 0.282813 0.414583
9 0.159375 0.333333 0.250000 0.333333 0.250000 0.462500 0.159375 0.462500
10 0.632812 0.387500 0.692187 0.387500 0.692187 0.477083 0.632812 0.477083
4 0.560937 0.408333 0.610938 0.408333 0.610938 0.468750 0.560937 0.468750
4 0.478125 0.445833 0.539062 0.445833 0.539062 0.537500 0.478125 0.537500
4 0.682813 0.464583 0.753125 0.464583 0.753125 0.556250 0.682813 0.556250
4 0.775000 0.472917 0.850000 0.472917 0.850000 0.564583 0.775000 0.564583
4 0.584375 0.472917 0.656250 0.472917 0.656250 0.566667 0.584375 0.566667
10 0.000000 0.539583 0.090625 0.539583 0.090625 0.685417 0.000000 0.685417
9 0.803125 0.508333 0.959375 0.508333 0.959375 0.750000 0.803125 0.750000
4 0.539062 0.604167 0.648438 0.604167 0.648438 0.758333 0.539062 0.758333
7 0.050000 0.633333 0.179688 0.633333 0.179688 0.793750 0.050000 0.793750
9 0.739062 0.612500 0.942187 0.612500 0.942187 0.962500 0.739062 0.962500