9 0.595313 0.366667 0.643750 0.366667 0.643750 0.437500 0.595313 0.437500
4 0.331250 0.393750 0.373438 0.393750 0.373438 0.450000 0.331250 0.450000
4 0.481250 0.402083 0.521875 0.402083 0.521875 0.456250 0.481250 0.456250
9 0.551562 0.395833 0.609375 0.395833 0.609375 0.483333 0.551562 0.483333
5 0.064062 0.379167 0.200000 0.379167 0.200000 0.533333 0.064062 0.533333
4 0.207812 0.445833 0.267187 0.445833 0.267187 0.533333 0.207812 0.533333
4 0.484375 0.462500 0.546875 0.462500 0.546875 0.556250 0.484375 0.556250
4 0.662500 0.564583 0.764062 0.564583 0.764062 0.691667 0.662500 0.691667
5 0.000000 0.502083 0.173437 0.502083 0.173437 0.918750 0.000000 0.918750
4 0.532812 0.639583 0.640625 0.639583 0.640625 0.806250 0.532812 0.806250
4 0.151562 0.814583 0.306250 0.814583 0.306250 1.000000 0.151562 1.000000