0 0.279688 0.325000 0.346875 0.325000 0.346875 0.431250 0.279688 0.431250
4 0.335938 0.397917 0.381250 0.397917 0.381250 0.454167 0.335938 0.454167
4 0.475000 0.425000 0.550000 0.425000 0.550000 0.483333 0.475000 0.483333
1 0.578125 0.429167 0.671875 0.429167 0.671875 0.568750 0.578125 0.568750
1 0.753125 0.429167 0.978125 0.429167 0.978125 0.597917 0.753125 0.597917
4 0.482812 0.481250 0.534375 0.481250 0.534375 0.554167 0.482812 0.554167
1 0.614062 0.454167 0.714063 0.454167 0.714063 0.633333 0.614062 0.633333
4 0.281250 0.500000 0.354688 0.500000 0.354688 0.595833 0.281250 0.595833
4 0.500000 0.533333 0.565625 0.533333 0.565625 0.595833 0.500000 0.595833
7 0.700000 0.550000 0.801562 0.550000 0.801562 0.700000 0.700000 0.700000
4 0.504688 0.602083 0.600000 0.602083 0.600000 0.729167 0.504688 0.729167
1 0.753125 0.527083 0.946875 0.527083 0.946875 0.870833 0.753125 0.870833
1 0.000000 0.616667 0.148438 0.616667 0.148438 0.908333 0.000000 0.908333
4 0.635938 0.693750 0.750000 0.693750 0.750000 0.925000 0.635938 0.925000
1 0.835938 0.652083 1.000000 0.652083 1.000000 1.000000 0.835938 1.000000
7 0.120313 0.856250 0.301563 0.856250 0.301563 1.000000 0.120313 1.000000
4 0.526562 0.860417 0.646875 0.860417 0.646875 1.000000 0.526562 1.000000