0 0.442188 0.304167 0.485937 0.304167 0.485937 0.368750 0.442188 0.368750
0 0.500000 0.295833 0.551562 0.295833 0.551562 0.377083 0.500000 0.377083
4 0.456250 0.343750 0.482813 0.343750 0.482813 0.375000 0.456250 0.375000
0 0.531250 0.335417 0.598437 0.335417 0.598437 0.443750 0.531250 0.443750
7 0.596875 0.347917 0.653125 0.347917 0.653125 0.431250 0.596875 0.431250
4 0.464062 0.372917 0.496875 0.372917 0.496875 0.416667 0.464062 0.416667
4 0.290625 0.372917 0.328125 0.372917 0.328125 0.418750 0.290625 0.418750
4 0.629687 0.406250 0.675000 0.406250 0.675000 0.466667 0.629687 0.466667
4 0.476562 0.406250 0.518750 0.406250 0.518750 0.470833 0.476562 0.470833
4 0.321875 0.418750 0.375000 0.418750 0.375000 0.487500 0.321875 0.487500
7 0.182813 0.441667 0.264063 0.441667 0.264063 0.537500 0.182813 0.537500
4 0.495312 0.456250 0.537500 0.456250 0.537500 0.527083 0.495312 0.527083
8 0.690625 0.387500 0.850000 0.387500 0.850000 0.600000 0.690625 0.600000
4 0.598437 0.481250 0.667188 0.481250 0.667188 0.570833 0.598437 0.570833
4 0.495312 0.510417 0.568750 0.510417 0.568750 0.629167 0.495312 0.629167
7 0.000000 0.495833 0.112500 0.495833 0.112500 0.662500 0.000000 0.662500
4 0.528125 0.627083 0.634375 0.627083 0.634375 0.772917 0.528125 0.772917
4 0.687500 0.627083 0.801562 0.627083 0.801562 0.789583 0.687500 0.789583
4 0.112500 0.904167 0.260937 0.904167 0.260937 1.000000 0.112500 1.000000