9 0.525000 0.322917 0.562500 0.322917 0.562500 0.393750 0.525000 0.393750
4 0.465625 0.364583 0.500000 0.364583 0.500000 0.406250 0.465625 0.406250
9 0.273438 0.352083 0.326562 0.352083 0.326562 0.445833 0.273438 0.445833
4 0.345313 0.400000 0.389062 0.400000 0.389062 0.443750 0.345313 0.443750
8 0.643750 0.352083 0.721875 0.352083 0.721875 0.495833 0.643750 0.495833
4 0.473438 0.395833 0.512500 0.395833 0.512500 0.454167 0.473438 0.454167
11 0.543750 0.347917 0.662500 0.347917 0.662500 0.525000 0.543750 0.525000
1 0.059375 0.343750 0.221875 0.343750 0.221875 0.545833 0.059375 0.545833
4 0.487500 0.443750 0.537500 0.443750 0.537500 0.516667 0.487500 0.516667
4 0.221875 0.456250 0.279688 0.456250 0.279688 0.514583 0.221875 0.514583
4 0.309375 0.462500 0.362500 0.462500 0.362500 0.531250 0.309375 0.531250
7 0.060937 0.575000 0.168750 0.575000 0.168750 0.691667 0.060937 0.691667
4 0.531250 0.660417 0.640625 0.660417 0.640625 0.829167 0.531250 0.829167
4 0.000000 0.829167 0.071875 0.829167 0.071875 0.991667 0.000000 0.991667
6 0.078125 0.829167 0.296875 0.829167 0.296875 1.000000 0.078125 1.000000