4 0.367188 0.352083 0.401563 0.352083 0.401563 0.397917 0.367188 0.397917
5 0.257812 0.322917 0.329688 0.322917 0.329688 0.429167 0.257812 0.429167
7 0.215625 0.362500 0.260937 0.362500 0.260937 0.416667 0.215625 0.416667
4 0.589062 0.366667 0.631250 0.366667 0.631250 0.414583 0.589062 0.414583
4 0.471875 0.389583 0.512500 0.389583 0.512500 0.439583 0.471875 0.439583
9 0.162500 0.381250 0.225000 0.381250 0.225000 0.477083 0.162500 0.477083
4 0.557813 0.418750 0.604688 0.418750 0.604688 0.477083 0.557813 0.477083
8 0.634375 0.383333 0.737500 0.383333 0.737500 0.512500 0.634375 0.512500
4 0.484375 0.437500 0.535937 0.437500 0.535937 0.504167 0.484375 0.504167
9 0.079687 0.431250 0.173437 0.431250 0.173437 0.558333 0.079687 0.558333
4 0.607812 0.493750 0.673438 0.493750 0.673438 0.572917 0.607812 0.572917
4 0.306250 0.497917 0.370312 0.497917 0.370312 0.581250 0.306250 0.581250
4 0.670312 0.562500 0.770313 0.562500 0.770313 0.689583 0.670312 0.689583
9 0.000000 0.550000 0.173437 0.550000 0.173437 0.802083 0.000000 0.802083
4 0.554688 0.743750 0.685938 0.743750 0.685938 0.964583 0.554688 0.964583
4 0.117188 0.875000 0.282813 0.875000 0.282813 1.000000 0.117188 1.000000