10 0.496875 0.293750 0.529687 0.293750 0.529687 0.345833 0.496875 0.345833
4 0.451562 0.310417 0.476562 0.310417 0.476562 0.341667 0.451562 0.341667
4 0.379688 0.312500 0.403125 0.312500 0.403125 0.347917 0.379688 0.347917
4 0.350000 0.345833 0.384375 0.345833 0.384375 0.389583 0.350000 0.389583
4 0.465625 0.358333 0.504687 0.358333 0.504687 0.414583 0.465625 0.414583
7 0.184375 0.364583 0.245312 0.364583 0.245312 0.452083 0.184375 0.452083
8 0.228125 0.360417 0.314063 0.360417 0.314063 0.472917 0.228125 0.472917
4 0.546875 0.404167 0.607813 0.404167 0.607813 0.477083 0.546875 0.477083
4 0.512500 0.487500 0.579688 0.487500 0.579688 0.585417 0.512500 0.585417
4 0.212500 0.625000 0.314063 0.625000 0.314063 0.737500 0.212500 0.737500
4 0.700000 0.631250 0.826562 0.631250 0.826562 0.797917 0.700000 0.797917