8 0.568750 0.304167 0.615625 0.304167 0.615625 0.370833 0.568750 0.370833
1 0.228125 0.300000 0.300000 0.300000 0.300000 0.402083 0.228125 0.402083
11 0.510937 0.310417 0.568750 0.310417 0.568750 0.391667 0.510937 0.391667
7 0.296875 0.343750 0.340625 0.343750 0.340625 0.416667 0.296875 0.416667
9 0.140625 0.350000 0.232812 0.350000 0.232812 0.464583 0.140625 0.464583
5 0.262500 0.379167 0.325000 0.379167 0.325000 0.450000 0.262500 0.450000
4 0.468750 0.389583 0.507812 0.389583 0.507812 0.454167 0.468750 0.454167
8 0.571875 0.368750 0.664062 0.368750 0.664062 0.539583 0.571875 0.539583
4 0.223437 0.445833 0.282812 0.445833 0.282812 0.516667 0.223437 0.516667
4 0.320312 0.450000 0.375000 0.450000 0.375000 0.512500 0.320312 0.512500
4 0.140625 0.462500 0.204688 0.462500 0.204688 0.525000 0.140625 0.525000
8 0.710938 0.458333 0.835938 0.458333 0.835938 0.602083 0.710938 0.602083
4 0.500000 0.497917 0.567187 0.497917 0.567187 0.608333 0.500000 0.608333
9 0.656250 0.466667 0.776563 0.466667 0.776563 0.685417 0.656250 0.685417
9 0.020312 0.554167 0.192188 0.554167 0.192188 0.772917 0.020312 0.772917