2 0.503125 0.314583 0.565625 0.314583 0.565625 0.402083 0.503125 0.402083
4 0.459375 0.347917 0.487500 0.347917 0.487500 0.379167 0.459375 0.379167
8 0.610937 0.331250 0.710938 0.331250 0.710938 0.443750 0.610937 0.443750
4 0.462500 0.370833 0.500000 0.370833 0.500000 0.414583 0.462500 0.414583
4 0.323437 0.397917 0.368750 0.397917 0.368750 0.452083 0.323437 0.452083
4 0.264062 0.393750 0.306250 0.393750 0.306250 0.458333 0.264062 0.458333
4 0.465625 0.404167 0.515625 0.404167 0.515625 0.466667 0.465625 0.466667
2 0.543750 0.356250 0.626563 0.356250 0.626563 0.514583 0.543750 0.514583
4 0.487500 0.433333 0.531250 0.433333 0.531250 0.470833 0.487500 0.470833
4 0.698438 0.458333 0.734375 0.458333 0.734375 0.522917 0.698438 0.522917
8 0.593750 0.385417 0.717188 0.385417 0.717188 0.614583 0.593750 0.614583
4 0.482813 0.462500 0.546875 0.462500 0.546875 0.550000 0.482813 0.550000
4 0.728125 0.489583 0.793750 0.489583 0.793750 0.562500 0.728125 0.562500
4 0.760938 0.527083 0.828125 0.527083 0.828125 0.585417 0.760938 0.585417
4 0.503125 0.512500 0.600000 0.512500 0.600000 0.633333 0.503125 0.633333
4 0.270312 0.533333 0.351562 0.533333 0.351562 0.639583 0.270312 0.639583
4 0.085937 0.556250 0.178125 0.556250 0.178125 0.654167 0.085937 0.654167
4 0.650000 0.545833 0.737500 0.545833 0.737500 0.683333 0.650000 0.683333
4 0.510937 0.595833 0.607812 0.595833 0.607812 0.714583 0.510937 0.714583
4 0.885937 0.633333 0.985938 0.633333 0.985938 0.789583 0.885937 0.789583
4 0.521875 0.670833 0.639062 0.670833 0.639062 0.841667 0.521875 0.841667
11 0.726562 0.568750 0.985937 0.568750 0.985937 0.970833 0.726562 0.970833
4 0.562500 0.764583 0.701563 0.764583 0.701563 0.972917 0.562500 0.972917