0 0.334375 0.277083 0.381250 0.277083 0.381250 0.350000 0.334375 0.350000
4 0.373438 0.312500 0.410938 0.312500 0.410938 0.368750 0.373438 0.368750
4 0.364063 0.341667 0.404688 0.341667 0.404688 0.395833 0.364063 0.395833
1 0.248438 0.364583 0.323437 0.364583 0.323437 0.477083 0.248438 0.477083
7 0.345312 0.383333 0.395313 0.383333 0.395313 0.458333 0.345312 0.458333
4 0.554688 0.393750 0.598437 0.393750 0.598437 0.447917 0.554688 0.447917
1 0.618750 0.387500 0.679688 0.387500 0.679688 0.460417 0.618750 0.460417
1 0.101562 0.389583 0.215625 0.389583 0.215625 0.529167 0.101562 0.529167
1 0.685938 0.402083 0.789062 0.402083 0.789062 0.566667 0.685938 0.566667
4 0.476562 0.466667 0.546875 0.466667 0.546875 0.541667 0.476562 0.541667
4 0.214062 0.462500 0.276562 0.462500 0.276562 0.554167 0.214062 0.554167
1 0.592187 0.447917 0.659375 0.447917 0.659375 0.583333 0.592187 0.583333
4 0.301563 0.483333 0.373438 0.483333 0.373438 0.570833 0.301563 0.570833
1 0.623437 0.452083 0.725000 0.452083 0.725000 0.633333 0.623437 0.633333
4 0.482813 0.495833 0.551563 0.495833 0.551563 0.600000 0.482813 0.600000
1 0.818750 0.468750 1.000000 0.468750 1.000000 0.672917 0.818750 0.672917
4 0.509375 0.547917 0.590625 0.547917 0.590625 0.664583 0.509375 0.664583
7 0.709375 0.560417 0.795312 0.560417 0.795312 0.697917 0.709375 0.697917
4 0.507812 0.620833 0.609375 0.620833 0.609375 0.775000 0.507812 0.775000
1 0.748438 0.539583 1.000000 0.539583 1.000000 1.000000 0.748438 1.000000
4 0.650000 0.729167 0.796875 0.729167 0.796875 0.995833 0.650000 0.995833
4 0.537500 0.843750 0.651562 0.843750 0.651562 1.000000 0.537500 1.000000