4 0.390625 0.285417 0.412500 0.285417 0.412500 0.322917 0.390625 0.322917
4 0.315625 0.279167 0.351562 0.279167 0.351562 0.331250 0.315625 0.331250
4 0.348438 0.291667 0.378125 0.291667 0.378125 0.335417 0.348438 0.335417
4 0.500000 0.318750 0.518750 0.318750 0.518750 0.354167 0.500000 0.354167
4 0.457812 0.320833 0.484375 0.320833 0.484375 0.354167 0.457812 0.354167
4 0.512500 0.343750 0.514062 0.343750 0.514062 0.345833 0.512500 0.345833
7 0.525000 0.322917 0.542187 0.322917 0.542187 0.370833 0.525000 0.370833
4 0.475000 0.347917 0.484375 0.347917 0.484375 0.350000 0.475000 0.350000
7 0.242188 0.354167 0.260938 0.354167 0.260938 0.356250 0.242188 0.356250
4 0.367188 0.333333 0.414062 0.333333 0.414062 0.381250 0.367188 0.381250
4 0.315625 0.333333 0.354687 0.333333 0.354687 0.385417 0.315625 0.385417
7 0.290625 0.358333 0.343750 0.358333 0.343750 0.433333 0.290625 0.433333
1 0.201562 0.337500 0.270313 0.337500 0.270313 0.458333 0.201562 0.458333
1 0.612500 0.331250 0.675000 0.331250 0.675000 0.466667 0.612500 0.466667
4 0.351562 0.381250 0.398438 0.381250 0.398438 0.431250 0.351562 0.431250
7 0.253125 0.404167 0.262500 0.404167 0.262500 0.410417 0.253125 0.410417
1 0.553125 0.333333 0.621875 0.333333 0.621875 0.483333 0.553125 0.483333
4 0.678125 0.393750 0.720313 0.393750 0.720313 0.456250 0.678125 0.456250
1 0.703125 0.427083 0.712500 0.427083 0.712500 0.435417 0.703125 0.435417
1 0.695312 0.435417 0.709375 0.435417 0.709375 0.439583 0.695312 0.439583
7 0.245313 0.393750 0.303125 0.393750 0.303125 0.487500 0.245313 0.487500
0 0.464062 0.364583 0.560937 0.364583 0.560937 0.527083 0.464062 0.527083
4 0.765625 0.439583 0.821875 0.439583 0.821875 0.529167 0.765625 0.529167
4 0.687500 0.466667 0.776563 0.466667 0.776563 0.585417 0.687500 0.585417
4 0.278125 0.483333 0.357813 0.483333 0.357813 0.618750 0.278125 0.618750
7 0.140625 0.475000 0.240625 0.475000 0.240625 0.645833 0.140625 0.645833
4 0.056250 0.566667 0.062500 0.566667 0.062500 0.583333 0.056250 0.583333
4 0.017187 0.535417 0.117188 0.535417 0.117188 0.650000 0.017187 0.650000
4 0.978125 0.587500 1.000000 0.587500 1.000000 0.693750 0.978125 0.693750
4 0.856250 0.575000 0.996875 0.575000 0.996875 0.785417 0.856250 0.785417
7 0.875000 0.708333 0.878125 0.708333 0.878125 0.722917 0.875000 0.722917