4 0.565625 0.337500 0.604688 0.337500 0.604688 0.387500 0.565625 0.387500
4 0.520312 0.354167 0.550000 0.354167 0.550000 0.393750 0.520312 0.393750
4 0.587500 0.375000 0.621875 0.375000 0.621875 0.416667 0.587500 0.416667
7 0.620313 0.366667 0.664062 0.366667 0.664062 0.425000 0.620313 0.425000
4 0.468750 0.377083 0.503125 0.377083 0.503125 0.418750 0.468750 0.418750
4 0.548437 0.400000 0.585938 0.400000 0.585938 0.452083 0.548437 0.452083
4 0.478125 0.410417 0.515625 0.410417 0.515625 0.464583 0.478125 0.464583
1 0.660938 0.352083 0.806250 0.352083 0.806250 0.562500 0.660938 0.562500
4 0.490625 0.443750 0.551563 0.443750 0.551563 0.531250 0.490625 0.531250
5 0.064062 0.429167 0.171875 0.429167 0.171875 0.550000 0.064062 0.550000
1 0.571875 0.420833 0.687500 0.420833 0.687500 0.581250 0.571875 0.581250
4 0.518750 0.562500 0.595313 0.562500 0.595313 0.689583 0.518750 0.689583
4 0.859375 0.679167 1.000000 0.679167 1.000000 0.812500 0.859375 0.812500
4 0.550000 0.718750 0.682813 0.718750 0.682813 0.941667 0.550000 0.941667
4 0.809375 0.850000 0.982812 0.850000 0.982812 1.000000 0.809375 1.000000