2 0.568750 0.310417 0.614063 0.310417 0.614063 0.354167 0.568750 0.354167
2 0.517187 0.314583 0.570312 0.314583 0.570312 0.406250 0.517187 0.406250
8 0.612500 0.331250 0.712500 0.331250 0.712500 0.443750 0.612500 0.443750
4 0.462500 0.370833 0.500000 0.370833 0.500000 0.414583 0.462500 0.414583
4 0.465625 0.404167 0.515625 0.404167 0.515625 0.466667 0.465625 0.466667
2 0.543750 0.356250 0.626563 0.356250 0.626563 0.514583 0.543750 0.514583
4 0.323438 0.418750 0.375000 0.418750 0.375000 0.495833 0.323438 0.495833
4 0.479687 0.441667 0.540625 0.441667 0.540625 0.481250 0.479687 0.481250
4 0.206250 0.458333 0.267188 0.458333 0.267188 0.522917 0.206250 0.522917
4 0.700000 0.466667 0.735938 0.466667 0.735938 0.531250 0.700000 0.531250
8 0.606250 0.387500 0.729688 0.387500 0.729688 0.616667 0.606250 0.616667
4 0.489063 0.472917 0.550000 0.472917 0.550000 0.558333 0.489063 0.558333
4 0.728125 0.489583 0.793750 0.489583 0.793750 0.562500 0.728125 0.562500
4 0.500000 0.516667 0.564062 0.516667 0.564062 0.604167 0.500000 0.604167
4 0.762500 0.533333 0.850000 0.533333 0.850000 0.637500 0.762500 0.637500
4 0.523438 0.550000 0.617188 0.550000 0.617188 0.700000 0.523438 0.700000
4 0.879687 0.645833 1.000000 0.645833 1.000000 0.797917 0.879687 0.797917
4 0.742188 0.679167 0.875000 0.679167 0.875000 0.868750 0.742188 0.868750
4 0.539062 0.695833 0.668750 0.695833 0.668750 0.877083 0.539062 0.877083