7 0.351562 0.270833 0.371875 0.270833 0.371875 0.300000 0.351562 0.300000
1 0.309375 0.277083 0.345312 0.277083 0.345312 0.335417 0.309375 0.335417
7 0.390625 0.297917 0.407813 0.297917 0.407813 0.320833 0.390625 0.320833
7 0.331250 0.300000 0.367188 0.300000 0.367188 0.356250 0.331250 0.356250
7 0.270312 0.308333 0.312500 0.308333 0.312500 0.366667 0.270312 0.366667
4 0.381250 0.325000 0.406250 0.325000 0.406250 0.356250 0.381250 0.356250
4 0.365625 0.341667 0.395313 0.341667 0.395313 0.383333 0.365625 0.383333
4 0.464062 0.352083 0.498438 0.352083 0.498438 0.408333 0.464062 0.408333
7 0.529687 0.343750 0.576562 0.343750 0.576562 0.431250 0.529687 0.431250
4 0.342188 0.379167 0.379688 0.379167 0.379688 0.429167 0.342188 0.429167
4 0.554688 0.397917 0.587500 0.397917 0.587500 0.450000 0.554688 0.450000
4 0.468750 0.393750 0.504687 0.393750 0.504687 0.460417 0.468750 0.460417
1 0.651562 0.343750 0.767188 0.343750 0.767188 0.533333 0.651562 0.533333
4 0.573438 0.414583 0.617188 0.414583 0.617188 0.481250 0.573438 0.481250
4 0.482812 0.431250 0.521875 0.431250 0.521875 0.493750 0.482812 0.493750
4 0.487500 0.454167 0.546875 0.454167 0.546875 0.535417 0.487500 0.535417
7 0.589063 0.441667 0.656250 0.441667 0.656250 0.577083 0.589063 0.577083
4 0.498438 0.491667 0.562500 0.491667 0.562500 0.577083 0.498438 0.577083
1 0.093750 0.408333 0.257812 0.408333 0.257812 0.681250 0.093750 0.681250
7 0.614062 0.447917 0.721875 0.447917 0.721875 0.650000 0.614062 0.650000
7 0.742188 0.454167 0.865625 0.454167 0.865625 0.647917 0.742188 0.647917
4 0.523438 0.525000 0.593750 0.525000 0.593750 0.629167 0.523438 0.629167
7 0.495312 0.543750 0.576562 0.543750 0.576562 0.702083 0.495312 0.702083
4 0.254688 0.577083 0.350000 0.577083 0.350000 0.706250 0.254688 0.706250
7 0.715625 0.570833 0.814063 0.570833 0.814063 0.731250 0.715625 0.731250
1 0.748437 0.539583 0.978125 0.539583 0.978125 0.929167 0.748437 0.929167
4 0.523438 0.654167 0.623438 0.654167 0.623438 0.829167 0.523438 0.829167
4 0.545312 0.758333 0.681250 0.758333 0.681250 0.964583 0.545312 0.964583
4 0.567187 0.902083 0.718750 0.902083 0.718750 1.000000 0.567187 1.000000