4 0.381250 0.302083 0.410938 0.302083 0.410938 0.339583 0.381250 0.339583
0 0.445312 0.297917 0.489062 0.297917 0.489062 0.362500 0.445312 0.362500
0 0.490625 0.295833 0.542187 0.295833 0.542187 0.377083 0.490625 0.377083
4 0.367188 0.322917 0.401563 0.322917 0.401563 0.364583 0.367188 0.364583
4 0.326563 0.327083 0.362500 0.327083 0.362500 0.377083 0.326563 0.377083
4 0.456250 0.343750 0.482813 0.343750 0.482813 0.375000 0.456250 0.375000
4 0.231250 0.331250 0.295313 0.331250 0.295313 0.402083 0.231250 0.402083
1 0.568750 0.316667 0.631250 0.316667 0.631250 0.416667 0.568750 0.416667
4 0.462500 0.350000 0.496875 0.350000 0.496875 0.387500 0.462500 0.387500
0 0.515625 0.320833 0.582812 0.320833 0.582812 0.429167 0.515625 0.429167
4 0.464062 0.372917 0.496875 0.372917 0.496875 0.416667 0.464062 0.416667
4 0.471875 0.391667 0.504687 0.391667 0.504687 0.422917 0.471875 0.422917
4 0.532813 0.391667 0.573437 0.391667 0.573437 0.435417 0.532813 0.435417
4 0.614062 0.389583 0.651563 0.389583 0.651563 0.439583 0.614062 0.439583
1 0.645312 0.364583 0.768750 0.364583 0.768750 0.500000 0.645312 0.500000
4 0.476562 0.422917 0.528125 0.422917 0.528125 0.479167 0.476562 0.479167
4 0.556250 0.416667 0.607812 0.416667 0.607812 0.495833 0.556250 0.495833
4 0.582812 0.470833 0.656250 0.470833 0.656250 0.572917 0.582812 0.572917
4 0.487500 0.483333 0.565625 0.483333 0.565625 0.591667 0.487500 0.591667
0 0.689062 0.508333 1.000000 0.508333 1.000000 1.000000 0.689062 1.000000
4 0.000000 0.729167 0.132812 0.729167 0.132812 0.887500 0.000000 0.887500
4 0.542188 0.710417 0.684375 0.710417 0.684375 0.908333 0.542188 0.908333