4 0.337500 0.327083 0.364063 0.327083 0.364063 0.366667 0.337500 0.366667
7 0.226562 0.335417 0.273438 0.335417 0.273438 0.422917 0.226562 0.422917
4 0.346875 0.383333 0.387500 0.383333 0.387500 0.437500 0.346875 0.437500
1 0.618750 0.364583 0.725000 0.364583 0.725000 0.516667 0.618750 0.516667
4 0.575000 0.416667 0.612500 0.416667 0.612500 0.468750 0.575000 0.468750
4 0.279687 0.420833 0.329688 0.420833 0.329688 0.475000 0.279687 0.475000
4 0.484375 0.435417 0.531250 0.435417 0.531250 0.491667 0.484375 0.491667
4 0.495312 0.462500 0.545312 0.462500 0.545312 0.516667 0.495312 0.516667
4 0.504687 0.491667 0.557813 0.491667 0.557813 0.568750 0.504687 0.568750
7 0.598438 0.460417 0.685937 0.460417 0.685937 0.608333 0.598438 0.608333
1 0.792188 0.420833 1.000000 0.420833 1.000000 0.800000 0.792188 0.800000
4 0.548438 0.558333 0.621875 0.558333 0.621875 0.672917 0.548438 0.672917
7 0.664062 0.485417 0.812500 0.485417 0.812500 0.768750 0.664062 0.768750
7 0.509375 0.575000 0.584375 0.575000 0.584375 0.750000 0.509375 0.750000
7 0.003125 0.570833 0.156250 0.570833 0.156250 0.816667 0.003125 0.816667
4 0.192188 0.683333 0.315625 0.683333 0.315625 0.845833 0.192188 0.845833
4 0.560937 0.860417 0.723438 0.860417 0.723438 1.000000 0.560937 1.000000