1 0.379687 0.260417 0.398438 0.260417 0.398438 0.291667 0.379687 0.291667
4 0.396875 0.275000 0.415625 0.275000 0.415625 0.297917 0.396875 0.297917
7 0.346875 0.272917 0.367188 0.272917 0.367188 0.302083 0.346875 0.302083
4 0.392187 0.287500 0.410938 0.287500 0.410938 0.308333 0.392187 0.308333
1 0.301562 0.281250 0.343750 0.281250 0.343750 0.345833 0.301562 0.345833
7 0.390625 0.300000 0.407813 0.300000 0.407813 0.327083 0.390625 0.327083
7 0.328125 0.302083 0.364062 0.302083 0.364062 0.358333 0.328125 0.358333
7 0.257812 0.318750 0.304688 0.318750 0.304688 0.379167 0.257812 0.379167
4 0.378125 0.335417 0.404688 0.335417 0.404688 0.370833 0.378125 0.370833
4 0.359375 0.358333 0.392188 0.358333 0.392188 0.400000 0.359375 0.400000
4 0.464062 0.352083 0.498438 0.352083 0.498438 0.408333 0.464062 0.408333
7 0.529687 0.343750 0.576562 0.343750 0.576562 0.431250 0.529687 0.431250
4 0.335938 0.395833 0.378125 0.395833 0.378125 0.450000 0.335938 0.450000
4 0.554688 0.397917 0.587500 0.397917 0.587500 0.450000 0.554688 0.450000
4 0.468750 0.393750 0.504687 0.393750 0.504687 0.460417 0.468750 0.460417
1 0.651562 0.343750 0.767188 0.343750 0.767188 0.533333 0.651562 0.533333
4 0.573438 0.414583 0.617188 0.414583 0.617188 0.481250 0.573438 0.481250
4 0.482812 0.431250 0.521875 0.431250 0.521875 0.493750 0.482812 0.493750
4 0.487500 0.454167 0.546875 0.454167 0.546875 0.535417 0.487500 0.535417
7 0.589063 0.441667 0.656250 0.441667 0.656250 0.577083 0.589063 0.577083
4 0.498438 0.491667 0.562500 0.491667 0.562500 0.577083 0.498438 0.577083
7 0.732812 0.447917 0.856250 0.447917 0.856250 0.641667 0.732812 0.641667
7 0.614062 0.447917 0.721875 0.447917 0.721875 0.650000 0.614062 0.650000
4 0.523438 0.525000 0.593750 0.525000 0.593750 0.629167 0.523438 0.629167
1 0.032813 0.431250 0.234375 0.431250 0.234375 0.756250 0.032813 0.756250
7 0.495312 0.543750 0.576562 0.543750 0.576562 0.702083 0.495312 0.702083
7 0.715625 0.570833 0.814063 0.570833 0.814063 0.731250 0.715625 0.731250
1 0.748437 0.539583 0.978125 0.539583 0.978125 0.929167 0.748437 0.929167
4 0.523438 0.654167 0.623438 0.654167 0.623438 0.829167 0.523438 0.829167
4 0.210938 0.666667 0.328125 0.666667 0.328125 0.831250 0.210938 0.831250
4 0.545312 0.758333 0.681250 0.758333 0.681250 0.964583 0.545312 0.964583
4 0.567187 0.902083 0.718750 0.902083 0.718750 1.000000 0.567187 1.000000