8 0.573438 0.306250 0.621875 0.306250 0.621875 0.385417 0.573438 0.385417
11 0.515625 0.320833 0.582812 0.320833 0.582812 0.420833 0.515625 0.420833
9 0.165625 0.337500 0.250000 0.337500 0.250000 0.454167 0.165625 0.454167
5 0.267188 0.366667 0.334375 0.366667 0.334375 0.437500 0.267188 0.437500
4 0.473438 0.412500 0.512500 0.412500 0.512500 0.477083 0.473438 0.477083
4 0.331250 0.422917 0.378125 0.422917 0.378125 0.477083 0.331250 0.477083
4 0.242187 0.427083 0.301562 0.427083 0.301562 0.497917 0.242187 0.497917
4 0.157813 0.439583 0.221875 0.439583 0.221875 0.493750 0.157813 0.493750
8 0.584375 0.372917 0.692188 0.372917 0.692188 0.562500 0.584375 0.562500
8 0.740625 0.491667 0.896875 0.491667 0.896875 0.654167 0.740625 0.654167
9 0.110938 0.485417 0.234375 0.485417 0.234375 0.672917 0.110938 0.672917
4 0.517188 0.552083 0.590625 0.552083 0.590625 0.677083 0.517188 0.677083
9 0.690625 0.493750 0.837500 0.493750 0.837500 0.756250 0.690625 0.756250
4 0.175000 0.733333 0.314063 0.733333 0.314063 0.920833 0.175000 0.920833