1 0.317188 0.283333 0.348438 0.283333 0.348438 0.329167 0.317188 0.329167
7 0.345313 0.295833 0.376563 0.295833 0.376563 0.347917 0.345313 0.347917
7 0.551562 0.293750 0.606250 0.293750 0.606250 0.354167 0.551562 0.354167
7 0.385937 0.316667 0.407812 0.316667 0.407812 0.347917 0.385937 0.347917
1 0.501563 0.310417 0.556250 0.310417 0.556250 0.404167 0.501563 0.404167
7 0.567188 0.325000 0.626563 0.325000 0.626563 0.402083 0.567188 0.402083
7 0.251562 0.339583 0.300000 0.339583 0.300000 0.412500 0.251562 0.412500
1 0.531250 0.343750 0.579687 0.343750 0.579687 0.437500 0.531250 0.437500
7 0.610938 0.358333 0.670312 0.358333 0.670312 0.447917 0.610938 0.447917
4 0.475000 0.395833 0.509375 0.395833 0.509375 0.412500 0.475000 0.412500
4 0.551562 0.402083 0.590625 0.402083 0.590625 0.447917 0.551562 0.447917
4 0.484375 0.412500 0.520312 0.412500 0.520312 0.439583 0.484375 0.439583
7 0.650000 0.375000 0.731250 0.375000 0.731250 0.495833 0.650000 0.495833
4 0.573438 0.412500 0.614062 0.412500 0.614062 0.460417 0.573438 0.460417
4 0.487500 0.435417 0.523438 0.435417 0.523438 0.460417 0.487500 0.460417
4 0.493750 0.447917 0.528125 0.447917 0.528125 0.470833 0.493750 0.470833
1 0.303125 0.408333 0.373437 0.408333 0.373437 0.512500 0.303125 0.512500
7 0.215625 0.429167 0.273438 0.429167 0.273438 0.512500 0.215625 0.512500
7 0.484375 0.460417 0.546875 0.460417 0.546875 0.554167 0.484375 0.554167
7 0.590625 0.447917 0.654687 0.447917 0.654687 0.583333 0.590625 0.583333
7 0.734375 0.500000 0.856250 0.500000 0.856250 0.589583 0.734375 0.589583
7 0.615625 0.445833 0.725000 0.445833 0.725000 0.645833 0.615625 0.645833
4 0.501562 0.552083 0.578125 0.552083 0.578125 0.666667 0.501562 0.666667
1 0.882812 0.552083 1.000000 0.552083 1.000000 0.679167 0.882812 0.679167
7 0.707812 0.564583 0.792188 0.564583 0.792188 0.702083 0.707812 0.702083
1 0.737500 0.531250 0.965625 0.531250 0.965625 0.875000 0.737500 0.875000
4 0.531250 0.656250 0.634375 0.656250 0.634375 0.829167 0.531250 0.829167
1 0.839063 0.691667 1.000000 0.691667 1.000000 1.000000 0.839063 1.000000
4 0.573438 0.870833 0.710938 0.870833 0.710938 1.000000 0.573438 1.000000