4 0.378125 0.312500 0.401562 0.312500 0.401562 0.339583 0.378125 0.339583
4 0.493750 0.312500 0.517188 0.312500 0.517188 0.345833 0.493750 0.345833
9 0.517188 0.304167 0.557812 0.304167 0.557812 0.385417 0.517188 0.385417
10 0.257812 0.327083 0.298438 0.327083 0.298438 0.385417 0.257812 0.385417
4 0.457813 0.335417 0.490625 0.335417 0.490625 0.379167 0.457813 0.379167
8 0.285938 0.318750 0.345312 0.318750 0.345312 0.406250 0.285938 0.406250
4 0.325000 0.404167 0.371875 0.404167 0.371875 0.460417 0.325000 0.460417
4 0.492188 0.464583 0.559375 0.464583 0.559375 0.568750 0.492188 0.568750
8 0.067187 0.441667 0.240625 0.441667 0.240625 0.675000 0.067187 0.675000
4 0.635937 0.529167 0.735938 0.529167 0.735938 0.658333 0.635937 0.658333
4 0.220312 0.608333 0.326562 0.608333 0.326562 0.756250 0.220312 0.756250