4 0.468750 0.379167 0.503125 0.379167 0.503125 0.431250 0.468750 0.431250
9 0.550000 0.366667 0.607812 0.366667 0.607812 0.460417 0.550000 0.460417
4 0.328125 0.408333 0.370313 0.408333 0.370313 0.456250 0.328125 0.456250
5 0.067188 0.364583 0.195312 0.364583 0.195312 0.535417 0.067188 0.535417
4 0.643750 0.425000 0.700000 0.425000 0.700000 0.491667 0.643750 0.491667
4 0.500000 0.443750 0.551562 0.443750 0.551562 0.522917 0.500000 0.522917
4 0.268750 0.541667 0.343750 0.541667 0.343750 0.645833 0.268750 0.645833
4 0.521875 0.560417 0.598438 0.560417 0.598438 0.668750 0.521875 0.668750
4 0.793750 0.568750 0.893750 0.568750 0.893750 0.681250 0.793750 0.681250
4 0.667188 0.579167 0.765625 0.579167 0.765625 0.708333 0.667188 0.708333
4 0.759375 0.706250 0.907813 0.706250 0.907813 0.916667 0.759375 0.916667