7 0.285938 0.314583 0.321875 0.314583 0.321875 0.366667 0.285938 0.366667
9 0.523438 0.341667 0.567187 0.341667 0.567187 0.412500 0.523438 0.412500
4 0.468750 0.372917 0.501563 0.372917 0.501563 0.414583 0.468750 0.414583
4 0.539062 0.395833 0.576563 0.395833 0.576563 0.445833 0.539062 0.445833
4 0.473437 0.412500 0.515625 0.412500 0.515625 0.472917 0.473437 0.472917
11 0.565625 0.377083 0.678125 0.377083 0.678125 0.556250 0.565625 0.556250
9 0.685937 0.458333 0.776562 0.458333 0.776562 0.552083 0.685937 0.552083
4 0.493750 0.481250 0.551563 0.481250 0.551563 0.558333 0.493750 0.558333
4 0.787500 0.570833 0.890625 0.570833 0.890625 0.691667 0.787500 0.691667
4 0.678125 0.610417 0.798438 0.610417 0.798438 0.756250 0.678125 0.756250
4 0.573437 0.731250 0.701562 0.731250 0.701562 0.925000 0.573437 0.925000