7 0.357812 0.350000 0.389062 0.350000 0.389062 0.391667 0.357812 0.391667
7 0.621875 0.368750 0.689063 0.368750 0.689063 0.472917 0.621875 0.472917
4 0.578125 0.416667 0.618750 0.416667 0.618750 0.472917 0.578125 0.472917
7 0.114062 0.422917 0.185937 0.422917 0.185937 0.518750 0.114062 0.518750
4 0.490625 0.445833 0.535938 0.445833 0.535938 0.506250 0.490625 0.506250
4 0.318750 0.433333 0.378125 0.433333 0.378125 0.520833 0.318750 0.520833
7 0.701562 0.412500 0.795312 0.412500 0.795312 0.560417 0.701562 0.560417
4 0.506250 0.493750 0.559375 0.493750 0.559375 0.552083 0.506250 0.552083
7 0.598437 0.445833 0.731250 0.445833 0.731250 0.600000 0.598437 0.600000
7 0.620313 0.445833 0.714063 0.445833 0.714063 0.647917 0.620313 0.647917
7 0.779687 0.464583 0.918750 0.464583 0.918750 0.664583 0.779687 0.664583
4 0.273438 0.495833 0.376563 0.495833 0.376563 0.637500 0.273438 0.637500
4 0.529687 0.512500 0.587500 0.512500 0.587500 0.627083 0.529687 0.627083
7 0.498438 0.543750 0.567188 0.543750 0.567188 0.702083 0.498438 0.702083
1 0.059375 0.481250 0.262500 0.481250 0.262500 0.933333 0.059375 0.933333
4 0.526563 0.645833 0.640625 0.645833 0.640625 0.795833 0.526563 0.795833
1 0.734375 0.550000 0.967188 0.550000 0.967188 0.931250 0.734375 0.931250
4 0.554688 0.762500 0.675000 0.762500 0.675000 0.914583 0.554688 0.914583
1 0.865625 0.700000 0.993750 0.700000 0.993750 0.987500 0.865625 0.987500
4 0.582812 0.906250 0.690625 0.906250 0.690625 1.000000 0.582812 1.000000