7 0.296875 0.318750 0.337500 0.318750 0.337500 0.379167 0.296875 0.379167
1 0.532813 0.350000 0.571875 0.350000 0.571875 0.406250 0.532813 0.406250
1 0.346875 0.337500 0.396875 0.337500 0.396875 0.431250 0.346875 0.431250
1 0.620313 0.345833 0.679688 0.345833 0.679688 0.452083 0.620313 0.452083
4 0.471875 0.389583 0.512500 0.389583 0.512500 0.425000 0.471875 0.425000
7 0.268750 0.381250 0.312500 0.381250 0.312500 0.443750 0.268750 0.443750
4 0.553125 0.400000 0.587500 0.400000 0.587500 0.460417 0.553125 0.460417
4 0.470313 0.414583 0.532813 0.414583 0.532813 0.456250 0.470313 0.456250
4 0.568750 0.416667 0.628125 0.416667 0.628125 0.481250 0.568750 0.481250
1 0.657813 0.379167 0.759375 0.379167 0.759375 0.522917 0.657813 0.522917
4 0.484375 0.450000 0.535937 0.450000 0.535937 0.493750 0.484375 0.493750
7 0.582812 0.445833 0.656250 0.445833 0.656250 0.579167 0.582812 0.579167
7 0.484375 0.479167 0.551562 0.479167 0.551562 0.585417 0.484375 0.585417
1 0.610938 0.447917 0.739063 0.447917 0.739063 0.666667 0.610938 0.666667
7 0.701563 0.558333 0.781250 0.558333 0.781250 0.727083 0.701563 0.727083
4 0.498437 0.566667 0.592187 0.566667 0.592187 0.722917 0.498437 0.722917
1 0.748437 0.529167 0.965625 0.529167 0.965625 0.870833 0.748437 0.870833
4 0.539062 0.691667 0.657812 0.691667 0.657812 0.889583 0.539062 0.889583
4 0.560937 0.895833 0.725000 0.895833 0.725000 1.000000 0.560937 1.000000