1 0.260937 0.289583 0.314062 0.289583 0.314062 0.387500 0.260937 0.387500
4 0.339062 0.329167 0.362500 0.329167 0.362500 0.364583 0.339062 0.364583
4 0.375000 0.341667 0.400000 0.341667 0.400000 0.372917 0.375000 0.372917
1 0.278125 0.329167 0.340625 0.329167 0.340625 0.422917 0.278125 0.422917
4 0.473438 0.368750 0.506250 0.368750 0.506250 0.414583 0.473438 0.414583
4 0.353125 0.372917 0.389062 0.372917 0.389062 0.420833 0.353125 0.420833
4 0.334375 0.418750 0.382812 0.418750 0.382812 0.472917 0.334375 0.472917
4 0.232813 0.437500 0.285938 0.437500 0.285938 0.502083 0.232813 0.502083
10 0.665625 0.418750 0.726562 0.418750 0.726562 0.525000 0.665625 0.525000
11 0.579688 0.366667 0.693750 0.366667 0.693750 0.579167 0.579688 0.579167
7 0.085937 0.429167 0.178125 0.429167 0.178125 0.554167 0.085937 0.554167
2 0.485938 0.410417 0.607812 0.410417 0.607812 0.639583 0.485938 0.639583
10 0.737500 0.464583 0.842187 0.464583 0.842187 0.625000 0.737500 0.625000
7 0.000000 0.472917 0.100000 0.472917 0.100000 0.672917 0.000000 0.672917
4 0.279687 0.527083 0.351562 0.527083 0.351562 0.627083 0.279687 0.627083
7 0.110937 0.572917 0.196875 0.572917 0.196875 0.691667 0.110937 0.691667
4 0.209375 0.685417 0.328125 0.685417 0.328125 0.833333 0.209375 0.833333
4 0.570312 0.672917 0.701563 0.672917 0.701563 0.893750 0.570312 0.893750