0 0.335938 0.262500 0.371875 0.262500 0.371875 0.312500 0.335938 0.312500
4 0.381250 0.302083 0.410938 0.302083 0.410938 0.339583 0.381250 0.339583
0 0.445312 0.297917 0.489062 0.297917 0.489062 0.362500 0.445312 0.362500
0 0.490625 0.295833 0.542187 0.295833 0.542187 0.377083 0.490625 0.377083
4 0.456250 0.343750 0.482813 0.343750 0.482813 0.375000 0.456250 0.375000
4 0.357812 0.339583 0.392188 0.339583 0.392188 0.389583 0.357812 0.389583
0 0.515625 0.320833 0.578125 0.320833 0.578125 0.410417 0.515625 0.410417
1 0.568750 0.316667 0.631250 0.316667 0.631250 0.416667 0.568750 0.416667
4 0.462500 0.350000 0.496875 0.350000 0.496875 0.387500 0.462500 0.387500
4 0.315625 0.350000 0.351562 0.350000 0.351562 0.400000 0.315625 0.400000
4 0.201563 0.343750 0.276562 0.343750 0.276562 0.433333 0.201563 0.433333
4 0.464062 0.372917 0.496875 0.372917 0.496875 0.416667 0.464062 0.416667
4 0.471875 0.391667 0.504687 0.391667 0.504687 0.422917 0.471875 0.422917
4 0.532813 0.391667 0.573437 0.391667 0.573437 0.435417 0.532813 0.435417
4 0.614062 0.389583 0.645312 0.389583 0.645312 0.437500 0.614062 0.437500
1 0.631250 0.347917 0.759375 0.347917 0.759375 0.491667 0.631250 0.491667
4 0.471875 0.406250 0.523438 0.406250 0.523438 0.462500 0.471875 0.462500
4 0.556250 0.416667 0.607812 0.416667 0.607812 0.495833 0.556250 0.495833
4 0.579688 0.460417 0.642188 0.460417 0.642188 0.547917 0.579688 0.547917
4 0.487500 0.483333 0.554688 0.483333 0.554688 0.589583 0.487500 0.589583
0 0.657812 0.495833 0.968750 0.495833 0.968750 0.922917 0.657812 0.922917
4 0.526563 0.643750 0.651563 0.643750 0.651563 0.833333 0.526563 0.833333