4 0.362500 0.345833 0.392187 0.345833 0.392187 0.379167 0.362500 0.379167
9 0.529687 0.347917 0.584375 0.347917 0.584375 0.441667 0.529687 0.441667
4 0.470313 0.381250 0.509375 0.381250 0.509375 0.429167 0.470313 0.429167
8 0.650000 0.368750 0.746875 0.368750 0.746875 0.512500 0.650000 0.512500
4 0.490625 0.427083 0.539062 0.427083 0.539062 0.497917 0.490625 0.497917
4 0.320312 0.435417 0.375000 0.435417 0.375000 0.504167 0.320312 0.504167
2 0.584375 0.395833 0.714062 0.395833 0.714062 0.587500 0.584375 0.587500
4 0.762500 0.447917 0.829688 0.447917 0.829688 0.539583 0.762500 0.539583
4 0.535938 0.616667 0.634375 0.616667 0.634375 0.764583 0.535938 0.764583
8 0.845312 0.527083 1.000000 0.527083 1.000000 0.854167 0.845312 0.854167
10 0.732813 0.627083 0.890625 0.627083 0.890625 0.910417 0.732813 0.910417
4 0.153125 0.695833 0.282813 0.695833 0.282813 0.879167 0.153125 0.879167