7 0.289062 0.310417 0.325000 0.310417 0.325000 0.362500 0.289062 0.362500
9 0.521875 0.347917 0.568750 0.347917 0.568750 0.425000 0.521875 0.425000
4 0.468750 0.372917 0.504687 0.372917 0.504687 0.429167 0.468750 0.429167
4 0.543750 0.404167 0.581250 0.404167 0.581250 0.454167 0.543750 0.454167
4 0.475000 0.420833 0.517188 0.420833 0.517188 0.481250 0.475000 0.481250
11 0.576562 0.397917 0.693750 0.397917 0.693750 0.581250 0.576562 0.581250
9 0.703125 0.475000 0.793750 0.475000 0.793750 0.568750 0.703125 0.568750
4 0.500000 0.500000 0.557813 0.500000 0.557813 0.577083 0.500000 0.577083
4 0.806250 0.583333 0.912500 0.583333 0.912500 0.720833 0.806250 0.720833
4 0.696875 0.647917 0.829688 0.647917 0.829688 0.812500 0.696875 0.812500
4 0.584375 0.779167 0.726562 0.779167 0.726562 1.000000 0.584375 1.000000