9 0.593750 0.364583 0.640625 0.364583 0.640625 0.429167 0.593750 0.429167
4 0.479687 0.397917 0.521875 0.397917 0.521875 0.454167 0.479687 0.454167
9 0.550000 0.391667 0.606250 0.391667 0.606250 0.470833 0.550000 0.470833
4 0.326563 0.404167 0.371875 0.404167 0.371875 0.462500 0.326563 0.462500
5 0.045312 0.385417 0.192188 0.385417 0.192188 0.550000 0.045312 0.550000
4 0.481250 0.456250 0.543750 0.456250 0.543750 0.550000 0.481250 0.550000
7 0.192188 0.462500 0.256250 0.462500 0.256250 0.554167 0.192188 0.554167
4 0.651562 0.545833 0.748437 0.545833 0.748437 0.668750 0.651562 0.668750
4 0.528125 0.616667 0.628125 0.616667 0.628125 0.768750 0.528125 0.768750
5 0.000000 0.514583 0.156250 0.514583 0.156250 0.985417 0.000000 0.985417
9 0.793750 0.662500 0.998437 0.662500 0.998437 1.000000 0.793750 1.000000