8 0.576562 0.320833 0.629688 0.320833 0.629688 0.404167 0.576562 0.404167
4 0.260937 0.347917 0.298437 0.347917 0.298437 0.393750 0.260937 0.393750
9 0.525000 0.331250 0.578125 0.331250 0.578125 0.439583 0.525000 0.439583
4 0.468750 0.377083 0.507812 0.377083 0.507812 0.435417 0.468750 0.435417
4 0.342188 0.387500 0.379688 0.387500 0.379688 0.437500 0.342188 0.437500
9 0.551563 0.372917 0.610938 0.372917 0.610938 0.489583 0.551563 0.489583
4 0.482812 0.435417 0.534375 0.435417 0.534375 0.502083 0.482812 0.502083
11 0.637500 0.422917 0.759375 0.422917 0.759375 0.533333 0.637500 0.533333
6 0.190625 0.433333 0.268750 0.433333 0.268750 0.550000 0.190625 0.550000
4 0.525000 0.472917 0.593750 0.472917 0.593750 0.556250 0.525000 0.556250
3 0.509375 0.525000 0.601562 0.525000 0.601562 0.710417 0.509375 0.710417