2 0.517188 0.322917 0.575000 0.322917 0.575000 0.406250 0.517188 0.406250
4 0.470313 0.377083 0.514062 0.377083 0.514062 0.425000 0.470313 0.425000
8 0.620312 0.347917 0.701562 0.347917 0.701562 0.462500 0.620312 0.462500
10 0.545312 0.381250 0.587500 0.381250 0.587500 0.472917 0.545312 0.472917
4 0.479687 0.416667 0.525000 0.416667 0.525000 0.470833 0.479687 0.470833
9 0.571875 0.385417 0.651562 0.385417 0.651562 0.525000 0.571875 0.525000
4 0.714063 0.429167 0.781250 0.429167 0.781250 0.504167 0.714063 0.504167
4 0.492188 0.460417 0.550000 0.460417 0.550000 0.535417 0.492188 0.535417
4 0.059375 0.508333 0.139062 0.508333 0.139062 0.587500 0.059375 0.587500
9 0.625000 0.456250 0.732813 0.456250 0.732813 0.656250 0.625000 0.656250
4 0.267188 0.560417 0.345313 0.560417 0.345313 0.666667 0.267188 0.666667
11 0.751562 0.547917 1.000000 0.547917 1.000000 0.770833 0.751562 0.770833
4 0.553125 0.662500 0.665625 0.662500 0.665625 0.829167 0.553125 0.829167