2 0.571875 0.316667 0.625000 0.316667 0.625000 0.402083 0.571875 0.402083
4 0.315625 0.341667 0.353125 0.341667 0.353125 0.385417 0.315625 0.385417
2 0.601562 0.343750 0.685938 0.343750 0.685938 0.464583 0.601562 0.464583
4 0.475000 0.395833 0.515625 0.395833 0.515625 0.443750 0.475000 0.443750
4 0.548438 0.393750 0.587500 0.393750 0.587500 0.445833 0.548438 0.445833
4 0.690625 0.404167 0.735938 0.404167 0.735938 0.462500 0.690625 0.462500
4 0.573437 0.435417 0.618750 0.435417 0.618750 0.495833 0.573437 0.495833
4 0.485937 0.435417 0.534375 0.435417 0.534375 0.502083 0.485937 0.502083
10 0.607812 0.439583 0.690625 0.439583 0.690625 0.579167 0.607812 0.579167
4 0.517188 0.475000 0.584375 0.475000 0.584375 0.583333 0.517188 0.583333
4 0.642188 0.570833 0.746875 0.570833 0.746875 0.697917 0.642188 0.697917
4 0.909375 0.714583 1.000000 0.714583 1.000000 0.852083 0.909375 0.852083
10 0.770313 0.695833 0.928125 0.695833 0.928125 0.937500 0.770313 0.937500
4 0.115625 0.785417 0.264062 0.785417 0.264062 0.962500 0.115625 0.962500