2 0.515625 0.320833 0.578125 0.320833 0.578125 0.410417 0.515625 0.410417
4 0.464062 0.372917 0.496875 0.372917 0.496875 0.416667 0.464062 0.416667
4 0.471875 0.391667 0.504687 0.391667 0.504687 0.422917 0.471875 0.422917
4 0.532813 0.391667 0.573437 0.391667 0.573437 0.435417 0.532813 0.435417
4 0.471875 0.406250 0.523438 0.406250 0.523438 0.462500 0.471875 0.462500
4 0.546875 0.414583 0.582812 0.414583 0.582812 0.472917 0.546875 0.472917
4 0.482812 0.437500 0.534375 0.437500 0.534375 0.520833 0.482812 0.520833
2 0.581250 0.393750 0.726562 0.393750 0.726562 0.643750 0.581250 0.643750
4 0.704688 0.479167 0.759375 0.479167 0.759375 0.564583 0.704688 0.564583
4 0.495312 0.506250 0.571875 0.506250 0.571875 0.604167 0.495312 0.604167
4 0.237500 0.558333 0.328125 0.558333 0.328125 0.662500 0.237500 0.662500
4 0.518750 0.625000 0.621875 0.625000 0.621875 0.750000 0.518750 0.750000
8 0.759375 0.543750 1.000000 0.543750 1.000000 1.000000 0.759375 1.000000