4 0.285937 0.337500 0.312500 0.337500 0.312500 0.368750 0.285937 0.368750
7 0.526562 0.343750 0.576562 0.343750 0.576562 0.431250 0.526562 0.431250
1 0.595312 0.343750 0.671875 0.343750 0.671875 0.445833 0.595312 0.445833
7 0.264062 0.358333 0.326562 0.358333 0.326562 0.447917 0.264062 0.447917
4 0.475000 0.377083 0.514062 0.377083 0.514062 0.431250 0.475000 0.431250
4 0.550000 0.393750 0.590625 0.393750 0.590625 0.456250 0.550000 0.456250
4 0.481250 0.408333 0.518750 0.408333 0.518750 0.447917 0.481250 0.447917
4 0.570312 0.416667 0.617188 0.416667 0.617188 0.481250 0.570312 0.481250
4 0.482812 0.433333 0.525000 0.433333 0.525000 0.491667 0.482812 0.491667
4 0.487500 0.454167 0.543750 0.454167 0.543750 0.527083 0.487500 0.527083
4 0.489063 0.445833 0.548438 0.445833 0.548438 0.539583 0.489063 0.539583
1 0.707812 0.375000 0.909375 0.375000 0.909375 0.616667 0.707812 0.616667
7 0.587500 0.443750 0.662500 0.443750 0.662500 0.572917 0.587500 0.572917
4 0.503125 0.487500 0.554688 0.487500 0.554688 0.558333 0.503125 0.558333
7 0.612500 0.443750 0.725000 0.443750 0.725000 0.652083 0.612500 0.652083
4 0.521875 0.520833 0.593750 0.520833 0.593750 0.631250 0.521875 0.631250
7 0.495313 0.552083 0.573438 0.552083 0.573438 0.716667 0.495313 0.716667
7 0.717187 0.579167 0.771875 0.579167 0.771875 0.729167 0.717187 0.729167
1 0.889063 0.529167 1.000000 0.529167 1.000000 0.852083 0.889063 0.852083
4 0.529687 0.656250 0.637500 0.656250 0.637500 0.827083 0.529687 0.827083
1 0.765625 0.556250 0.992188 0.556250 0.992188 0.966667 0.765625 0.966667
4 0.543750 0.760417 0.689063 0.760417 0.689063 1.000000 0.543750 1.000000