9 0.245312 0.335417 0.285938 0.335417 0.285938 0.393750 0.245312 0.393750
4 0.370312 0.354167 0.401562 0.354167 0.401562 0.395833 0.370312 0.395833
9 0.214062 0.356250 0.262500 0.356250 0.262500 0.425000 0.214062 0.425000
4 0.646875 0.375000 0.685937 0.375000 0.685937 0.418750 0.646875 0.418750
4 0.596875 0.383333 0.637500 0.383333 0.637500 0.433333 0.596875 0.433333
4 0.545313 0.379167 0.585938 0.379167 0.585938 0.441667 0.545313 0.441667
9 0.209375 0.395833 0.282813 0.395833 0.282813 0.504167 0.209375 0.504167
4 0.640625 0.414583 0.698438 0.414583 0.698438 0.487500 0.640625 0.487500
4 0.328125 0.437500 0.378125 0.437500 0.378125 0.500000 0.328125 0.500000
4 0.129688 0.433333 0.187500 0.433333 0.187500 0.516667 0.129688 0.516667
4 0.485938 0.462500 0.545312 0.462500 0.545312 0.552083 0.485938 0.552083
9 0.167187 0.435417 0.254688 0.435417 0.254688 0.583333 0.167187 0.583333
4 0.282813 0.537500 0.350000 0.537500 0.350000 0.618750 0.282813 0.618750
4 0.618750 0.533333 0.695312 0.533333 0.695312 0.625000 0.618750 0.625000
8 0.732813 0.495833 0.929688 0.495833 0.929688 0.695833 0.732813 0.695833
4 0.518750 0.570833 0.606250 0.570833 0.606250 0.689583 0.518750 0.689583
4 0.000000 0.593750 0.098437 0.593750 0.098437 0.722917 0.000000 0.722917
4 0.214062 0.643750 0.323437 0.643750 0.323437 0.775000 0.214062 0.775000
4 0.743750 0.695833 0.871875 0.695833 0.871875 0.847917 0.743750 0.847917