6 0.304688 0.333333 0.348437 0.333333 0.348437 0.393750 0.304688 0.393750
8 0.601562 0.335417 0.662500 0.335417 0.662500 0.425000 0.601562 0.425000
10 0.525000 0.354167 0.553125 0.354167 0.553125 0.427083 0.525000 0.427083
4 0.660938 0.370833 0.693750 0.370833 0.693750 0.427083 0.660938 0.427083
4 0.476562 0.383333 0.509375 0.383333 0.509375 0.425000 0.476562 0.425000
4 0.343750 0.393750 0.384375 0.393750 0.384375 0.443750 0.343750 0.443750
9 0.554688 0.356250 0.615625 0.356250 0.615625 0.481250 0.554688 0.481250
4 0.479687 0.412500 0.528125 0.412500 0.528125 0.479167 0.479687 0.479167
9 0.584375 0.416667 0.670312 0.416667 0.670312 0.558333 0.584375 0.558333
11 0.690625 0.472917 0.871875 0.472917 0.871875 0.643750 0.690625 0.643750
4 0.512500 0.525000 0.581250 0.525000 0.581250 0.618750 0.512500 0.618750
4 0.645313 0.629167 0.767188 0.629167 0.767188 0.785417 0.645313 0.785417
3 0.593750 0.791667 0.778125 0.791667 0.778125 1.000000 0.593750 1.000000