4 0.373437 0.302083 0.406250 0.302083 0.406250 0.345833 0.373437 0.345833
7 0.270313 0.312500 0.317188 0.312500 0.317188 0.377083 0.270313 0.377083
4 0.312500 0.333333 0.351562 0.333333 0.351562 0.393750 0.312500 0.393750
1 0.523438 0.312500 0.585938 0.312500 0.585938 0.435417 0.523438 0.435417
4 0.353125 0.339583 0.398438 0.339583 0.398438 0.410417 0.353125 0.410417
4 0.465625 0.383333 0.510938 0.383333 0.510938 0.431250 0.465625 0.431250
4 0.642188 0.377083 0.696875 0.377083 0.696875 0.450000 0.642188 0.450000
4 0.303125 0.391667 0.365625 0.391667 0.365625 0.466667 0.303125 0.466667
1 0.543750 0.362500 0.631250 0.362500 0.631250 0.504167 0.543750 0.504167
4 0.476562 0.433333 0.535937 0.433333 0.535937 0.491667 0.476562 0.491667
4 0.156250 0.481250 0.240625 0.481250 0.240625 0.575000 0.156250 0.575000
4 0.485937 0.479167 0.554688 0.479167 0.554688 0.579167 0.485937 0.579167
1 0.753125 0.437500 0.881250 0.437500 0.881250 0.622917 0.753125 0.622917
1 0.603125 0.412500 0.771875 0.412500 0.771875 0.700000 0.603125 0.700000
4 0.504688 0.564583 0.592187 0.564583 0.592187 0.670833 0.504688 0.670833
4 0.520313 0.647917 0.631250 0.647917 0.631250 0.818750 0.520313 0.818750
7 0.862500 0.625000 1.000000 0.625000 1.000000 0.860417 0.862500 0.860417
4 0.556250 0.764583 0.710938 0.764583 0.710938 1.000000 0.556250 1.000000