7 0.292187 0.295833 0.326563 0.295833 0.326563 0.352083 0.292187 0.352083
4 0.359375 0.347917 0.385938 0.347917 0.385938 0.387500 0.359375 0.387500
7 0.526563 0.341667 0.578125 0.341667 0.578125 0.433333 0.526563 0.433333
4 0.475000 0.377083 0.512500 0.377083 0.512500 0.427083 0.475000 0.427083
4 0.554688 0.397917 0.589063 0.397917 0.589063 0.450000 0.554688 0.450000
1 0.196875 0.352083 0.301563 0.352083 0.301563 0.535417 0.196875 0.535417
4 0.571875 0.414583 0.617188 0.414583 0.617188 0.489583 0.571875 0.489583
1 0.660937 0.345833 0.793750 0.345833 0.793750 0.575000 0.660937 0.575000
4 0.481250 0.431250 0.528125 0.431250 0.528125 0.497917 0.481250 0.497917
4 0.323437 0.441667 0.378125 0.441667 0.378125 0.522917 0.323437 0.522917
4 0.485937 0.456250 0.546875 0.456250 0.546875 0.539583 0.485937 0.539583
7 0.587500 0.445833 0.659375 0.445833 0.659375 0.577083 0.587500 0.577083
4 0.503125 0.487500 0.560937 0.487500 0.560937 0.575000 0.503125 0.575000
7 0.615625 0.439583 0.725000 0.439583 0.725000 0.647917 0.615625 0.647917
7 0.753125 0.460417 0.893750 0.460417 0.893750 0.677083 0.753125 0.677083
7 0.493750 0.552083 0.582813 0.552083 0.582813 0.718750 0.493750 0.718750
4 0.234375 0.597917 0.337500 0.597917 0.337500 0.716667 0.234375 0.716667
4 0.526562 0.654167 0.634375 0.654167 0.634375 0.825000 0.526562 0.825000
1 0.745312 0.539583 0.970313 0.539583 0.970313 0.968750 0.745312 0.968750
4 0.542188 0.752083 0.684375 0.752083 0.684375 0.975000 0.542188 0.975000
4 0.567188 0.897917 0.717187 0.897917 0.717187 1.000000 0.567188 1.000000