2 0.271875 0.295833 0.325000 0.295833 0.325000 0.368750 0.271875 0.368750
2 0.518750 0.320833 0.575000 0.320833 0.575000 0.410417 0.518750 0.410417
8 0.612500 0.341667 0.707812 0.341667 0.707812 0.460417 0.612500 0.460417
4 0.475000 0.402083 0.517188 0.402083 0.517188 0.439583 0.475000 0.439583
4 0.537500 0.404167 0.576562 0.404167 0.576562 0.460417 0.537500 0.460417
4 0.481250 0.431250 0.534375 0.431250 0.534375 0.516667 0.481250 0.516667
2 0.576562 0.391667 0.706250 0.391667 0.706250 0.604167 0.576562 0.604167
4 0.493750 0.485417 0.560937 0.485417 0.560937 0.583333 0.493750 0.583333
4 0.514062 0.589583 0.604687 0.589583 0.604687 0.704167 0.514062 0.704167
8 0.714063 0.506250 1.000000 0.506250 1.000000 0.985417 0.714063 0.985417
4 0.557812 0.758333 0.704688 0.758333 0.704688 0.985417 0.557812 0.985417