10 0.504687 0.306250 0.539062 0.306250 0.539062 0.366667 0.504687 0.366667
9 0.265625 0.302083 0.321875 0.302083 0.321875 0.372917 0.265625 0.372917
11 0.314063 0.295833 0.368750 0.295833 0.368750 0.381250 0.314063 0.381250
10 0.554688 0.322917 0.590625 0.322917 0.590625 0.387500 0.554688 0.387500
4 0.365625 0.337500 0.401562 0.337500 0.401562 0.385417 0.365625 0.385417
11 0.203125 0.329167 0.285938 0.329167 0.285938 0.414583 0.203125 0.414583
4 0.345313 0.375000 0.381250 0.375000 0.381250 0.422917 0.345313 0.422917
2 0.248438 0.343750 0.329688 0.343750 0.329688 0.462500 0.248438 0.462500
10 0.162500 0.379167 0.229688 0.379167 0.229688 0.468750 0.162500 0.468750
4 0.562500 0.425000 0.610937 0.425000 0.610937 0.489583 0.562500 0.489583
4 0.503125 0.429167 0.551562 0.429167 0.551562 0.506250 0.503125 0.506250
10 0.296875 0.458333 0.364062 0.458333 0.364062 0.552083 0.296875 0.552083
7 0.000000 0.656250 0.125000 0.656250 0.125000 0.831250 0.000000 0.831250
4 0.154688 0.797917 0.292188 0.797917 0.292188 0.983333 0.154688 0.983333