1 0.187500 0.337500 0.253125 0.337500 0.253125 0.414583 0.187500 0.414583
5 0.248437 0.325000 0.328125 0.325000 0.328125 0.439583 0.248437 0.439583
4 0.470313 0.377083 0.506250 0.377083 0.506250 0.425000 0.470313 0.425000
4 0.553125 0.395833 0.593750 0.395833 0.593750 0.452083 0.553125 0.452083
5 0.151563 0.377083 0.279687 0.377083 0.279687 0.558333 0.151563 0.558333
4 0.579688 0.433333 0.634375 0.433333 0.634375 0.504167 0.579688 0.504167
7 0.065625 0.452083 0.157813 0.452083 0.157813 0.560417 0.065625 0.560417
4 0.495312 0.472917 0.553125 0.472917 0.553125 0.558333 0.495312 0.558333
4 0.300000 0.493750 0.365625 0.493750 0.365625 0.583333 0.300000 0.583333
9 0.740625 0.500000 0.859375 0.500000 0.859375 0.658333 0.740625 0.658333
4 0.634375 0.568750 0.718750 0.568750 0.718750 0.670833 0.634375 0.670833
4 0.531250 0.597917 0.629687 0.597917 0.629687 0.750000 0.531250 0.750000
9 0.729688 0.656250 0.926562 0.656250 0.926562 0.914583 0.729688 0.914583