7 0.289062 0.358333 0.326562 0.358333 0.326562 0.406250 0.289062 0.406250
4 0.346875 0.377083 0.390625 0.377083 0.390625 0.447917 0.346875 0.447917
4 0.271875 0.404167 0.314063 0.404167 0.314063 0.450000 0.271875 0.450000
4 0.564063 0.429167 0.606250 0.429167 0.606250 0.493750 0.564063 0.493750
4 0.678125 0.431250 0.709375 0.431250 0.709375 0.504167 0.678125 0.504167
9 0.601562 0.406250 0.687500 0.406250 0.687500 0.583333 0.601562 0.583333
3 0.495313 0.460417 0.550000 0.460417 0.550000 0.566667 0.495313 0.566667
4 0.314062 0.485417 0.371875 0.485417 0.371875 0.547917 0.314062 0.547917
1 0.000000 0.387500 0.184375 0.387500 0.184375 0.645833 0.000000 0.645833
10 0.731250 0.472917 0.812500 0.472917 0.812500 0.585417 0.731250 0.585417
4 0.187500 0.510417 0.257812 0.510417 0.257812 0.597917 0.187500 0.597917
9 0.653125 0.504167 0.754687 0.504167 0.754687 0.664583 0.653125 0.664583
4 0.251562 0.593750 0.339062 0.593750 0.339062 0.704167 0.251562 0.704167
4 0.525000 0.610417 0.610938 0.610417 0.610938 0.733333 0.525000 0.733333