5 0.326563 0.345833 0.364063 0.345833 0.364063 0.385417 0.326563 0.385417
9 0.532813 0.352083 0.584375 0.352083 0.584375 0.447917 0.532813 0.447917
4 0.476562 0.385417 0.518750 0.385417 0.518750 0.441667 0.476562 0.441667
9 0.565625 0.372917 0.632812 0.372917 0.632812 0.504167 0.565625 0.504167
2 0.635938 0.370833 0.753125 0.370833 0.753125 0.525000 0.635938 0.525000
4 0.764062 0.477083 0.825000 0.477083 0.825000 0.543750 0.764062 0.543750
4 0.500000 0.475000 0.554688 0.475000 0.554688 0.547917 0.500000 0.547917
9 0.617188 0.441667 0.734375 0.441667 0.734375 0.647917 0.617188 0.647917
2 0.800000 0.487500 1.000000 0.487500 1.000000 0.860417 0.800000 0.860417
4 0.532813 0.620833 0.634375 0.620833 0.634375 0.779167 0.532813 0.779167
4 0.781250 0.729167 0.948438 0.729167 0.948438 0.941667 0.781250 0.941667