7 0.393750 0.237500 0.410938 0.237500 0.410938 0.270833 0.393750 0.270833
4 0.354687 0.258333 0.371875 0.258333 0.371875 0.287500 0.354687 0.287500
7 0.371875 0.260417 0.389063 0.260417 0.389063 0.302083 0.371875 0.302083
7 0.389062 0.262500 0.412500 0.262500 0.412500 0.308333 0.389062 0.308333
7 0.320312 0.272917 0.346875 0.272917 0.346875 0.322917 0.320312 0.322917
1 0.484375 0.264583 0.517187 0.264583 0.517187 0.339583 0.484375 0.339583
7 0.525000 0.289583 0.557812 0.289583 0.557812 0.322917 0.525000 0.322917
4 0.456250 0.306250 0.476562 0.306250 0.476562 0.331250 0.456250 0.331250
4 0.384375 0.302083 0.410938 0.302083 0.410938 0.337500 0.384375 0.337500
7 0.345312 0.293750 0.379688 0.293750 0.379688 0.350000 0.345312 0.350000
1 0.550000 0.289583 0.601562 0.289583 0.601562 0.364583 0.550000 0.364583
4 0.457812 0.320833 0.484375 0.320833 0.484375 0.354167 0.457812 0.354167
7 0.507812 0.320833 0.553125 0.320833 0.553125 0.410417 0.507812 0.410417
4 0.460938 0.360417 0.485938 0.360417 0.485938 0.393750 0.460938 0.393750
7 0.582813 0.352083 0.618750 0.352083 0.618750 0.410417 0.582813 0.410417
7 0.235937 0.335417 0.295312 0.335417 0.295312 0.439583 0.235937 0.439583
4 0.470312 0.375000 0.495312 0.375000 0.495312 0.404167 0.470312 0.404167
7 0.532813 0.352083 0.575000 0.352083 0.575000 0.441667 0.532813 0.441667
7 0.612500 0.362500 0.657813 0.362500 0.657813 0.452083 0.612500 0.452083
4 0.479687 0.395833 0.509375 0.395833 0.509375 0.429167 0.479687 0.429167
4 0.484375 0.408333 0.521875 0.408333 0.521875 0.445833 0.484375 0.445833
7 0.653125 0.387500 0.731250 0.387500 0.731250 0.481250 0.653125 0.481250
4 0.557812 0.406250 0.587500 0.406250 0.587500 0.466667 0.557812 0.466667
4 0.579688 0.422917 0.606250 0.422917 0.606250 0.485417 0.579688 0.485417
7 0.289062 0.385417 0.381250 0.385417 0.381250 0.543750 0.289062 0.543750
4 0.471875 0.456250 0.512500 0.456250 0.512500 0.500000 0.471875 0.500000
7 0.203125 0.445833 0.276562 0.445833 0.276562 0.554167 0.203125 0.554167
7 0.600000 0.443750 0.646875 0.443750 0.646875 0.581250 0.600000 0.581250
4 0.490625 0.485417 0.550000 0.485417 0.550000 0.581250 0.490625 0.581250
7 0.742188 0.495833 0.842188 0.495833 0.842188 0.585417 0.742188 0.585417
7 0.642188 0.481250 0.737500 0.481250 0.737500 0.668750 0.642188 0.668750
4 0.493750 0.554167 0.570312 0.554167 0.570312 0.656250 0.493750 0.656250
7 0.715625 0.562500 0.754687 0.562500 0.754687 0.708333 0.715625 0.708333
1 0.884375 0.554167 1.000000 0.554167 1.000000 0.733333 0.884375 0.733333
1 0.750000 0.575000 0.942187 0.575000 0.942187 0.870833 0.750000 0.870833
4 0.535938 0.664583 0.631250 0.664583 0.631250 0.800000 0.535938 0.800000
1 0.851562 0.687500 1.000000 0.687500 1.000000 1.000000 0.851562 1.000000
4 0.564063 0.879167 0.698437 0.879167 0.698437 1.000000 0.564063 1.000000