0 0.364063 0.262500 0.396875 0.262500 0.396875 0.318750 0.364063 0.318750
7 0.293750 0.310417 0.343750 0.310417 0.343750 0.362500 0.293750 0.362500
4 0.368750 0.339583 0.400000 0.339583 0.400000 0.387500 0.368750 0.387500
4 0.304688 0.350000 0.331250 0.350000 0.331250 0.387500 0.304688 0.387500
1 0.218750 0.335417 0.285937 0.335417 0.285937 0.410417 0.218750 0.410417
1 0.225000 0.370833 0.315625 0.370833 0.315625 0.502083 0.225000 0.502083
4 0.334375 0.406250 0.378125 0.406250 0.378125 0.472917 0.334375 0.472917
4 0.559375 0.404167 0.612500 0.404167 0.612500 0.475000 0.559375 0.475000
7 0.637500 0.412500 0.725000 0.412500 0.725000 0.504167 0.637500 0.504167
1 0.726562 0.441667 0.846875 0.441667 0.846875 0.575000 0.726562 0.575000
7 0.585938 0.450000 0.671875 0.450000 0.671875 0.583333 0.585938 0.583333
4 0.835938 0.493750 0.903125 0.493750 0.903125 0.575000 0.835938 0.575000
7 0.623437 0.456250 0.712500 0.456250 0.712500 0.652083 0.623437 0.652083
4 0.489063 0.514583 0.560937 0.514583 0.560937 0.622917 0.489063 0.622917
1 0.906250 0.514583 1.000000 0.514583 1.000000 0.683333 0.906250 0.683333
4 0.520312 0.560417 0.596875 0.560417 0.596875 0.660417 0.520312 0.660417
7 0.700000 0.552083 0.776563 0.552083 0.776563 0.702083 0.700000 0.702083
7 0.000000 0.539583 0.165625 0.539583 0.165625 0.789583 0.000000 0.789583
1 0.748437 0.535417 0.946875 0.535417 0.946875 0.841667 0.748437 0.841667
4 0.514062 0.641667 0.623437 0.641667 0.623437 0.802083 0.514062 0.802083
4 0.175000 0.647917 0.317188 0.647917 0.317188 0.812500 0.175000 0.812500
1 0.853125 0.685417 0.998437 0.685417 0.998437 1.000000 0.853125 1.000000
4 0.645312 0.754167 0.796875 0.754167 0.796875 1.000000 0.645312 1.000000