7 0.326562 0.262500 0.373437 0.262500 0.373437 0.316667 0.326562 0.316667
4 0.378125 0.300000 0.415625 0.300000 0.415625 0.339583 0.378125 0.339583
7 0.576562 0.322917 0.623437 0.322917 0.623437 0.402083 0.576562 0.402083
1 0.521875 0.337500 0.606250 0.337500 0.606250 0.475000 0.521875 0.475000
4 0.476563 0.414583 0.537500 0.414583 0.537500 0.493750 0.476563 0.493750
4 0.489063 0.493750 0.579688 0.493750 0.579688 0.635417 0.489063 0.635417
4 0.226562 0.493750 0.360938 0.493750 0.360938 0.656250 0.226562 0.656250
4 0.796875 0.531250 0.914062 0.531250 0.914062 0.679167 0.796875 0.679167
7 0.673438 0.516667 0.850000 0.516667 0.850000 0.825000 0.673438 0.825000
4 0.931250 0.622917 1.000000 0.622917 1.000000 0.854167 0.931250 0.854167
4 0.542187 0.666667 0.673438 0.666667 0.673438 0.891667 0.542187 0.891667
4 0.829687 0.891667 1.000000 0.891667 1.000000 1.000000 0.829687 1.000000