4 0.307812 0.308333 0.329687 0.308333 0.329687 0.343750 0.307812 0.343750
4 0.335938 0.308333 0.359375 0.308333 0.359375 0.347917 0.335938 0.347917
4 0.371875 0.320833 0.401562 0.320833 0.401562 0.354167 0.371875 0.354167
9 0.537500 0.345833 0.578125 0.345833 0.578125 0.422917 0.537500 0.422917
4 0.601562 0.383333 0.642187 0.383333 0.642187 0.437500 0.601562 0.437500
4 0.328125 0.385417 0.385938 0.385417 0.385938 0.464583 0.328125 0.464583
4 0.484375 0.397917 0.528125 0.397917 0.528125 0.462500 0.484375 0.462500
4 0.495312 0.464583 0.548438 0.464583 0.548438 0.535417 0.495312 0.535417
4 0.687500 0.468750 0.753125 0.468750 0.753125 0.537500 0.687500 0.537500
4 0.609375 0.487500 0.676562 0.487500 0.676562 0.583333 0.609375 0.583333
4 0.657813 0.552083 0.748437 0.552083 0.748437 0.685417 0.657813 0.685417
10 0.807813 0.510417 0.957812 0.510417 0.957812 0.733333 0.807813 0.733333
4 0.518750 0.556250 0.603125 0.556250 0.603125 0.702083 0.518750 0.702083
4 0.204688 0.564583 0.360938 0.564583 0.360938 0.697917 0.204688 0.697917
9 0.740625 0.629167 0.942188 0.629167 0.942188 0.952083 0.740625 0.952083