1 0.310937 0.295833 0.357812 0.295833 0.357812 0.379167 0.310937 0.379167
9 0.225000 0.310417 0.292187 0.310417 0.292187 0.402083 0.225000 0.402083
2 0.585938 0.322917 0.654688 0.322917 0.654688 0.433333 0.585938 0.433333
9 0.534375 0.356250 0.584375 0.356250 0.584375 0.450000 0.534375 0.450000
4 0.479687 0.395833 0.525000 0.395833 0.525000 0.458333 0.479687 0.458333
10 0.668750 0.418750 0.735938 0.418750 0.735938 0.525000 0.668750 0.525000
7 0.135938 0.425000 0.209375 0.425000 0.209375 0.522917 0.135938 0.522917
4 0.579688 0.443750 0.635937 0.443750 0.635937 0.516667 0.579688 0.516667
7 0.193750 0.475000 0.267188 0.475000 0.267188 0.570833 0.193750 0.570833
4 0.495312 0.502083 0.567187 0.502083 0.567187 0.597917 0.495312 0.597917
4 0.740625 0.518750 0.831250 0.518750 0.831250 0.641667 0.740625 0.641667
4 0.626562 0.552083 0.718750 0.552083 0.718750 0.660417 0.626562 0.660417
4 0.125000 0.616667 0.232812 0.616667 0.232812 0.729167 0.125000 0.729167
4 0.168750 0.731250 0.295312 0.731250 0.295312 0.902083 0.168750 0.902083
4 0.600000 0.775000 0.768750 0.775000 0.768750 1.000000 0.600000 1.000000