1 0.332813 0.277083 0.378125 0.277083 0.378125 0.345833 0.332813 0.345833
4 0.387500 0.291667 0.410938 0.291667 0.410938 0.333333 0.387500 0.333333
4 0.509375 0.325000 0.539062 0.325000 0.539062 0.362500 0.509375 0.362500
7 0.282813 0.331250 0.343750 0.331250 0.343750 0.416667 0.282813 0.416667
4 0.498437 0.360417 0.548438 0.360417 0.548438 0.425000 0.498437 0.425000
7 0.339062 0.358333 0.392187 0.358333 0.392187 0.439583 0.339062 0.439583
7 0.560937 0.358333 0.615625 0.358333 0.615625 0.454167 0.560937 0.454167
4 0.459375 0.400000 0.493750 0.400000 0.493750 0.450000 0.459375 0.450000
4 0.475000 0.427083 0.531250 0.427083 0.531250 0.493750 0.475000 0.493750
7 0.603125 0.437500 0.657813 0.437500 0.657813 0.550000 0.603125 0.550000
4 0.482813 0.456250 0.543750 0.456250 0.543750 0.560417 0.482813 0.560417
4 0.798438 0.483333 0.860938 0.483333 0.860938 0.566667 0.798438 0.566667
7 0.629687 0.418750 0.742188 0.418750 0.742188 0.637500 0.629687 0.637500
4 0.262500 0.504167 0.340625 0.504167 0.340625 0.606250 0.262500 0.606250
4 0.498438 0.518750 0.606250 0.518750 0.606250 0.645833 0.498438 0.645833
4 0.515625 0.585417 0.625000 0.585417 0.625000 0.758333 0.515625 0.758333
1 0.662500 0.475000 0.943750 0.475000 0.943750 0.897917 0.662500 0.897917
4 0.553125 0.764583 0.703125 0.764583 0.703125 1.000000 0.553125 1.000000
4 0.089063 0.804167 0.295312 0.804167 0.295312 1.000000 0.089063 1.000000