4 0.378125 0.333333 0.404688 0.333333 0.404688 0.370833 0.378125 0.370833
5 0.276562 0.310417 0.339062 0.310417 0.339062 0.406250 0.276562 0.406250
7 0.234375 0.347917 0.276563 0.347917 0.276563 0.400000 0.234375 0.400000
4 0.575000 0.354167 0.603125 0.354167 0.603125 0.393750 0.575000 0.393750
4 0.528125 0.352083 0.559375 0.352083 0.559375 0.400000 0.528125 0.400000
9 0.198437 0.364583 0.250000 0.364583 0.250000 0.439583 0.198437 0.439583
4 0.603125 0.379167 0.648438 0.379167 0.648438 0.433333 0.603125 0.433333
4 0.476562 0.408333 0.521875 0.408333 0.521875 0.466667 0.476562 0.466667
9 0.135937 0.397917 0.210938 0.397917 0.210938 0.487500 0.135937 0.487500
4 0.340625 0.429167 0.384375 0.429167 0.384375 0.491667 0.340625 0.491667
4 0.571875 0.447917 0.623437 0.447917 0.623437 0.516667 0.571875 0.516667
8 0.656250 0.410417 0.781250 0.410417 0.781250 0.554167 0.656250 0.554167
4 0.492188 0.466667 0.550000 0.466667 0.550000 0.539583 0.492188 0.539583
9 0.103125 0.479167 0.221875 0.479167 0.221875 0.656250 0.103125 0.656250
4 0.639062 0.533333 0.715625 0.533333 0.715625 0.627083 0.639062 0.627083
4 0.237500 0.631250 0.334375 0.631250 0.334375 0.758333 0.237500 0.758333
4 0.721875 0.631250 0.845313 0.631250 0.845313 0.789583 0.721875 0.789583
9 0.000000 0.614583 0.140625 0.614583 0.140625 0.912500 0.000000 0.912500