4 0.610938 0.379167 0.657813 0.379167 0.657813 0.441667 0.610938 0.441667
4 0.485937 0.383333 0.531250 0.383333 0.531250 0.443750 0.485937 0.443750
4 0.543750 0.389583 0.582812 0.389583 0.582812 0.445833 0.543750 0.445833
4 0.334375 0.397917 0.376563 0.397917 0.376563 0.445833 0.334375 0.445833
4 0.687500 0.404167 0.742188 0.404167 0.742188 0.460417 0.687500 0.460417
10 0.575000 0.404167 0.643750 0.404167 0.643750 0.527083 0.575000 0.527083
4 0.482812 0.437500 0.534375 0.437500 0.534375 0.506250 0.482812 0.506250
4 0.665625 0.450000 0.717187 0.450000 0.717187 0.520833 0.665625 0.520833
9 0.720312 0.437500 0.828125 0.437500 0.828125 0.614583 0.720312 0.614583
4 0.506250 0.497917 0.582813 0.497917 0.582813 0.602083 0.506250 0.602083
4 0.657813 0.566667 0.764062 0.566667 0.764062 0.704167 0.657813 0.704167
8 0.853125 0.491667 1.000000 0.491667 1.000000 0.868750 0.853125 0.868750
9 0.759375 0.645833 0.984375 0.645833 0.984375 1.000000 0.759375 1.000000