4 0.357812 0.289583 0.389062 0.289583 0.389062 0.318750 0.357812 0.318750
7 0.296875 0.277083 0.343750 0.277083 0.343750 0.343750 0.296875 0.343750
4 0.378125 0.295833 0.420313 0.295833 0.420313 0.327083 0.378125 0.327083
4 0.370312 0.322917 0.412500 0.322917 0.412500 0.381250 0.370312 0.381250
1 0.501563 0.316667 0.584375 0.316667 0.584375 0.429167 0.501563 0.429167
4 0.328125 0.397917 0.389062 0.397917 0.389062 0.468750 0.328125 0.468750
4 0.656250 0.414583 0.707812 0.414583 0.707812 0.489583 0.656250 0.489583
4 0.478125 0.431250 0.528125 0.431250 0.528125 0.508333 0.478125 0.508333
7 0.576562 0.412500 0.667187 0.412500 0.667187 0.556250 0.576562 0.556250
4 0.696875 0.447917 0.771875 0.447917 0.771875 0.550000 0.696875 0.550000
4 0.501563 0.497917 0.573437 0.497917 0.573437 0.604167 0.501563 0.604167
4 0.629687 0.541667 0.745313 0.541667 0.745313 0.691667 0.629687 0.691667
4 0.901563 0.579167 0.992188 0.579167 0.992188 0.706250 0.901563 0.706250
4 0.521875 0.593750 0.635937 0.593750 0.635937 0.760417 0.521875 0.760417
1 0.939062 0.593750 1.000000 0.593750 1.000000 0.872917 0.939062 0.872917
4 0.550000 0.791667 0.712500 0.791667 0.712500 1.000000 0.550000 1.000000