8 0.592187 0.329167 0.650000 0.329167 0.650000 0.416667 0.592187 0.416667
4 0.475000 0.368750 0.509375 0.368750 0.509375 0.412500 0.475000 0.412500
2 0.535938 0.333333 0.607812 0.333333 0.607812 0.450000 0.535938 0.450000
4 0.214063 0.385417 0.256250 0.385417 0.256250 0.437500 0.214063 0.437500
4 0.345312 0.383333 0.393750 0.383333 0.393750 0.443750 0.345312 0.443750
4 0.481250 0.420833 0.531250 0.420833 0.531250 0.475000 0.481250 0.475000
8 0.650000 0.377083 0.765625 0.377083 0.765625 0.535417 0.650000 0.535417
10 0.581250 0.425000 0.632812 0.425000 0.632812 0.533333 0.581250 0.533333
4 0.493750 0.477083 0.553125 0.477083 0.553125 0.552083 0.493750 0.552083
4 0.798438 0.487500 0.868750 0.487500 0.868750 0.572917 0.798438 0.572917
9 0.626563 0.445833 0.743750 0.445833 0.743750 0.652083 0.626563 0.652083
4 0.253125 0.568750 0.332813 0.568750 0.332813 0.656250 0.253125 0.656250
4 0.528125 0.597917 0.623437 0.597917 0.623437 0.739583 0.528125 0.739583
9 0.728125 0.587500 0.931250 0.587500 0.931250 0.931250 0.728125 0.931250