4 0.382812 0.285417 0.414062 0.285417 0.414062 0.327083 0.382812 0.327083
4 0.375000 0.316667 0.404687 0.316667 0.404687 0.362500 0.375000 0.362500
4 0.467187 0.339583 0.492188 0.339583 0.492188 0.381250 0.467187 0.381250
7 0.535938 0.347917 0.579688 0.347917 0.579688 0.425000 0.535938 0.425000
4 0.470313 0.385417 0.507812 0.385417 0.507812 0.422917 0.470313 0.422917
4 0.331250 0.375000 0.404688 0.375000 0.404688 0.466667 0.331250 0.466667
4 0.475000 0.427083 0.515625 0.427083 0.515625 0.483333 0.475000 0.483333
4 0.496875 0.464583 0.550000 0.464583 0.550000 0.552083 0.496875 0.552083
7 0.165625 0.414583 0.301562 0.414583 0.301562 0.614583 0.165625 0.614583
1 0.593750 0.406250 0.779688 0.406250 0.779688 0.683333 0.593750 0.683333
4 0.856250 0.625000 0.971875 0.625000 0.971875 0.772917 0.856250 0.772917
4 0.582812 0.741667 0.700000 0.741667 0.700000 0.935417 0.582812 0.935417
4 0.084375 0.854167 0.268750 0.854167 0.268750 1.000000 0.084375 1.000000