2 0.515625 0.325000 0.571875 0.325000 0.571875 0.414583 0.515625 0.414583
4 0.464062 0.364583 0.495312 0.364583 0.495312 0.402083 0.464062 0.402083
2 0.189063 0.329167 0.273438 0.329167 0.273438 0.443750 0.189063 0.443750
8 0.612500 0.337500 0.707812 0.337500 0.707812 0.456250 0.612500 0.456250
4 0.346875 0.377083 0.392187 0.377083 0.392187 0.433333 0.346875 0.433333
4 0.473438 0.391667 0.512500 0.391667 0.512500 0.422917 0.473438 0.422917
4 0.475000 0.425000 0.526562 0.425000 0.526562 0.479167 0.475000 0.479167
2 0.562500 0.377083 0.673437 0.377083 0.673437 0.552083 0.562500 0.552083
4 0.492188 0.472917 0.553125 0.472917 0.553125 0.533333 0.492188 0.533333
4 0.503125 0.531250 0.570312 0.531250 0.570312 0.612500 0.503125 0.612500
4 0.814063 0.533333 0.885937 0.533333 0.885937 0.647917 0.814063 0.647917
8 0.662500 0.450000 0.873437 0.450000 0.873437 0.808333 0.662500 0.808333
4 0.518750 0.610417 0.620313 0.610417 0.620313 0.754167 0.518750 0.754167