7 0.618750 0.345833 0.675000 0.345833 0.675000 0.439583 0.618750 0.439583
10 0.560937 0.393750 0.614063 0.393750 0.614063 0.504167 0.560937 0.504167
7 0.678125 0.408333 0.704688 0.408333 0.704688 0.495833 0.678125 0.495833
8 0.709375 0.400000 0.859375 0.400000 0.859375 0.560417 0.709375 0.560417
4 0.470313 0.447917 0.523438 0.447917 0.523438 0.533333 0.470313 0.533333
10 0.581250 0.429167 0.662500 0.429167 0.662500 0.562500 0.581250 0.562500
4 0.485938 0.506250 0.551563 0.506250 0.551563 0.595833 0.485938 0.595833
6 0.887500 0.531250 1.000000 0.531250 1.000000 0.656250 0.887500 0.656250
4 0.496875 0.556250 0.589063 0.556250 0.589063 0.708333 0.496875 0.708333
4 0.592188 0.556250 0.710938 0.556250 0.710938 0.716667 0.592188 0.716667
1 0.718750 0.522917 0.925000 0.522917 0.925000 0.864583 0.718750 0.864583
0 0.000000 0.510417 0.203125 0.510417 0.203125 0.912500 0.000000 0.912500
1 0.800000 0.645833 1.000000 0.645833 1.000000 1.000000 0.800000 1.000000
4 0.525000 0.770833 0.654687 0.770833 0.654687 0.997917 0.525000 0.997917