9 0.284375 0.297917 0.329687 0.297917 0.329687 0.341667 0.284375 0.341667
8 0.332812 0.289583 0.375000 0.289583 0.375000 0.352083 0.332812 0.352083
8 0.240625 0.310417 0.298438 0.310417 0.298438 0.366667 0.240625 0.366667
4 0.373437 0.320833 0.404687 0.320833 0.404687 0.364583 0.373437 0.364583
10 0.506250 0.310417 0.553125 0.310417 0.553125 0.383333 0.506250 0.383333
4 0.457813 0.325000 0.490625 0.325000 0.490625 0.370833 0.457813 0.370833
10 0.560937 0.331250 0.610938 0.331250 0.610938 0.408333 0.560937 0.408333
4 0.351562 0.354167 0.392188 0.354167 0.392188 0.402083 0.351562 0.402083
2 0.273438 0.331250 0.345313 0.331250 0.345313 0.431250 0.273438 0.431250
10 0.198438 0.358333 0.251563 0.358333 0.251563 0.439583 0.198438 0.439583
10 0.321875 0.414583 0.378125 0.414583 0.378125 0.483333 0.321875 0.483333
4 0.600000 0.466667 0.662500 0.466667 0.662500 0.545833 0.600000 0.545833
4 0.518750 0.468750 0.579688 0.468750 0.579688 0.562500 0.518750 0.562500
4 0.106250 0.541667 0.203125 0.541667 0.203125 0.670833 0.106250 0.670833
4 0.246875 0.616667 0.329687 0.616667 0.329687 0.716667 0.246875 0.716667