4 0.270313 0.345833 0.300000 0.345833 0.300000 0.381250 0.270313 0.381250
8 0.576562 0.320833 0.637500 0.320833 0.637500 0.408333 0.576562 0.408333
9 0.525000 0.331250 0.578125 0.331250 0.578125 0.439583 0.525000 0.439583
4 0.348438 0.372917 0.381250 0.372917 0.381250 0.418750 0.348438 0.418750
4 0.468750 0.377083 0.507812 0.377083 0.507812 0.435417 0.468750 0.435417
9 0.551563 0.372917 0.610938 0.372917 0.610938 0.489583 0.551563 0.489583
4 0.482812 0.437500 0.534375 0.437500 0.534375 0.504167 0.482812 0.504167
6 0.207813 0.429167 0.276562 0.429167 0.276562 0.529167 0.207813 0.529167
11 0.637500 0.422917 0.773438 0.422917 0.773438 0.543750 0.637500 0.543750
4 0.531250 0.475000 0.600000 0.475000 0.600000 0.558333 0.531250 0.558333
3 0.514062 0.537500 0.615625 0.537500 0.615625 0.729167 0.514062 0.729167