9 0.296875 0.297917 0.329688 0.297917 0.329688 0.337500 0.296875 0.337500
8 0.321875 0.293750 0.371875 0.293750 0.371875 0.360417 0.321875 0.360417
8 0.237500 0.310417 0.298437 0.310417 0.298437 0.381250 0.237500 0.381250
10 0.506250 0.308333 0.550000 0.308333 0.550000 0.383333 0.506250 0.383333
4 0.375000 0.331250 0.401563 0.331250 0.401563 0.364583 0.375000 0.364583
4 0.459375 0.337500 0.485938 0.337500 0.485938 0.372917 0.459375 0.372917
10 0.560937 0.331250 0.610938 0.331250 0.610938 0.408333 0.560937 0.408333
4 0.353125 0.354167 0.389062 0.354167 0.389062 0.400000 0.353125 0.400000
2 0.270313 0.335417 0.342188 0.335417 0.342188 0.435417 0.270313 0.435417
10 0.193750 0.362500 0.245313 0.362500 0.245313 0.447917 0.193750 0.447917
10 0.315625 0.416667 0.378125 0.416667 0.378125 0.493750 0.315625 0.493750
4 0.592187 0.456250 0.654687 0.456250 0.654687 0.545833 0.592187 0.545833
4 0.093750 0.560417 0.192188 0.560417 0.192188 0.681250 0.093750 0.681250