4 0.375000 0.320833 0.401563 0.320833 0.401563 0.354167 0.375000 0.354167
1 0.507812 0.291667 0.564062 0.291667 0.564062 0.404167 0.507812 0.404167
4 0.573438 0.356250 0.609375 0.356250 0.609375 0.402083 0.573438 0.402083
0 0.617188 0.331250 0.679688 0.331250 0.679688 0.433333 0.617188 0.433333
7 0.278125 0.360417 0.329687 0.360417 0.329687 0.425000 0.278125 0.425000
4 0.471875 0.393750 0.510938 0.393750 0.510938 0.439583 0.471875 0.439583
4 0.593750 0.408333 0.635938 0.408333 0.635938 0.462500 0.593750 0.462500
4 0.329688 0.418750 0.381250 0.418750 0.381250 0.470833 0.329688 0.470833
5 0.659375 0.391667 0.743750 0.391667 0.743750 0.508333 0.659375 0.508333
4 0.481250 0.435417 0.529687 0.435417 0.529687 0.489583 0.481250 0.489583
9 0.623437 0.416667 0.723438 0.416667 0.723438 0.575000 0.623437 0.575000
4 0.496875 0.525000 0.567187 0.525000 0.567187 0.612500 0.496875 0.612500
1 0.679688 0.525000 1.000000 0.525000 1.000000 1.000000 0.679688 1.000000
4 0.548438 0.672917 0.668750 0.672917 0.668750 0.887500 0.548438 0.887500