5 0.246875 0.325000 0.301563 0.325000 0.301563 0.391667 0.246875 0.391667
4 0.370312 0.331250 0.404688 0.331250 0.404688 0.385417 0.370312 0.385417
4 0.317187 0.345833 0.359375 0.345833 0.359375 0.402083 0.317187 0.402083
1 0.628125 0.358333 0.750000 0.358333 0.750000 0.520833 0.628125 0.520833
4 0.571875 0.414583 0.629688 0.414583 0.629688 0.489583 0.571875 0.489583
5 0.185938 0.397917 0.303125 0.397917 0.303125 0.552083 0.185938 0.552083
4 0.310938 0.443750 0.379688 0.443750 0.379688 0.529167 0.310938 0.529167
4 0.484375 0.458333 0.546875 0.458333 0.546875 0.539583 0.484375 0.539583
4 0.685937 0.462500 0.759375 0.462500 0.759375 0.558333 0.685937 0.558333
4 0.582812 0.462500 0.648438 0.462500 0.648438 0.562500 0.582812 0.562500
4 0.500000 0.493750 0.575000 0.493750 0.575000 0.602083 0.500000 0.602083
4 0.273438 0.506250 0.368750 0.506250 0.368750 0.614583 0.273438 0.614583
4 0.731250 0.527083 0.831250 0.527083 0.831250 0.614583 0.731250 0.614583
5 0.614062 0.487500 0.715625 0.487500 0.715625 0.670833 0.614062 0.670833
4 0.543750 0.570833 0.645312 0.570833 0.645312 0.704167 0.543750 0.704167
1 0.812500 0.431250 1.000000 0.431250 1.000000 0.852083 0.812500 0.852083
7 0.493750 0.583333 0.603125 0.583333 0.603125 0.800000 0.493750 0.800000
5 0.703125 0.556250 0.895312 0.556250 0.895312 0.906250 0.703125 0.906250
4 0.000000 0.847917 0.081250 0.847917 0.081250 1.000000 0.000000 1.000000