7 0.278125 0.302083 0.314062 0.302083 0.314062 0.366667 0.278125 0.366667
7 0.334375 0.310417 0.373437 0.310417 0.373437 0.360417 0.334375 0.360417
4 0.453125 0.333333 0.487500 0.333333 0.487500 0.370833 0.453125 0.370833
1 0.525000 0.310417 0.595313 0.310417 0.595313 0.441667 0.525000 0.441667
4 0.460938 0.360417 0.495313 0.360417 0.495313 0.402083 0.460938 0.402083
4 0.598437 0.375000 0.637500 0.375000 0.637500 0.429167 0.598437 0.429167
0 0.634375 0.352083 0.718750 0.352083 0.718750 0.481250 0.634375 0.481250
4 0.473438 0.402083 0.509375 0.402083 0.509375 0.454167 0.473438 0.454167
4 0.320312 0.420833 0.373437 0.420833 0.373437 0.479167 0.320312 0.479167
4 0.482812 0.450000 0.540625 0.450000 0.540625 0.522917 0.482812 0.522917
5 0.717188 0.458333 0.859375 0.458333 0.859375 0.612500 0.717188 0.612500
4 0.514062 0.556250 0.587500 0.556250 0.587500 0.647917 0.514062 0.647917
4 0.642188 0.556250 0.720313 0.556250 0.720313 0.652083 0.642188 0.652083
4 0.570312 0.816667 0.709375 0.816667 0.709375 1.000000 0.570312 1.000000