4 0.576562 0.350000 0.615625 0.350000 0.615625 0.400000 0.576562 0.400000
4 0.460938 0.360417 0.495313 0.360417 0.495313 0.402083 0.460938 0.402083
4 0.528125 0.372917 0.568750 0.372917 0.568750 0.420833 0.528125 0.420833
5 0.182813 0.370833 0.243750 0.370833 0.243750 0.450000 0.182813 0.450000
4 0.604688 0.387500 0.643750 0.387500 0.643750 0.439583 0.604688 0.439583
4 0.475000 0.395833 0.515625 0.395833 0.515625 0.441667 0.475000 0.441667
7 0.646875 0.391667 0.714062 0.391667 0.714062 0.493750 0.646875 0.493750
4 0.485938 0.435417 0.532813 0.435417 0.532813 0.497917 0.485938 0.497917
4 0.571875 0.435417 0.628125 0.435417 0.628125 0.508333 0.571875 0.508333
1 0.706250 0.379167 0.901563 0.379167 0.901563 0.666667 0.706250 0.666667
4 0.515625 0.531250 0.601562 0.531250 0.601562 0.652083 0.515625 0.652083
1 0.631250 0.502083 0.815625 0.502083 0.815625 0.756250 0.631250 0.756250
4 0.923437 0.577083 1.000000 0.577083 1.000000 0.700000 0.923437 0.700000
4 0.190625 0.637500 0.306250 0.637500 0.306250 0.777083 0.190625 0.777083
4 0.570312 0.729167 0.706250 0.729167 0.706250 0.931250 0.570312 0.931250