4 0.554688 0.333333 0.589063 0.333333 0.589063 0.372917 0.554688 0.372917
4 0.514062 0.347917 0.543750 0.347917 0.543750 0.387500 0.514062 0.387500
4 0.571875 0.358333 0.610938 0.358333 0.610938 0.400000 0.571875 0.400000
4 0.537500 0.381250 0.571875 0.381250 0.571875 0.429167 0.537500 0.429167
4 0.471875 0.383333 0.509375 0.383333 0.509375 0.437500 0.471875 0.437500
1 0.648438 0.343750 0.768750 0.343750 0.768750 0.543750 0.648438 0.543750
4 0.482812 0.427083 0.542187 0.427083 0.542187 0.504167 0.482812 0.504167
1 0.568750 0.412500 0.665625 0.412500 0.665625 0.543750 0.568750 0.543750
5 0.000000 0.466667 0.109375 0.466667 0.109375 0.622917 0.000000 0.622917
4 0.503125 0.518750 0.576562 0.518750 0.576562 0.625000 0.503125 0.625000
4 0.826563 0.620833 0.945312 0.620833 0.945312 0.743750 0.826563 0.743750
4 0.534375 0.658333 0.642188 0.658333 0.642188 0.837500 0.534375 0.837500
4 0.740625 0.708333 0.865625 0.708333 0.865625 0.862500 0.740625 0.862500