0 0.281250 0.320833 0.356250 0.320833 0.356250 0.406250 0.281250 0.406250
4 0.340625 0.375000 0.398438 0.375000 0.398438 0.429167 0.340625 0.429167
1 0.664062 0.381250 0.739062 0.381250 0.739062 0.506250 0.664062 0.506250
4 0.307812 0.443750 0.368750 0.443750 0.368750 0.522917 0.307812 0.522917
1 0.578125 0.443750 0.656250 0.443750 0.656250 0.545833 0.578125 0.545833
1 0.481250 0.487500 0.537500 0.487500 0.537500 0.570833 0.481250 0.570833
1 0.625000 0.454167 0.723437 0.454167 0.723437 0.625000 0.625000 0.625000
4 0.495313 0.529167 0.578125 0.529167 0.578125 0.639583 0.495313 0.639583
1 0.000000 0.508333 0.051562 0.508333 0.051562 0.729167 0.000000 0.729167
1 0.045312 0.512500 0.198437 0.512500 0.198437 0.737500 0.045312 0.737500
1 0.695312 0.558333 0.789062 0.558333 0.789062 0.706250 0.695312 0.706250
4 0.510938 0.600000 0.606250 0.600000 0.606250 0.750000 0.510938 0.750000
1 0.754687 0.539583 0.948438 0.539583 0.948438 0.864583 0.754687 0.864583
7 0.200000 0.633333 0.343750 0.633333 0.343750 0.816667 0.200000 0.816667
1 0.828125 0.654167 1.000000 0.654167 1.000000 1.000000 0.828125 1.000000
4 0.640625 0.706250 0.781250 0.706250 0.781250 0.964583 0.640625 0.964583
4 0.520312 0.845833 0.640625 0.845833 0.640625 1.000000 0.520312 1.000000