4 0.342188 0.314583 0.370312 0.314583 0.370312 0.356250 0.342188 0.356250
4 0.464062 0.358333 0.496875 0.358333 0.496875 0.402083 0.464062 0.402083
1 0.604688 0.320833 0.690625 0.320833 0.690625 0.454167 0.604688 0.454167
4 0.289062 0.372917 0.323438 0.372917 0.323438 0.422917 0.289062 0.422917
1 0.531250 0.358333 0.603125 0.358333 0.603125 0.450000 0.531250 0.450000
4 0.478125 0.383333 0.517188 0.383333 0.517188 0.439583 0.478125 0.439583
4 0.339063 0.414583 0.382812 0.414583 0.382812 0.470833 0.339063 0.470833
4 0.481250 0.433333 0.525000 0.433333 0.525000 0.493750 0.481250 0.493750
4 0.617188 0.506250 0.684375 0.506250 0.684375 0.602083 0.617188 0.602083
4 0.501563 0.512500 0.565625 0.512500 0.565625 0.614583 0.501563 0.614583
4 0.153125 0.564583 0.248437 0.564583 0.248437 0.675000 0.153125 0.675000
1 0.714063 0.502083 1.000000 0.502083 1.000000 1.000000 0.714063 1.000000
4 0.570312 0.783333 0.707812 0.783333 0.707812 0.989583 0.570312 0.989583