0 0.321875 0.306250 0.357812 0.306250 0.357812 0.368750 0.321875 0.368750
4 0.362500 0.347917 0.398438 0.347917 0.398438 0.393750 0.362500 0.393750
4 0.342187 0.389583 0.389062 0.389583 0.389062 0.450000 0.342187 0.450000
1 0.668750 0.397917 0.750000 0.397917 0.750000 0.525000 0.668750 0.525000
1 0.214063 0.393750 0.304688 0.393750 0.304688 0.593750 0.214063 0.593750
4 0.298437 0.420833 0.387500 0.420833 0.387500 0.579167 0.298437 0.579167
1 0.587500 0.441667 0.653125 0.441667 0.653125 0.564583 0.587500 0.564583
4 0.470312 0.493750 0.557812 0.493750 0.557812 0.566667 0.470312 0.566667
1 0.034375 0.416667 0.171875 0.416667 0.171875 0.652083 0.034375 0.652083
1 0.615625 0.460417 0.712500 0.460417 0.712500 0.627083 0.615625 0.627083
1 0.782812 0.450000 1.000000 0.450000 1.000000 0.662500 0.782812 0.662500
4 0.503125 0.543750 0.603125 0.543750 0.603125 0.668750 0.503125 0.668750
4 0.104688 0.558333 0.243750 0.558333 0.243750 0.741667 0.104688 0.741667
4 0.518750 0.606250 0.618750 0.606250 0.618750 0.768750 0.518750 0.768750
1 0.750000 0.541667 0.990625 0.541667 0.990625 0.870833 0.750000 0.870833
4 0.645312 0.706250 0.781250 0.706250 0.781250 0.962500 0.645312 0.962500
1 0.826563 0.668750 1.000000 0.668750 1.000000 1.000000 0.826563 1.000000
4 0.160938 0.741667 0.325000 0.741667 0.325000 0.931250 0.160938 0.931250
4 0.529687 0.839583 0.653125 0.839583 0.653125 1.000000 0.529687 1.000000