4 0.370313 0.329167 0.398438 0.329167 0.398438 0.364583 0.370313 0.364583
9 0.514063 0.329167 0.554688 0.329167 0.554688 0.393750 0.514063 0.393750
7 0.256250 0.335417 0.301563 0.335417 0.301563 0.397917 0.256250 0.397917
4 0.464062 0.356250 0.496875 0.356250 0.496875 0.397917 0.464062 0.397917
4 0.531250 0.383333 0.556250 0.383333 0.556250 0.420833 0.531250 0.420833
10 0.620313 0.383333 0.664062 0.383333 0.664062 0.450000 0.620313 0.450000
4 0.470313 0.389583 0.509375 0.389583 0.509375 0.450000 0.470313 0.450000
11 0.554688 0.364583 0.640625 0.364583 0.640625 0.502083 0.554688 0.502083
9 0.660938 0.422917 0.735938 0.422917 0.735938 0.508333 0.660938 0.508333
4 0.484375 0.447917 0.539062 0.447917 0.539062 0.514583 0.484375 0.514583
4 0.743750 0.522917 0.821875 0.522917 0.821875 0.620833 0.743750 0.620833
4 0.634375 0.541667 0.720313 0.541667 0.720313 0.643750 0.634375 0.643750
4 0.551563 0.625000 0.646875 0.625000 0.646875 0.770833 0.551563 0.770833
10 0.876562 0.581250 1.000000 0.581250 1.000000 0.818750 0.876562 0.818750