4 0.373438 0.327083 0.403125 0.327083 0.403125 0.368750 0.373438 0.368750
8 0.301562 0.310417 0.351562 0.310417 0.351562 0.387500 0.301562 0.387500
4 0.509375 0.343750 0.543750 0.343750 0.543750 0.393750 0.509375 0.393750
4 0.457812 0.350000 0.492188 0.350000 0.492188 0.404167 0.457812 0.404167
9 0.278125 0.339583 0.332813 0.339583 0.332813 0.429167 0.278125 0.429167
4 0.350000 0.381250 0.390625 0.381250 0.390625 0.427083 0.350000 0.427083
4 0.559375 0.400000 0.609375 0.400000 0.609375 0.477083 0.559375 0.477083
4 0.309375 0.435417 0.367188 0.435417 0.367188 0.510417 0.309375 0.510417
10 0.618750 0.429167 0.725000 0.429167 0.725000 0.625000 0.618750 0.625000
9 0.000000 0.456250 0.129688 0.456250 0.129688 0.635417 0.000000 0.635417
11 0.028125 0.445833 0.250000 0.445833 0.250000 0.754167 0.028125 0.754167
4 0.539062 0.641667 0.642187 0.641667 0.642187 0.795833 0.539062 0.795833