1 0.512500 0.318750 0.565625 0.318750 0.565625 0.402083 0.512500 0.402083
7 0.235937 0.333333 0.285938 0.333333 0.285938 0.400000 0.235937 0.400000
7 0.590625 0.356250 0.639062 0.356250 0.639062 0.418750 0.590625 0.418750
4 0.465625 0.372917 0.503125 0.372917 0.503125 0.420833 0.465625 0.420833
4 0.543750 0.397917 0.595313 0.397917 0.595313 0.460417 0.543750 0.460417
4 0.621875 0.400000 0.671875 0.400000 0.671875 0.466667 0.621875 0.466667
4 0.315625 0.414583 0.367188 0.414583 0.367188 0.477083 0.315625 0.477083
4 0.484375 0.425000 0.534375 0.425000 0.534375 0.493750 0.484375 0.493750
7 0.681250 0.414583 0.754688 0.414583 0.754688 0.539583 0.681250 0.539583
4 0.598438 0.472917 0.678125 0.472917 0.678125 0.575000 0.598438 0.575000
4 0.495312 0.493750 0.559375 0.493750 0.559375 0.577083 0.495312 0.577083
1 0.762500 0.404167 1.000000 0.404167 1.000000 0.766667 0.762500 0.766667
4 0.540625 0.610417 0.667187 0.610417 0.667187 0.795833 0.540625 0.795833