4 0.362500 0.314583 0.400000 0.314583 0.400000 0.366667 0.362500 0.366667
1 0.575000 0.291667 0.659375 0.291667 0.659375 0.422917 0.575000 0.422917
4 0.459375 0.352083 0.503125 0.352083 0.503125 0.408333 0.459375 0.408333
7 0.521875 0.337500 0.584375 0.337500 0.584375 0.433333 0.521875 0.433333
1 0.610937 0.356250 0.703125 0.356250 0.703125 0.468750 0.610937 0.468750
4 0.339062 0.379167 0.389063 0.379167 0.389063 0.450000 0.339062 0.450000
4 0.464062 0.389583 0.514062 0.389583 0.514062 0.441667 0.464062 0.441667
4 0.545312 0.393750 0.600000 0.393750 0.600000 0.464583 0.545312 0.464583
7 0.145313 0.377083 0.229687 0.377083 0.229687 0.495833 0.145313 0.495833
4 0.468750 0.412500 0.525000 0.412500 0.525000 0.487500 0.468750 0.487500
4 0.565625 0.402083 0.635938 0.402083 0.635938 0.497917 0.565625 0.497917
4 0.304688 0.435417 0.373437 0.435417 0.373437 0.535417 0.304688 0.535417
1 0.703125 0.408333 0.831250 0.408333 0.831250 0.568750 0.703125 0.568750
4 0.478125 0.441667 0.548438 0.441667 0.548438 0.539583 0.478125 0.539583
1 0.700000 0.412500 0.825000 0.412500 0.825000 0.570833 0.700000 0.570833
1 0.582812 0.427083 0.660937 0.427083 0.660937 0.583333 0.582812 0.583333
4 0.492187 0.483333 0.564062 0.483333 0.564062 0.577083 0.492187 0.577083
1 0.609375 0.445833 0.737500 0.445833 0.737500 0.654167 0.609375 0.654167
1 0.062500 0.425000 0.279687 0.425000 0.279687 0.720833 0.062500 0.720833
4 0.515625 0.518750 0.604688 0.518750 0.604688 0.637500 0.515625 0.637500
1 0.792188 0.479167 0.979688 0.479167 0.979688 0.704167 0.792188 0.704167
7 0.487500 0.537500 0.582812 0.537500 0.582812 0.714583 0.487500 0.714583
7 0.700000 0.550000 0.796875 0.550000 0.796875 0.722917 0.700000 0.722917
1 0.726562 0.512500 0.978125 0.512500 0.978125 0.902083 0.726562 0.902083
4 0.521875 0.637500 0.635937 0.637500 0.635937 0.818750 0.521875 0.818750
1 0.826563 0.662500 1.000000 0.662500 1.000000 1.000000 0.826563 1.000000
4 0.520313 0.745833 0.704688 0.745833 0.704688 0.981250 0.520313 0.981250
4 0.546875 0.887500 0.725000 0.887500 0.725000 1.000000 0.546875 1.000000
4 0.125000 0.906250 0.293750 0.906250 0.293750 0.997917 0.125000 0.997917