4 0.357812 0.318750 0.381250 0.318750 0.381250 0.350000 0.357812 0.350000
7 0.259375 0.329167 0.296875 0.329167 0.296875 0.391667 0.259375 0.391667
1 0.290625 0.331250 0.353125 0.331250 0.353125 0.414583 0.290625 0.414583
7 0.593750 0.314583 0.665625 0.314583 0.665625 0.437500 0.593750 0.437500
7 0.529687 0.343750 0.576562 0.343750 0.576562 0.431250 0.529687 0.431250
4 0.360938 0.372917 0.396875 0.372917 0.396875 0.420833 0.360938 0.420833
4 0.554688 0.397917 0.587500 0.397917 0.587500 0.450000 0.554688 0.450000
7 0.639062 0.370833 0.704688 0.370833 0.704688 0.495833 0.639062 0.495833
4 0.312500 0.408333 0.357812 0.408333 0.357812 0.466667 0.312500 0.466667
4 0.573438 0.414583 0.617188 0.414583 0.617188 0.481250 0.573438 0.481250
4 0.482812 0.431250 0.521875 0.431250 0.521875 0.493750 0.482812 0.493750
4 0.487500 0.454167 0.546875 0.454167 0.546875 0.535417 0.487500 0.535417
7 0.589063 0.441667 0.656250 0.441667 0.656250 0.577083 0.589063 0.577083
7 0.728125 0.433333 0.837500 0.433333 0.837500 0.604167 0.728125 0.604167
4 0.221875 0.470833 0.309375 0.470833 0.309375 0.587500 0.221875 0.587500
4 0.498438 0.491667 0.562500 0.491667 0.562500 0.577083 0.498438 0.577083
7 0.614062 0.447917 0.721875 0.447917 0.721875 0.650000 0.614062 0.650000
4 0.523438 0.525000 0.593750 0.525000 0.593750 0.629167 0.523438 0.629167
7 0.495312 0.543750 0.576562 0.543750 0.576562 0.702083 0.495312 0.702083
7 0.715625 0.570833 0.814063 0.570833 0.814063 0.731250 0.715625 0.731250
4 0.226562 0.625000 0.332812 0.625000 0.332812 0.766667 0.226562 0.766667
1 0.748437 0.539583 0.978125 0.539583 0.978125 0.929167 0.748437 0.929167
4 0.523438 0.654167 0.623438 0.654167 0.623438 0.829167 0.523438 0.829167
4 0.545312 0.758333 0.681250 0.758333 0.681250 0.964583 0.545312 0.964583
4 0.567187 0.902083 0.718750 0.902083 0.718750 1.000000 0.567187 1.000000