4 0.362500 0.345833 0.390625 0.345833 0.390625 0.385417 0.362500 0.385417
4 0.467187 0.372917 0.498437 0.372917 0.498437 0.416667 0.467187 0.416667
9 0.545312 0.356250 0.595313 0.356250 0.595313 0.441667 0.545312 0.441667
4 0.626563 0.410417 0.678125 0.410417 0.678125 0.472917 0.626563 0.472917
4 0.496875 0.425000 0.542188 0.425000 0.542188 0.495833 0.496875 0.495833
4 0.307812 0.447917 0.357813 0.447917 0.357813 0.506250 0.307812 0.506250
5 0.012500 0.383333 0.168750 0.383333 0.168750 0.581250 0.012500 0.581250
4 0.509375 0.518750 0.576562 0.518750 0.576562 0.612500 0.509375 0.612500
4 0.751563 0.527083 0.837500 0.527083 0.837500 0.622917 0.751563 0.622917
4 0.643750 0.539583 0.726562 0.539583 0.726562 0.652083 0.643750 0.652083
4 0.714063 0.641667 0.839063 0.641667 0.839063 0.814583 0.714063 0.814583
4 0.193750 0.675000 0.310937 0.675000 0.310937 0.827083 0.193750 0.827083
4 0.554688 0.691667 0.673437 0.691667 0.673437 0.885417 0.554688 0.885417