7 0.262500 0.318750 0.304688 0.318750 0.304688 0.379167 0.262500 0.379167
1 0.514063 0.327083 0.578125 0.327083 0.578125 0.429167 0.514063 0.429167
4 0.351562 0.356250 0.385938 0.356250 0.385938 0.400000 0.351562 0.400000
4 0.579688 0.356250 0.618750 0.356250 0.618750 0.406250 0.579688 0.406250
7 0.604688 0.379167 0.653125 0.379167 0.653125 0.441667 0.604688 0.441667
4 0.471875 0.387500 0.509375 0.387500 0.509375 0.435417 0.471875 0.435417
4 0.559375 0.425000 0.610938 0.425000 0.610938 0.487500 0.559375 0.487500
4 0.639062 0.425000 0.700000 0.425000 0.700000 0.495833 0.639062 0.495833
4 0.496875 0.456250 0.551562 0.456250 0.551562 0.527083 0.496875 0.527083
7 0.696875 0.439583 0.792187 0.439583 0.792187 0.577083 0.696875 0.577083
7 0.000000 0.481250 0.120313 0.481250 0.120313 0.639583 0.000000 0.639583
4 0.632812 0.531250 0.732813 0.531250 0.732813 0.656250 0.632812 0.656250
4 0.509375 0.550000 0.590625 0.550000 0.590625 0.656250 0.509375 0.656250
4 0.228125 0.593750 0.331250 0.593750 0.331250 0.704167 0.228125 0.704167
4 0.568750 0.727083 0.739063 0.727083 0.739063 0.970833 0.568750 0.970833