8 0.489062 0.287500 0.531250 0.287500 0.531250 0.352083 0.489062 0.352083
8 0.260937 0.306250 0.318750 0.306250 0.318750 0.362500 0.260937 0.362500
2 0.296875 0.316667 0.360938 0.316667 0.360938 0.397917 0.296875 0.397917
4 0.462500 0.345833 0.495312 0.345833 0.495312 0.391667 0.462500 0.391667
10 0.525000 0.325000 0.567188 0.325000 0.567188 0.412500 0.525000 0.412500
10 0.231250 0.343750 0.271875 0.343750 0.271875 0.406250 0.231250 0.406250
10 0.348438 0.368750 0.392187 0.368750 0.392187 0.431250 0.348438 0.431250
10 0.596875 0.362500 0.646875 0.362500 0.646875 0.439583 0.596875 0.439583
4 0.206250 0.452083 0.271875 0.452083 0.271875 0.535417 0.206250 0.535417
4 0.310937 0.483333 0.360938 0.483333 0.360938 0.543750 0.310937 0.543750
4 0.562500 0.589583 0.645312 0.589583 0.645312 0.735417 0.562500 0.735417
4 0.693750 0.610417 0.812500 0.610417 0.812500 0.758333 0.693750 0.758333