5 0.320312 0.329167 0.356250 0.329167 0.356250 0.370833 0.320312 0.370833
9 0.235937 0.312500 0.300000 0.312500 0.300000 0.389583 0.235937 0.389583
4 0.370312 0.347917 0.400000 0.347917 0.400000 0.385417 0.370312 0.385417
4 0.309375 0.358333 0.342188 0.358333 0.342188 0.406250 0.309375 0.406250
4 0.470313 0.372917 0.506250 0.372917 0.506250 0.422917 0.470313 0.422917
8 0.615625 0.329167 0.687500 0.329167 0.687500 0.468750 0.615625 0.468750
9 0.257812 0.370833 0.314063 0.370833 0.314063 0.464583 0.257812 0.464583
11 0.546875 0.347917 0.640625 0.347917 0.640625 0.497917 0.546875 0.497917
4 0.479687 0.418750 0.529687 0.418750 0.529687 0.491667 0.479687 0.491667
4 0.326562 0.429167 0.382812 0.429167 0.382812 0.500000 0.326562 0.500000
1 0.010938 0.370833 0.198437 0.370833 0.198437 0.610417 0.010938 0.610417
4 0.192188 0.493750 0.268750 0.493750 0.268750 0.564583 0.192188 0.564583
4 0.278125 0.514583 0.354687 0.514583 0.354687 0.614583 0.278125 0.614583
4 0.512500 0.577083 0.598437 0.577083 0.598437 0.706250 0.512500 0.706250
8 0.693750 0.481250 0.934375 0.481250 0.934375 0.881250 0.693750 0.881250
7 0.000000 0.647917 0.110937 0.647917 0.110937 0.810417 0.000000 0.810417