4 0.332812 0.333333 0.359375 0.333333 0.359375 0.370833 0.332812 0.370833
7 0.218750 0.339583 0.265625 0.339583 0.265625 0.412500 0.218750 0.412500
4 0.560937 0.397917 0.587500 0.397917 0.587500 0.439583 0.560937 0.439583
4 0.343750 0.400000 0.389062 0.400000 0.389062 0.460417 0.343750 0.460417
1 0.618750 0.364583 0.715625 0.364583 0.715625 0.506250 0.618750 0.506250
4 0.573437 0.416667 0.626563 0.416667 0.626563 0.481250 0.573437 0.481250
4 0.489062 0.431250 0.539062 0.431250 0.539062 0.472917 0.489062 0.472917
4 0.262500 0.454167 0.321875 0.454167 0.321875 0.508333 0.262500 0.508333
4 0.487500 0.456250 0.550000 0.456250 0.550000 0.535417 0.487500 0.535417
7 0.598438 0.452083 0.673438 0.452083 0.673438 0.589583 0.598438 0.589583
4 0.504687 0.487500 0.559375 0.487500 0.559375 0.558333 0.504687 0.558333
4 0.545312 0.550000 0.628125 0.550000 0.628125 0.672917 0.545312 0.672917
7 0.660937 0.497917 0.785937 0.497917 0.785937 0.731250 0.660937 0.731250
1 0.789062 0.422917 1.000000 0.422917 1.000000 0.837500 0.789062 0.837500
7 0.496875 0.564583 0.587500 0.564583 0.587500 0.743750 0.496875 0.743750
7 0.021875 0.566667 0.129688 0.566667 0.129688 0.920833 0.021875 0.920833
4 0.140625 0.741667 0.329688 0.741667 0.329688 0.920833 0.140625 0.920833
4 0.545312 0.820833 0.696875 0.820833 0.696875 0.997917 0.545312 0.997917