4 0.356250 0.343750 0.390625 0.343750 0.390625 0.379167 0.356250 0.379167
5 0.507812 0.331250 0.564062 0.331250 0.564062 0.402083 0.507812 0.402083
7 0.223438 0.337500 0.278125 0.337500 0.278125 0.404167 0.223438 0.404167
4 0.467187 0.350000 0.506250 0.350000 0.506250 0.400000 0.467187 0.400000
4 0.281250 0.389583 0.329688 0.389583 0.329688 0.447917 0.281250 0.447917
4 0.550000 0.404167 0.589063 0.404167 0.589063 0.464583 0.550000 0.464583
4 0.476562 0.420833 0.528125 0.420833 0.528125 0.487500 0.476562 0.487500
1 0.587500 0.370833 0.750000 0.370833 0.750000 0.656250 0.587500 0.656250
4 0.696875 0.483333 0.762500 0.483333 0.762500 0.568750 0.696875 0.568750
0 0.764062 0.466667 0.967187 0.466667 0.967187 0.727083 0.764062 0.727083
4 0.512500 0.568750 0.589063 0.568750 0.589063 0.675000 0.512500 0.675000
4 0.579688 0.791667 0.732812 0.791667 0.732812 1.000000 0.579688 1.000000