4 0.281250 0.314583 0.314063 0.314583 0.314063 0.360417 0.281250 0.360417
7 0.325000 0.312500 0.354687 0.312500 0.354687 0.364583 0.325000 0.364583
4 0.373438 0.325000 0.403125 0.325000 0.403125 0.360417 0.373438 0.360417
1 0.579688 0.310417 0.645313 0.310417 0.645313 0.414583 0.579688 0.414583
1 0.523438 0.320833 0.582812 0.320833 0.582812 0.422917 0.523438 0.422917
0 0.456250 0.329167 0.526563 0.329167 0.526563 0.450000 0.456250 0.450000
4 0.340625 0.402083 0.385937 0.402083 0.385937 0.462500 0.340625 0.462500
7 0.242188 0.402083 0.310937 0.402083 0.310937 0.483333 0.242188 0.483333
4 0.715625 0.422917 0.767188 0.422917 0.767188 0.479167 0.715625 0.479167
4 0.643750 0.412500 0.704688 0.412500 0.704688 0.500000 0.643750 0.500000
7 0.085938 0.406250 0.200000 0.406250 0.200000 0.560417 0.085938 0.560417
7 0.167187 0.464583 0.260937 0.464583 0.260937 0.610417 0.167187 0.610417
4 0.289062 0.547917 0.367188 0.547917 0.367188 0.635417 0.289062 0.635417
4 0.510938 0.575000 0.606250 0.575000 0.606250 0.691667 0.510938 0.691667
7 0.000000 0.564583 0.140625 0.564583 0.140625 0.754167 0.000000 0.754167
1 0.848437 0.510417 1.000000 0.510417 1.000000 0.868750 0.848437 0.868750
1 0.693750 0.514583 1.000000 0.514583 1.000000 1.000000 0.693750 1.000000