11 0.564063 0.335417 0.623437 0.335417 0.623437 0.408333 0.564063 0.408333
4 0.628125 0.358333 0.665625 0.358333 0.665625 0.408333 0.628125 0.408333
3 0.468750 0.362500 0.506250 0.362500 0.506250 0.437500 0.468750 0.437500
4 0.343750 0.381250 0.379687 0.381250 0.379687 0.420833 0.343750 0.420833
9 0.539062 0.379167 0.604688 0.379167 0.604688 0.470833 0.539062 0.470833
4 0.479688 0.416667 0.531250 0.416667 0.531250 0.491667 0.479688 0.491667
9 0.643750 0.425000 0.710938 0.425000 0.710938 0.495833 0.643750 0.495833
4 0.576562 0.462500 0.651562 0.462500 0.651562 0.552083 0.576562 0.552083
4 0.487500 0.481250 0.553125 0.481250 0.553125 0.585417 0.487500 0.585417
11 0.648438 0.462500 0.875000 0.462500 0.875000 0.814583 0.648438 0.814583
9 0.834375 0.575000 0.950000 0.575000 0.950000 0.716667 0.834375 0.716667
4 0.537500 0.639583 0.637500 0.639583 0.637500 0.779167 0.537500 0.779167