7 0.348438 0.277083 0.389063 0.277083 0.389063 0.329167 0.348438 0.329167
7 0.389063 0.285417 0.417187 0.285417 0.417187 0.329167 0.389063 0.329167
4 0.357813 0.339583 0.401562 0.339583 0.401562 0.395833 0.357813 0.395833
7 0.226562 0.347917 0.326562 0.347917 0.326562 0.472917 0.226562 0.472917
7 0.581250 0.377083 0.643750 0.377083 0.643750 0.497917 0.581250 0.497917
4 0.459375 0.412500 0.512500 0.412500 0.512500 0.481250 0.459375 0.481250
1 0.657813 0.364583 0.826562 0.364583 0.826562 0.543750 0.657813 0.543750
4 0.534375 0.435417 0.609375 0.435417 0.609375 0.539583 0.534375 0.539583
4 0.473438 0.450000 0.534375 0.450000 0.534375 0.535417 0.473438 0.535417
7 0.650000 0.477083 0.707813 0.477083 0.707813 0.585417 0.650000 0.585417
7 0.000000 0.460417 0.125000 0.460417 0.125000 0.639583 0.000000 0.639583
4 0.493750 0.529167 0.578125 0.529167 0.578125 0.643750 0.493750 0.643750
1 0.676563 0.466667 0.834375 0.466667 0.834375 0.733333 0.676563 0.733333
4 0.528125 0.604167 0.629687 0.604167 0.629687 0.756250 0.528125 0.756250
4 0.073438 0.629167 0.192188 0.629167 0.192188 0.750000 0.073438 0.750000
1 0.739062 0.554167 1.000000 0.554167 1.000000 1.000000 0.739062 1.000000
4 0.542187 0.714583 0.693750 0.714583 0.693750 0.960417 0.542187 0.960417