4 0.362500 0.345833 0.398438 0.345833 0.398438 0.402083 0.362500 0.402083
10 0.592188 0.343750 0.632812 0.343750 0.632812 0.414583 0.592188 0.414583
4 0.303125 0.370833 0.337500 0.370833 0.337500 0.414583 0.303125 0.414583
4 0.475000 0.379167 0.520313 0.379167 0.520313 0.443750 0.475000 0.443750
1 0.104688 0.345833 0.235938 0.345833 0.235938 0.522917 0.104688 0.522917
4 0.345313 0.416667 0.384375 0.416667 0.384375 0.464583 0.345313 0.464583
4 0.253125 0.431250 0.298437 0.431250 0.298437 0.493750 0.253125 0.493750
4 0.312500 0.475000 0.371875 0.475000 0.371875 0.554167 0.312500 0.554167
4 0.579687 0.485417 0.648438 0.485417 0.648438 0.575000 0.579687 0.575000
9 0.659375 0.477083 0.801562 0.477083 0.801562 0.729167 0.659375 0.729167
10 0.815625 0.545833 0.926562 0.545833 0.926562 0.697917 0.815625 0.697917
1 0.000000 0.506250 0.207813 0.506250 0.207813 0.779167 0.000000 0.779167
3 0.521875 0.572917 0.614063 0.572917 0.614063 0.739583 0.521875 0.739583
4 0.204687 0.635417 0.318750 0.635417 0.318750 0.789583 0.204687 0.789583
9 0.762500 0.629167 0.939063 0.629167 0.939063 0.887500 0.762500 0.887500