0 0.376563 0.254167 0.404687 0.254167 0.404687 0.291667 0.376563 0.291667
4 0.387500 0.302083 0.410938 0.302083 0.410938 0.335417 0.387500 0.335417
1 0.275000 0.302083 0.320312 0.302083 0.320312 0.362500 0.275000 0.362500
4 0.367188 0.318750 0.395312 0.318750 0.395312 0.368750 0.367188 0.368750
1 0.315625 0.306250 0.360937 0.306250 0.360937 0.387500 0.315625 0.387500
1 0.590625 0.333333 0.637500 0.333333 0.637500 0.420833 0.590625 0.420833
4 0.348438 0.370833 0.389063 0.370833 0.389063 0.418750 0.348438 0.418750
7 0.260938 0.356250 0.320312 0.356250 0.320312 0.437500 0.260938 0.437500
1 0.617188 0.350000 0.687500 0.350000 0.687500 0.460417 0.617188 0.460417
4 0.478125 0.404167 0.528125 0.404167 0.528125 0.439583 0.478125 0.439583
4 0.557812 0.408333 0.610938 0.408333 0.610938 0.470833 0.557812 0.470833
7 0.223438 0.393750 0.287500 0.393750 0.287500 0.495833 0.223438 0.495833
4 0.482813 0.425000 0.531250 0.425000 0.531250 0.466667 0.482813 0.466667
4 0.748437 0.437500 0.821875 0.437500 0.821875 0.500000 0.748437 0.500000
7 0.484375 0.439583 0.545313 0.439583 0.545313 0.516667 0.484375 0.516667
1 0.687500 0.420833 0.760938 0.420833 0.760938 0.545833 0.687500 0.545833
7 0.589062 0.429167 0.654687 0.429167 0.654687 0.564583 0.589062 0.564583
1 0.775000 0.468750 0.909375 0.468750 0.909375 0.587500 0.775000 0.587500
7 0.620312 0.443750 0.720313 0.443750 0.720313 0.645833 0.620312 0.645833
4 0.289062 0.510417 0.367188 0.510417 0.367188 0.597917 0.289062 0.597917
4 0.482813 0.525000 0.559375 0.525000 0.559375 0.633333 0.482813 0.633333
4 0.518750 0.558333 0.601562 0.558333 0.601562 0.704167 0.518750 0.704167
7 0.710938 0.564583 0.778125 0.564583 0.778125 0.710417 0.710938 0.710417
1 0.746875 0.537500 0.948438 0.537500 0.948438 0.845833 0.746875 0.845833
4 0.531250 0.700000 0.646875 0.700000 0.646875 0.893750 0.531250 0.893750
1 0.848437 0.675000 1.000000 0.675000 1.000000 0.925000 0.848437 0.925000
1 0.693750 0.883333 0.857812 0.883333 0.857812 1.000000 0.693750 1.000000