8 0.573438 0.306250 0.625000 0.306250 0.625000 0.383333 0.573438 0.383333
11 0.515625 0.320833 0.582812 0.320833 0.582812 0.420833 0.515625 0.420833
4 0.462500 0.350000 0.493750 0.350000 0.493750 0.393750 0.462500 0.393750
9 0.173437 0.337500 0.256250 0.337500 0.256250 0.435417 0.173437 0.435417
5 0.287500 0.360417 0.339062 0.360417 0.339062 0.420833 0.287500 0.420833
4 0.337500 0.410417 0.378125 0.410417 0.378125 0.464583 0.337500 0.464583
4 0.253125 0.416667 0.304688 0.416667 0.304688 0.479167 0.253125 0.479167
4 0.473438 0.412500 0.521875 0.412500 0.521875 0.485417 0.473438 0.485417
4 0.170313 0.427083 0.225000 0.427083 0.225000 0.477083 0.170313 0.477083
8 0.589062 0.372917 0.704688 0.372917 0.704688 0.575000 0.589062 0.575000
9 0.125000 0.477083 0.234375 0.477083 0.234375 0.641667 0.125000 0.641667
8 0.750000 0.491667 0.921875 0.491667 0.921875 0.679167 0.750000 0.679167
4 0.515625 0.570833 0.603125 0.570833 0.603125 0.712500 0.515625 0.712500
9 0.703125 0.510417 0.865625 0.510417 0.865625 0.791667 0.703125 0.791667
4 0.196875 0.687500 0.323437 0.687500 0.323437 0.843750 0.196875 0.843750