4 0.359375 0.327083 0.390625 0.327083 0.390625 0.362500 0.359375 0.362500
4 0.279688 0.364583 0.323437 0.364583 0.323437 0.435417 0.279688 0.435417
1 0.607813 0.337500 0.703125 0.337500 0.703125 0.462500 0.607813 0.462500
1 0.532813 0.345833 0.620312 0.345833 0.620312 0.470833 0.532813 0.470833
4 0.468750 0.400000 0.509375 0.400000 0.509375 0.462500 0.468750 0.462500
4 0.489062 0.418750 0.535937 0.418750 0.535937 0.475000 0.489062 0.475000
4 0.717187 0.433333 0.792187 0.433333 0.792187 0.518750 0.717187 0.518750
7 0.212500 0.431250 0.282813 0.431250 0.282813 0.547917 0.212500 0.547917
4 0.476562 0.454167 0.550000 0.454167 0.550000 0.529167 0.476562 0.529167
1 0.579687 0.416667 0.718750 0.416667 0.718750 0.579167 0.579687 0.579167
4 0.496875 0.504167 0.573438 0.504167 0.573438 0.620833 0.496875 0.620833
4 0.514062 0.604167 0.615625 0.604167 0.615625 0.729167 0.514062 0.729167
1 0.900000 0.562500 1.000000 0.562500 1.000000 0.800000 0.900000 0.800000
1 0.707812 0.550000 0.964063 0.550000 0.964063 0.912500 0.707812 0.912500
4 0.528125 0.702083 0.665625 0.702083 0.665625 0.912500 0.528125 0.912500
4 0.587500 0.835417 0.739063 0.835417 0.739063 1.000000 0.587500 1.000000
4 0.110938 0.868750 0.273438 0.868750 0.273438 1.000000 0.110938 1.000000