4 0.362500 0.337500 0.403125 0.337500 0.403125 0.379167 0.362500 0.379167
5 0.296875 0.312500 0.351562 0.312500 0.351562 0.406250 0.296875 0.406250
4 0.354687 0.358333 0.403125 0.358333 0.403125 0.410417 0.354687 0.410417
4 0.623437 0.383333 0.662500 0.383333 0.662500 0.456250 0.623437 0.456250
4 0.312500 0.400000 0.371875 0.400000 0.371875 0.466667 0.312500 0.466667
1 0.634375 0.364583 0.770313 0.364583 0.770313 0.525000 0.634375 0.525000
4 0.573438 0.425000 0.648438 0.425000 0.648438 0.512500 0.573438 0.512500
4 0.479688 0.464583 0.554688 0.464583 0.554688 0.560417 0.479688 0.560417
4 0.790625 0.483333 0.890625 0.483333 0.890625 0.575000 0.790625 0.575000
4 0.270313 0.477083 0.364063 0.477083 0.364063 0.600000 0.270313 0.600000
4 0.498438 0.514583 0.582813 0.514583 0.582813 0.620833 0.498438 0.620833
4 0.639063 0.527083 0.726562 0.527083 0.726562 0.662500 0.639063 0.662500
1 0.898438 0.485417 1.000000 0.485417 1.000000 0.793750 0.898438 0.793750
4 0.793750 0.579167 0.890625 0.579167 0.890625 0.704167 0.793750 0.704167
4 0.565625 0.618750 0.670312 0.618750 0.670312 0.770833 0.565625 0.770833
5 0.692188 0.595833 0.857812 0.595833 0.857812 0.847917 0.692188 0.847917
4 0.029688 0.631250 0.178125 0.631250 0.178125 0.814583 0.029688 0.814583
7 0.482812 0.695833 0.654687 0.695833 0.654687 0.983333 0.482812 0.983333
4 0.132812 0.735417 0.295312 0.735417 0.295312 0.993750 0.132812 0.993750
5 0.823438 0.735417 1.000000 0.735417 1.000000 1.000000 0.823438 1.000000