1 0.507812 0.291667 0.564062 0.291667 0.564062 0.404167 0.507812 0.404167
4 0.365625 0.333333 0.398438 0.333333 0.398438 0.375000 0.365625 0.375000
0 0.607812 0.331250 0.670312 0.331250 0.670312 0.414583 0.607812 0.414583
4 0.573438 0.356250 0.609375 0.356250 0.609375 0.402083 0.573438 0.402083
7 0.262500 0.370833 0.321875 0.370833 0.321875 0.447917 0.262500 0.447917
4 0.470313 0.387500 0.509375 0.387500 0.509375 0.433333 0.470313 0.433333
5 0.654687 0.383333 0.737500 0.383333 0.737500 0.477083 0.654687 0.477083
4 0.476562 0.420833 0.525000 0.420833 0.525000 0.475000 0.476562 0.475000
9 0.593750 0.408333 0.676562 0.408333 0.676562 0.535417 0.593750 0.535417
4 0.304688 0.477083 0.364062 0.477083 0.364062 0.539583 0.304688 0.539583
4 0.490625 0.502083 0.560937 0.502083 0.560937 0.589583 0.490625 0.589583
1 0.645312 0.487500 0.909375 0.487500 0.909375 0.879167 0.645312 0.879167
4 0.534375 0.620833 0.632812 0.620833 0.632812 0.795833 0.534375 0.795833