2 0.262500 0.302083 0.315625 0.302083 0.315625 0.375000 0.262500 0.375000
2 0.515625 0.318750 0.571875 0.318750 0.571875 0.408333 0.515625 0.408333
4 0.464062 0.364583 0.495312 0.364583 0.495312 0.402083 0.464062 0.402083
8 0.612500 0.341667 0.707812 0.341667 0.707812 0.460417 0.612500 0.460417
4 0.537500 0.404167 0.576562 0.404167 0.576562 0.460417 0.537500 0.460417
4 0.481250 0.429167 0.531250 0.429167 0.531250 0.483333 0.481250 0.483333
2 0.570312 0.383333 0.695312 0.383333 0.695312 0.585417 0.570312 0.585417
4 0.492188 0.472917 0.559375 0.472917 0.559375 0.570833 0.492188 0.570833
4 0.506250 0.554167 0.593750 0.554167 0.593750 0.656250 0.506250 0.656250
8 0.701563 0.489583 0.965625 0.489583 0.965625 0.927083 0.701563 0.927083
4 0.539062 0.685417 0.664062 0.685417 0.664062 0.879167 0.539062 0.879167