1 0.298437 0.320833 0.348438 0.320833 0.348438 0.397917 0.298437 0.397917
4 0.365625 0.356250 0.398438 0.356250 0.398438 0.389583 0.365625 0.389583
4 0.532813 0.360417 0.568750 0.360417 0.568750 0.414583 0.532813 0.414583
4 0.354687 0.389583 0.387500 0.389583 0.387500 0.429167 0.354687 0.429167
4 0.476562 0.389583 0.518750 0.389583 0.518750 0.450000 0.476562 0.450000
10 0.562500 0.391667 0.606250 0.391667 0.606250 0.460417 0.562500 0.460417
4 0.265625 0.402083 0.306250 0.402083 0.306250 0.454167 0.265625 0.454167
7 0.165625 0.391667 0.235937 0.391667 0.235937 0.483333 0.165625 0.483333
4 0.485938 0.435417 0.532813 0.435417 0.532813 0.506250 0.485938 0.506250
7 0.075000 0.408333 0.173437 0.408333 0.173437 0.552083 0.075000 0.552083
4 0.312500 0.460417 0.376563 0.460417 0.376563 0.531250 0.312500 0.531250
10 0.698438 0.443750 0.768750 0.443750 0.768750 0.552083 0.698438 0.552083
11 0.600000 0.393750 0.764062 0.393750 0.764062 0.664583 0.600000 0.664583
7 0.179688 0.495833 0.251563 0.495833 0.251563 0.587500 0.179688 0.587500
2 0.498438 0.452083 0.660938 0.452083 0.660938 0.739583 0.498438 0.739583
10 0.787500 0.508333 0.914062 0.508333 0.914062 0.691667 0.787500 0.691667
4 0.264063 0.560417 0.348438 0.560417 0.348438 0.666667 0.264063 0.666667
7 0.001562 0.552083 0.165625 0.552083 0.165625 0.737500 0.001562 0.737500