7 0.273438 0.327083 0.337500 0.327083 0.337500 0.429167 0.273438 0.429167
4 0.457813 0.360417 0.498438 0.360417 0.498438 0.408333 0.457813 0.408333
4 0.359375 0.362500 0.404687 0.362500 0.404687 0.408333 0.359375 0.408333
1 0.520313 0.329167 0.603125 0.329167 0.603125 0.456250 0.520313 0.456250
1 0.615625 0.350000 0.707813 0.350000 0.707813 0.462500 0.615625 0.462500
7 0.196875 0.406250 0.260937 0.406250 0.260937 0.504167 0.196875 0.504167
4 0.326563 0.422917 0.385937 0.422917 0.385937 0.487500 0.326563 0.487500
4 0.479688 0.429167 0.531250 0.429167 0.531250 0.502083 0.479688 0.502083
4 0.590625 0.450000 0.653125 0.450000 0.653125 0.550000 0.590625 0.550000
0 0.640625 0.441667 0.864062 0.441667 0.864062 0.764583 0.640625 0.764583
4 0.257812 0.560417 0.337500 0.560417 0.337500 0.660417 0.257812 0.660417
4 0.545312 0.568750 0.643750 0.568750 0.643750 0.712500 0.545312 0.712500
4 0.860937 0.625000 0.984375 0.625000 0.984375 0.766667 0.860937 0.766667
4 0.007812 0.633333 0.143750 0.633333 0.143750 0.775000 0.007812 0.775000
4 0.579688 0.783333 0.754688 0.783333 0.754688 1.000000 0.579688 1.000000