7 0.298437 0.297917 0.331250 0.297917 0.331250 0.347917 0.298437 0.347917
4 0.332813 0.327083 0.360937 0.327083 0.360937 0.368750 0.332813 0.368750
4 0.464062 0.358333 0.493750 0.358333 0.493750 0.389583 0.464062 0.389583
1 0.592187 0.316667 0.670312 0.316667 0.670312 0.439583 0.592187 0.439583
1 0.526562 0.350000 0.584375 0.350000 0.584375 0.433333 0.526562 0.433333
4 0.475000 0.370833 0.514062 0.370833 0.514062 0.418750 0.475000 0.418750
4 0.254688 0.416667 0.303125 0.416667 0.303125 0.481250 0.254688 0.481250
4 0.476562 0.420833 0.520312 0.420833 0.520312 0.481250 0.476562 0.481250
4 0.593750 0.470833 0.653125 0.470833 0.653125 0.545833 0.593750 0.545833
4 0.495312 0.477083 0.556250 0.477083 0.556250 0.562500 0.495312 0.562500
4 0.300000 0.495833 0.364063 0.495833 0.364063 0.568750 0.300000 0.568750
1 0.665625 0.447917 1.000000 0.447917 1.000000 0.993750 0.665625 0.993750
4 0.548438 0.704167 0.654687 0.704167 0.654687 0.860417 0.548438 0.860417