5 0.385937 0.297917 0.412500 0.297917 0.412500 0.329167 0.385937 0.329167
4 0.368750 0.339583 0.396875 0.339583 0.396875 0.375000 0.368750 0.375000
4 0.462500 0.352083 0.495312 0.352083 0.495312 0.393750 0.462500 0.393750
7 0.229687 0.356250 0.282812 0.356250 0.282812 0.418750 0.229687 0.418750
4 0.467187 0.383333 0.506250 0.383333 0.506250 0.435417 0.467187 0.435417
10 0.620313 0.383333 0.659375 0.383333 0.659375 0.437500 0.620313 0.437500
11 0.546875 0.356250 0.632812 0.356250 0.632812 0.489583 0.546875 0.489583
9 0.653125 0.420833 0.717187 0.420833 0.717187 0.500000 0.653125 0.500000
4 0.484375 0.441667 0.529688 0.441667 0.529688 0.497917 0.484375 0.497917
4 0.721875 0.497917 0.800000 0.497917 0.800000 0.595833 0.721875 0.595833
4 0.612500 0.506250 0.695312 0.506250 0.695312 0.608333 0.612500 0.608333
4 0.537500 0.589583 0.625000 0.589583 0.625000 0.710417 0.537500 0.710417
10 0.832812 0.545833 0.987500 0.545833 0.987500 0.762500 0.832812 0.762500