4 0.368750 0.331250 0.398438 0.331250 0.398438 0.364583 0.368750 0.364583
4 0.273438 0.337500 0.306250 0.337500 0.306250 0.375000 0.273438 0.375000
9 0.515625 0.327083 0.560938 0.327083 0.560938 0.400000 0.515625 0.400000
4 0.465625 0.360417 0.500000 0.360417 0.500000 0.397917 0.465625 0.397917
8 0.614063 0.337500 0.685937 0.337500 0.685937 0.456250 0.614063 0.456250
4 0.484375 0.393750 0.523438 0.393750 0.523438 0.441667 0.484375 0.441667
2 0.554688 0.347917 0.639063 0.347917 0.639063 0.487500 0.554688 0.487500
4 0.339062 0.395833 0.381250 0.395833 0.381250 0.443750 0.339062 0.443750
4 0.696875 0.404167 0.751563 0.404167 0.751563 0.468750 0.696875 0.468750
4 0.496875 0.481250 0.562500 0.481250 0.562500 0.552083 0.496875 0.552083
8 0.718750 0.431250 0.875000 0.431250 0.875000 0.604167 0.718750 0.604167
10 0.628125 0.487500 0.710938 0.487500 0.710938 0.629167 0.628125 0.629167
4 0.518750 0.589583 0.607812 0.589583 0.607812 0.710417 0.518750 0.710417
9 0.703125 0.535417 0.887500 0.535417 0.887500 0.872917 0.703125 0.872917