4 0.392188 0.287500 0.420312 0.287500 0.420312 0.325000 0.392188 0.325000
4 0.354687 0.297917 0.385937 0.297917 0.385937 0.327083 0.354687 0.327083
7 0.282812 0.281250 0.339062 0.281250 0.339062 0.368750 0.282812 0.368750
4 0.368750 0.310417 0.409375 0.310417 0.409375 0.360417 0.368750 0.360417
1 0.509375 0.314583 0.581250 0.314583 0.581250 0.420833 0.509375 0.420833
4 0.353125 0.345833 0.404687 0.345833 0.404687 0.412500 0.353125 0.412500
4 0.629688 0.393750 0.681250 0.393750 0.681250 0.468750 0.629688 0.468750
4 0.471875 0.416667 0.526563 0.416667 0.526563 0.491667 0.471875 0.491667
7 0.553125 0.383333 0.643750 0.383333 0.643750 0.527083 0.553125 0.527083
4 0.662500 0.414583 0.737500 0.414583 0.737500 0.516667 0.662500 0.516667
4 0.493750 0.470833 0.565625 0.470833 0.565625 0.577083 0.493750 0.577083
4 0.268750 0.483333 0.365625 0.483333 0.365625 0.625000 0.268750 0.625000
4 0.603125 0.491667 0.704688 0.491667 0.704688 0.625000 0.603125 0.625000
4 0.796875 0.500000 0.887500 0.500000 0.887500 0.627083 0.796875 0.627083
4 0.509375 0.539583 0.617188 0.539583 0.617188 0.693750 0.509375 0.693750
1 0.850000 0.543750 1.000000 0.543750 1.000000 0.847917 0.850000 0.847917
4 0.529687 0.685417 0.662500 0.685417 0.662500 0.912500 0.529687 0.912500
4 0.362500 0.877083 0.364063 0.877083 0.364063 0.889583 0.362500 0.889583
4 0.800000 0.850000 1.000000 0.850000 1.000000 1.000000 0.800000 1.000000