8 0.585938 0.312500 0.648438 0.312500 0.648438 0.425000 0.585938 0.425000
5 0.303125 0.347917 0.346875 0.347917 0.346875 0.397917 0.303125 0.397917
9 0.201562 0.337500 0.270313 0.337500 0.270313 0.414583 0.201562 0.414583
11 0.517188 0.329167 0.595313 0.329167 0.595313 0.435417 0.517188 0.435417
4 0.467187 0.366667 0.501563 0.366667 0.501563 0.414583 0.467187 0.414583
4 0.353125 0.385417 0.390625 0.385417 0.390625 0.425000 0.353125 0.425000
4 0.279687 0.385417 0.318750 0.385417 0.318750 0.435417 0.279687 0.435417
4 0.479687 0.450000 0.532813 0.450000 0.532813 0.525000 0.479687 0.525000
9 0.189062 0.420833 0.279687 0.420833 0.279687 0.562500 0.189062 0.562500
8 0.609375 0.400000 0.742188 0.400000 0.742188 0.643750 0.609375 0.643750
1 0.000000 0.447917 0.075000 0.447917 0.075000 0.764583 0.000000 0.764583
4 0.257812 0.564583 0.351562 0.564583 0.351562 0.677083 0.257812 0.677083
4 0.021875 0.672917 0.156250 0.672917 0.156250 0.806250 0.021875 0.806250
9 0.779688 0.589583 0.984375 0.589583 0.984375 0.954167 0.779688 0.954167
4 0.543750 0.702083 0.662500 0.702083 0.662500 0.881250 0.543750 0.881250
4 0.132812 0.791667 0.285938 0.791667 0.285938 0.997917 0.132812 0.997917