4 0.362500 0.352083 0.398438 0.352083 0.398438 0.395833 0.362500 0.395833
4 0.250000 0.354167 0.289062 0.354167 0.289062 0.397917 0.250000 0.397917
8 0.606250 0.333333 0.668750 0.333333 0.668750 0.435417 0.606250 0.435417
4 0.671875 0.377083 0.714063 0.377083 0.714063 0.429167 0.671875 0.429167
4 0.478125 0.377083 0.518750 0.377083 0.518750 0.431250 0.478125 0.431250
2 0.542187 0.343750 0.623437 0.343750 0.623437 0.470833 0.542187 0.470833
4 0.310937 0.445833 0.367188 0.445833 0.367188 0.512500 0.310937 0.512500
4 0.490625 0.443750 0.545312 0.443750 0.545312 0.514583 0.490625 0.514583
8 0.684375 0.416667 0.818750 0.416667 0.818750 0.568750 0.684375 0.568750
10 0.593750 0.454167 0.670313 0.454167 0.670313 0.589583 0.593750 0.589583
4 0.506250 0.533333 0.575000 0.533333 0.575000 0.635417 0.506250 0.635417
9 0.659375 0.485417 0.806250 0.485417 0.806250 0.754167 0.659375 0.754167
4 0.917188 0.583333 1.000000 0.583333 1.000000 0.704167 0.917188 0.704167
4 0.567188 0.722917 0.696875 0.722917 0.696875 0.931250 0.567188 0.931250
7 0.828125 0.714583 1.000000 0.714583 1.000000 1.000000 0.828125 1.000000