7 0.268750 0.320833 0.301563 0.320833 0.301563 0.370833 0.268750 0.370833
1 0.576562 0.302083 0.642188 0.302083 0.642188 0.410417 0.576562 0.410417
4 0.460938 0.352083 0.490625 0.352083 0.490625 0.383333 0.460938 0.383333
1 0.515625 0.333333 0.573438 0.333333 0.573438 0.416667 0.515625 0.416667
4 0.307813 0.356250 0.343750 0.356250 0.343750 0.408333 0.307813 0.408333
4 0.470313 0.360417 0.509375 0.360417 0.509375 0.408333 0.470313 0.408333
4 0.471875 0.397917 0.510938 0.397917 0.510938 0.439583 0.471875 0.439583
4 0.565625 0.429167 0.614062 0.429167 0.614062 0.487500 0.565625 0.487500
4 0.485938 0.437500 0.537500 0.437500 0.537500 0.510417 0.485938 0.510417
4 0.759375 0.506250 0.806250 0.506250 0.806250 0.581250 0.759375 0.581250
1 0.612500 0.395833 0.810937 0.395833 0.810937 0.739583 0.612500 0.739583
4 0.131250 0.545833 0.218750 0.545833 0.218750 0.658333 0.131250 0.658333
0 0.804688 0.493750 1.000000 0.493750 1.000000 0.820833 0.804688 0.820833
4 0.525000 0.614583 0.615625 0.614583 0.615625 0.739583 0.525000 0.739583