6 0.307813 0.331250 0.351562 0.331250 0.351562 0.391667 0.307813 0.391667
8 0.601562 0.335417 0.667188 0.335417 0.667188 0.435417 0.601562 0.435417
10 0.528125 0.354167 0.556250 0.354167 0.556250 0.427083 0.528125 0.427083
4 0.346875 0.377083 0.387500 0.377083 0.387500 0.427083 0.346875 0.427083
4 0.660937 0.370833 0.700000 0.370833 0.700000 0.433333 0.660937 0.433333
4 0.475000 0.391667 0.509375 0.391667 0.509375 0.435417 0.475000 0.435417
9 0.554688 0.356250 0.615625 0.356250 0.615625 0.481250 0.554688 0.481250
4 0.479687 0.420833 0.528125 0.420833 0.528125 0.487500 0.479687 0.487500
9 0.585938 0.416667 0.676562 0.416667 0.676562 0.566667 0.585938 0.566667
11 0.693750 0.477083 0.879688 0.477083 0.879688 0.647917 0.693750 0.647917
4 0.515625 0.533333 0.589063 0.533333 0.589063 0.639583 0.515625 0.639583
4 0.659375 0.652083 0.787500 0.652083 0.787500 0.831250 0.659375 0.831250