11 0.301563 0.304167 0.356250 0.304167 0.356250 0.389583 0.301563 0.389583
9 0.246875 0.316667 0.303125 0.316667 0.303125 0.387500 0.246875 0.387500
11 0.181250 0.343750 0.271875 0.343750 0.271875 0.431250 0.181250 0.431250
4 0.353125 0.368750 0.389062 0.368750 0.389062 0.418750 0.353125 0.418750
4 0.526562 0.372917 0.560937 0.372917 0.560937 0.416667 0.526562 0.416667
4 0.485938 0.387500 0.521875 0.387500 0.521875 0.450000 0.485938 0.450000
4 0.317187 0.431250 0.367188 0.431250 0.367188 0.493750 0.317187 0.493750
2 0.182812 0.389583 0.300000 0.389583 0.300000 0.550000 0.182812 0.550000
10 0.073438 0.422917 0.165625 0.422917 0.165625 0.547917 0.073438 0.547917
10 0.203125 0.618750 0.317187 0.618750 0.317187 0.770833 0.203125 0.770833
4 0.682813 0.741667 0.825000 0.741667 0.825000 0.952083 0.682813 0.952083