7 0.326562 0.262500 0.373437 0.262500 0.373437 0.316667 0.326562 0.316667
4 0.376563 0.310417 0.414062 0.310417 0.414062 0.350000 0.376563 0.350000
7 0.576562 0.322917 0.623437 0.322917 0.623437 0.402083 0.576562 0.402083
1 0.521875 0.337500 0.596875 0.337500 0.596875 0.456250 0.521875 0.456250
4 0.476562 0.414583 0.532812 0.414583 0.532812 0.485417 0.476562 0.485417
4 0.487500 0.479167 0.553125 0.479167 0.553125 0.602083 0.487500 0.602083
4 0.765625 0.510417 0.870313 0.510417 0.870313 0.639583 0.765625 0.639583
7 0.654687 0.506250 0.807812 0.506250 0.807812 0.775000 0.654687 0.775000
4 0.859375 0.608333 1.000000 0.608333 1.000000 0.779167 0.859375 0.779167
4 0.537500 0.635417 0.668750 0.635417 0.668750 0.860417 0.537500 0.860417
4 0.156250 0.664583 0.315625 0.664583 0.315625 0.847917 0.156250 0.847917
4 0.795313 0.810417 1.000000 0.810417 1.000000 1.000000 0.795313 1.000000
4 0.618750 0.904167 0.742188 0.904167 0.742188 1.000000 0.618750 1.000000