2 0.565625 0.308333 0.610938 0.308333 0.610938 0.352083 0.565625 0.352083
2 0.512500 0.322917 0.568750 0.322917 0.568750 0.412500 0.512500 0.412500
4 0.462500 0.356250 0.492188 0.356250 0.492188 0.391667 0.462500 0.391667
8 0.612500 0.331250 0.712500 0.331250 0.712500 0.443750 0.612500 0.443750
4 0.467187 0.377083 0.509375 0.377083 0.509375 0.435417 0.467187 0.435417
4 0.343750 0.379167 0.385938 0.379167 0.385938 0.435417 0.343750 0.435417
4 0.268750 0.387500 0.307812 0.387500 0.307812 0.443750 0.268750 0.443750
2 0.543750 0.356250 0.626563 0.356250 0.626563 0.514583 0.543750 0.514583
4 0.476562 0.418750 0.526563 0.418750 0.526563 0.481250 0.476562 0.481250
4 0.479687 0.441667 0.540625 0.441667 0.540625 0.481250 0.479687 0.481250
4 0.489063 0.472917 0.550000 0.472917 0.550000 0.558333 0.489063 0.558333
8 0.607812 0.400000 0.751563 0.400000 0.751563 0.647917 0.607812 0.647917
4 0.732812 0.497917 0.806250 0.497917 0.806250 0.575000 0.732812 0.575000
4 0.500000 0.516667 0.564062 0.516667 0.564062 0.604167 0.500000 0.604167
4 0.782813 0.554167 0.878125 0.554167 0.878125 0.666667 0.782813 0.666667
4 0.528125 0.575000 0.631250 0.575000 0.631250 0.745833 0.528125 0.745833
4 0.917188 0.656250 1.000000 0.656250 1.000000 0.845833 0.917188 0.845833
4 0.781250 0.756250 0.957812 0.756250 0.957812 0.981250 0.781250 0.981250
4 0.568750 0.768750 0.710938 0.768750 0.710938 0.989583 0.568750 0.989583