4 0.506250 0.343750 0.537500 0.343750 0.537500 0.379167 0.506250 0.379167
9 0.221875 0.329167 0.284375 0.329167 0.284375 0.406250 0.221875 0.406250
11 0.270313 0.322917 0.345312 0.322917 0.345312 0.429167 0.270313 0.429167
4 0.473437 0.358333 0.507812 0.358333 0.507812 0.408333 0.473437 0.408333
11 0.106250 0.377083 0.228125 0.377083 0.228125 0.506250 0.106250 0.506250
4 0.329688 0.406250 0.381250 0.406250 0.381250 0.477083 0.329688 0.477083
2 0.068750 0.447917 0.253125 0.447917 0.253125 0.706250 0.068750 0.706250
4 0.264063 0.529167 0.346875 0.529167 0.346875 0.635417 0.264063 0.635417
4 0.590625 0.525000 0.670312 0.525000 0.670312 0.643750 0.590625 0.643750
10 0.000000 0.502083 0.073438 0.502083 0.073438 0.672917 0.000000 0.672917
4 0.531250 0.631250 0.646875 0.631250 0.646875 0.841667 0.531250 0.841667