4 0.356250 0.370833 0.392187 0.370833 0.392187 0.420833 0.356250 0.420833
4 0.470313 0.385417 0.507812 0.385417 0.507812 0.429167 0.470313 0.429167
2 0.656250 0.372917 0.785937 0.372917 0.785937 0.547917 0.656250 0.547917
4 0.471875 0.435417 0.528125 0.435417 0.528125 0.508333 0.471875 0.508333
4 0.243750 0.439583 0.300000 0.439583 0.300000 0.510417 0.243750 0.510417
4 0.773438 0.460417 0.820312 0.460417 0.820312 0.527083 0.773438 0.527083
4 0.300000 0.466667 0.356250 0.466667 0.356250 0.541667 0.300000 0.541667
9 0.601562 0.464583 0.696875 0.464583 0.696875 0.627083 0.601562 0.627083
4 0.512500 0.504167 0.576562 0.504167 0.576562 0.597917 0.512500 0.597917
10 0.890625 0.606250 1.000000 0.606250 1.000000 0.833333 0.890625 0.833333
4 0.734375 0.679167 0.870313 0.679167 0.870313 0.870833 0.734375 0.870833