4 0.276562 0.339583 0.306250 0.339583 0.306250 0.375000 0.276562 0.375000
8 0.576562 0.320833 0.637500 0.320833 0.637500 0.408333 0.576562 0.408333
9 0.529687 0.331250 0.582813 0.331250 0.582813 0.439583 0.529687 0.439583
4 0.353125 0.368750 0.385937 0.368750 0.385937 0.414583 0.353125 0.414583
4 0.471875 0.377083 0.510938 0.377083 0.510938 0.435417 0.471875 0.435417
9 0.556250 0.372917 0.615625 0.372917 0.615625 0.489583 0.556250 0.489583
6 0.225000 0.406250 0.293750 0.406250 0.293750 0.506250 0.225000 0.506250
4 0.487500 0.439583 0.539062 0.439583 0.539062 0.506250 0.487500 0.506250
11 0.637500 0.422917 0.773438 0.422917 0.773438 0.543750 0.637500 0.543750
4 0.540625 0.487500 0.609375 0.487500 0.609375 0.570833 0.540625 0.570833
10 0.518750 0.547917 0.620313 0.547917 0.620313 0.739583 0.518750 0.739583
4 0.103125 0.852083 0.262500 0.852083 0.262500 1.000000 0.103125 1.000000