7 0.221875 0.343750 0.275000 0.343750 0.275000 0.416667 0.221875 0.416667
10 0.523438 0.345833 0.567187 0.345833 0.567187 0.414583 0.523438 0.414583
9 0.614062 0.360417 0.676562 0.360417 0.676562 0.462500 0.614062 0.462500
4 0.478125 0.395833 0.521875 0.395833 0.521875 0.460417 0.478125 0.460417
4 0.340625 0.397917 0.382812 0.397917 0.382812 0.458333 0.340625 0.458333
4 0.560937 0.425000 0.606250 0.425000 0.606250 0.481250 0.560937 0.481250
1 0.203125 0.387500 0.300000 0.387500 0.300000 0.545833 0.203125 0.545833
8 0.670312 0.377083 0.817188 0.377083 0.817188 0.564583 0.670312 0.564583
9 0.581250 0.431250 0.662500 0.431250 0.662500 0.554167 0.581250 0.554167
4 0.492187 0.485417 0.548437 0.485417 0.548437 0.570833 0.492187 0.570833
9 0.671875 0.529167 0.812500 0.529167 0.812500 0.766667 0.671875 0.766667
4 0.532813 0.602083 0.628125 0.602083 0.628125 0.747917 0.532813 0.747917