4 0.359375 0.358333 0.395312 0.358333 0.395312 0.402083 0.359375 0.402083
8 0.606250 0.339583 0.664062 0.339583 0.664062 0.427083 0.606250 0.427083
4 0.243750 0.366667 0.282813 0.366667 0.282813 0.410417 0.243750 0.410417
4 0.478125 0.377083 0.512500 0.377083 0.512500 0.420833 0.478125 0.420833
2 0.542188 0.343750 0.614062 0.343750 0.614062 0.460417 0.542188 0.460417
4 0.489062 0.441667 0.539062 0.441667 0.539062 0.495833 0.489062 0.495833
8 0.670312 0.400000 0.795312 0.400000 0.795312 0.556250 0.670312 0.556250
10 0.589062 0.443750 0.654687 0.443750 0.654687 0.558333 0.589062 0.558333
4 0.292187 0.479167 0.353125 0.479167 0.353125 0.560417 0.292187 0.560417
4 0.503125 0.510417 0.564063 0.510417 0.564063 0.591667 0.503125 0.591667
9 0.645312 0.470833 0.778125 0.470833 0.778125 0.708333 0.645312 0.708333
4 0.857812 0.543750 0.948437 0.543750 0.948437 0.652083 0.857812 0.652083
4 0.545312 0.658333 0.660938 0.658333 0.660938 0.837500 0.545312 0.837500
9 0.782812 0.656250 1.000000 0.656250 1.000000 1.000000 0.782812 1.000000