7 0.317188 0.279167 0.348438 0.279167 0.348438 0.329167 0.317188 0.329167
4 0.390625 0.291667 0.412500 0.291667 0.412500 0.316667 0.390625 0.316667
1 0.551562 0.277083 0.609375 0.277083 0.609375 0.343750 0.551562 0.343750
4 0.351562 0.291667 0.385938 0.291667 0.385938 0.337500 0.351562 0.337500
4 0.457812 0.327083 0.492188 0.327083 0.492188 0.358333 0.457812 0.358333
5 0.495312 0.314583 0.548438 0.314583 0.548438 0.381250 0.495312 0.381250
4 0.364063 0.333333 0.400000 0.333333 0.400000 0.379167 0.364063 0.379167
4 0.456250 0.350000 0.490625 0.350000 0.490625 0.387500 0.456250 0.387500
4 0.462500 0.370833 0.503125 0.370833 0.503125 0.427083 0.462500 0.427083
1 0.537500 0.327083 0.631250 0.327083 0.631250 0.489583 0.537500 0.489583
4 0.618750 0.395833 0.667187 0.395833 0.667187 0.466667 0.618750 0.466667
0 0.650000 0.358333 0.760937 0.358333 0.760937 0.539583 0.650000 0.539583
4 0.478125 0.441667 0.528125 0.441667 0.528125 0.510417 0.478125 0.510417
4 0.501563 0.531250 0.582813 0.531250 0.582813 0.639583 0.501563 0.639583
5 0.785937 0.500000 0.987500 0.500000 0.987500 0.718750 0.785937 0.718750
4 0.220313 0.556250 0.329688 0.556250 0.329688 0.691667 0.220313 0.691667
4 0.556250 0.700000 0.682812 0.700000 0.682812 0.902083 0.556250 0.902083
4 0.000000 0.791667 0.068750 0.791667 0.068750 1.000000 0.000000 1.000000
4 0.839063 0.802083 1.000000 0.802083 1.000000 1.000000 0.839063 1.000000