7 0.371875 0.329167 0.406250 0.329167 0.406250 0.377083 0.371875 0.377083
7 0.290625 0.325000 0.334375 0.325000 0.334375 0.391667 0.290625 0.391667
4 0.185938 0.350000 0.276562 0.350000 0.276562 0.443750 0.185938 0.443750
4 0.287500 0.377083 0.332813 0.377083 0.332813 0.433333 0.287500 0.433333
4 0.356250 0.377083 0.395313 0.377083 0.395313 0.433333 0.356250 0.433333
1 0.700000 0.416667 0.842187 0.416667 0.842187 0.577083 0.700000 0.577083
1 0.128125 0.416667 0.292187 0.416667 0.292187 0.639583 0.128125 0.639583
7 0.615625 0.445833 0.723438 0.445833 0.723438 0.654167 0.615625 0.654167
4 0.289062 0.502083 0.371875 0.502083 0.371875 0.606250 0.289062 0.606250
4 0.478125 0.516667 0.556250 0.516667 0.556250 0.625000 0.478125 0.625000
1 0.851562 0.489583 1.000000 0.489583 1.000000 0.660417 0.851562 0.660417
4 0.506250 0.564583 0.600000 0.564583 0.600000 0.679167 0.506250 0.679167
1 0.742188 0.537500 0.968750 0.537500 0.968750 0.833333 0.742188 0.833333
4 0.509375 0.633333 0.621875 0.633333 0.621875 0.800000 0.509375 0.800000
1 0.820312 0.666667 1.000000 0.666667 1.000000 1.000000 0.820312 1.000000
4 0.637500 0.745833 0.814063 0.745833 0.814063 1.000000 0.637500 1.000000
4 0.543750 0.900000 0.693750 0.900000 0.693750 1.000000 0.543750 1.000000