4 0.596875 0.377083 0.639062 0.377083 0.639062 0.425000 0.596875 0.425000
4 0.526563 0.377083 0.565625 0.377083 0.565625 0.433333 0.526563 0.433333
4 0.462500 0.381250 0.501563 0.381250 0.501563 0.433333 0.462500 0.433333
9 0.645312 0.385417 0.721875 0.385417 0.721875 0.464583 0.645312 0.464583
4 0.490625 0.439583 0.542187 0.439583 0.542187 0.504167 0.490625 0.504167
9 0.575000 0.410417 0.646875 0.410417 0.646875 0.541667 0.575000 0.541667
9 0.631250 0.447917 0.745312 0.447917 0.745312 0.652083 0.631250 0.652083
2 0.728125 0.433333 0.921875 0.433333 0.921875 0.670833 0.728125 0.670833
1 0.017187 0.454167 0.218750 0.454167 0.218750 0.768750 0.017187 0.768750
4 0.540625 0.618750 0.632812 0.618750 0.632812 0.752083 0.540625 0.752083
9 0.768750 0.622917 1.000000 0.622917 1.000000 1.000000 0.768750 1.000000