4 0.376563 0.316667 0.404687 0.316667 0.404687 0.352083 0.376563 0.352083
7 0.267188 0.325000 0.304688 0.325000 0.304688 0.381250 0.267188 0.381250
9 0.517188 0.337500 0.560937 0.337500 0.560937 0.408333 0.517188 0.408333
4 0.467187 0.360417 0.500000 0.360417 0.500000 0.402083 0.467187 0.402083
4 0.532813 0.381250 0.557812 0.381250 0.557812 0.433333 0.532813 0.433333
4 0.468750 0.395833 0.510938 0.395833 0.510938 0.456250 0.468750 0.456250
10 0.632812 0.395833 0.673437 0.395833 0.673437 0.458333 0.632812 0.458333
11 0.556250 0.372917 0.656250 0.372917 0.656250 0.525000 0.556250 0.525000
9 0.670312 0.437500 0.745312 0.437500 0.745312 0.522917 0.670312 0.522917
4 0.485938 0.460417 0.540625 0.460417 0.540625 0.527083 0.485938 0.527083
4 0.756250 0.535417 0.845313 0.535417 0.845313 0.639583 0.756250 0.639583
4 0.650000 0.562500 0.746875 0.562500 0.746875 0.672917 0.650000 0.672917
4 0.559375 0.654167 0.659375 0.654167 0.659375 0.806250 0.559375 0.806250