7 0.310937 0.279167 0.342187 0.279167 0.342187 0.329167 0.310937 0.329167
4 0.379688 0.312500 0.401562 0.312500 0.401562 0.341667 0.379688 0.341667
1 0.295312 0.297917 0.351562 0.297917 0.351562 0.397917 0.295312 0.397917
4 0.373437 0.341667 0.400000 0.341667 0.400000 0.381250 0.373437 0.381250
4 0.582812 0.320833 0.653125 0.320833 0.653125 0.431250 0.582812 0.431250
7 0.526563 0.341667 0.578125 0.341667 0.578125 0.433333 0.526563 0.433333
4 0.350000 0.379167 0.392188 0.379167 0.392188 0.425000 0.350000 0.425000
4 0.475000 0.377083 0.512500 0.377083 0.512500 0.427083 0.475000 0.427083
4 0.554688 0.397917 0.589063 0.397917 0.589063 0.450000 0.554688 0.450000
4 0.571875 0.414583 0.617188 0.414583 0.617188 0.489583 0.571875 0.489583
4 0.164062 0.429167 0.214062 0.429167 0.214062 0.487500 0.164062 0.487500
4 0.481250 0.431250 0.528125 0.431250 0.528125 0.497917 0.481250 0.497917
1 0.678125 0.352083 0.839062 0.352083 0.839062 0.602083 0.678125 0.602083
4 0.485937 0.456250 0.546875 0.456250 0.546875 0.539583 0.485937 0.539583
7 0.587500 0.445833 0.659375 0.445833 0.659375 0.577083 0.587500 0.577083
4 0.503125 0.487500 0.560937 0.487500 0.560937 0.575000 0.503125 0.575000
7 0.615625 0.439583 0.725000 0.439583 0.725000 0.647917 0.615625 0.647917
4 0.098438 0.537500 0.184375 0.537500 0.184375 0.629167 0.098438 0.629167
7 0.790625 0.487500 0.942188 0.487500 0.942188 0.712500 0.790625 0.712500
4 0.493750 0.552083 0.582813 0.552083 0.582813 0.718750 0.493750 0.718750
4 0.526562 0.654167 0.634375 0.654167 0.634375 0.825000 0.526562 0.825000
1 0.745312 0.539583 0.970313 0.539583 0.970313 0.968750 0.745312 0.968750
4 0.542188 0.752083 0.684375 0.752083 0.684375 0.975000 0.542188 0.975000
4 0.567188 0.897917 0.717187 0.897917 0.717187 1.000000 0.567188 1.000000