1 0.253125 0.293750 0.315625 0.293750 0.315625 0.395833 0.253125 0.395833
4 0.335938 0.335417 0.359375 0.335417 0.359375 0.370833 0.335938 0.370833
4 0.373437 0.345833 0.398438 0.345833 0.398438 0.377083 0.373437 0.377083
1 0.267188 0.333333 0.334375 0.333333 0.334375 0.431250 0.267188 0.431250
4 0.468750 0.362500 0.504687 0.362500 0.504687 0.412500 0.468750 0.412500
4 0.346875 0.377083 0.382812 0.377083 0.382812 0.425000 0.346875 0.425000
11 0.570312 0.364583 0.671875 0.364583 0.671875 0.543750 0.570312 0.543750
10 0.651562 0.406250 0.712500 0.406250 0.712500 0.512500 0.651562 0.512500
4 0.323437 0.431250 0.379688 0.431250 0.379688 0.493750 0.323437 0.493750
4 0.214062 0.452083 0.276562 0.452083 0.276562 0.525000 0.214062 0.525000
2 0.482812 0.404167 0.587500 0.404167 0.587500 0.587500 0.482812 0.587500
10 0.715625 0.450000 0.810937 0.450000 0.810937 0.595833 0.715625 0.595833
7 0.042188 0.447917 0.151562 0.447917 0.151562 0.597917 0.042188 0.597917
4 0.259375 0.564583 0.346875 0.564583 0.346875 0.683333 0.259375 0.683333
7 0.065625 0.618750 0.168750 0.618750 0.168750 0.766667 0.065625 0.766667
4 0.550000 0.612500 0.668750 0.612500 0.668750 0.800000 0.550000 0.800000
4 0.159375 0.785417 0.310937 0.785417 0.310937 0.972917 0.159375 0.972917