11 0.318750 0.297917 0.367188 0.297917 0.367188 0.360417 0.318750 0.360417
10 0.504687 0.306250 0.539062 0.306250 0.539062 0.366667 0.504687 0.366667
9 0.259375 0.308333 0.315625 0.308333 0.315625 0.379167 0.259375 0.379167
10 0.551563 0.320833 0.587500 0.320833 0.587500 0.385417 0.551563 0.385417
4 0.368750 0.341667 0.395313 0.341667 0.395313 0.379167 0.368750 0.379167
11 0.206250 0.325000 0.284375 0.325000 0.284375 0.410417 0.206250 0.410417
4 0.342188 0.383333 0.378125 0.383333 0.378125 0.429167 0.342188 0.429167
2 0.240625 0.356250 0.328125 0.356250 0.328125 0.475000 0.240625 0.475000
10 0.156250 0.379167 0.225000 0.379167 0.225000 0.479167 0.156250 0.479167
4 0.556250 0.414583 0.604687 0.414583 0.604687 0.479167 0.556250 0.479167
4 0.500000 0.420833 0.548437 0.420833 0.548437 0.497917 0.500000 0.497917
10 0.290625 0.468750 0.360938 0.468750 0.360938 0.562500 0.290625 0.562500
4 0.000000 0.689583 0.101562 0.689583 0.101562 0.864583 0.000000 0.864583