5 0.309375 0.327083 0.356250 0.327083 0.356250 0.368750 0.309375 0.368750
9 0.235937 0.312500 0.300000 0.312500 0.300000 0.389583 0.235937 0.389583
4 0.370312 0.347917 0.400000 0.347917 0.400000 0.385417 0.370312 0.385417
4 0.309375 0.362500 0.339062 0.362500 0.339062 0.404167 0.309375 0.404167
4 0.468750 0.370833 0.503125 0.370833 0.503125 0.418750 0.468750 0.418750
8 0.609375 0.327083 0.681250 0.327083 0.681250 0.462500 0.609375 0.462500
11 0.537500 0.341667 0.629688 0.341667 0.629688 0.487500 0.537500 0.487500
9 0.257812 0.370833 0.314063 0.370833 0.314063 0.464583 0.257812 0.464583
4 0.478125 0.402083 0.523438 0.402083 0.523438 0.475000 0.478125 0.475000
4 0.320312 0.435417 0.379687 0.435417 0.379687 0.502083 0.320312 0.502083
1 0.000000 0.366667 0.176563 0.366667 0.176563 0.627083 0.000000 0.627083
4 0.178125 0.500000 0.254688 0.500000 0.254688 0.570833 0.178125 0.570833
4 0.271875 0.537500 0.348438 0.537500 0.348438 0.637500 0.271875 0.637500
4 0.504688 0.556250 0.584375 0.556250 0.584375 0.670833 0.504688 0.670833
8 0.681250 0.462500 0.898438 0.462500 0.898438 0.847917 0.681250 0.847917
7 0.000000 0.683333 0.085938 0.683333 0.085938 0.870833 0.000000 0.870833