4 0.376563 0.314583 0.407813 0.314583 0.407813 0.350000 0.376563 0.350000
7 0.329688 0.310417 0.368750 0.310417 0.368750 0.360417 0.329688 0.360417
7 0.256250 0.320833 0.301563 0.320833 0.301563 0.385417 0.256250 0.385417
1 0.525000 0.310417 0.595313 0.310417 0.595313 0.441667 0.525000 0.441667
4 0.595313 0.370833 0.634375 0.370833 0.634375 0.425000 0.595313 0.425000
0 0.628125 0.347917 0.707812 0.347917 0.707812 0.464583 0.628125 0.464583
4 0.470313 0.389583 0.506250 0.389583 0.506250 0.441667 0.470313 0.441667
4 0.481250 0.443750 0.539062 0.443750 0.539062 0.508333 0.481250 0.508333
5 0.703125 0.435417 0.831250 0.435417 0.831250 0.583333 0.703125 0.583333
4 0.289062 0.481250 0.356250 0.481250 0.356250 0.556250 0.289062 0.556250
4 0.621875 0.510417 0.692187 0.510417 0.692187 0.595833 0.621875 0.595833
4 0.504687 0.522917 0.578125 0.522917 0.578125 0.614583 0.504687 0.614583
4 0.551563 0.743750 0.678125 0.743750 0.678125 0.941667 0.551563 0.941667