1 0.367188 0.266667 0.392188 0.266667 0.392188 0.306250 0.367188 0.306250
6 0.398438 0.279167 0.420312 0.279167 0.420312 0.308333 0.398438 0.308333
7 0.329687 0.281250 0.354687 0.281250 0.354687 0.316667 0.329687 0.316667
4 0.392187 0.293750 0.410938 0.293750 0.410938 0.316667 0.392187 0.316667
4 0.375000 0.314583 0.401563 0.314583 0.401563 0.350000 0.375000 0.350000
1 0.253125 0.300000 0.310938 0.300000 0.310938 0.385417 0.253125 0.385417
7 0.356250 0.347917 0.387500 0.347917 0.387500 0.393750 0.356250 0.393750
7 0.529687 0.343750 0.576562 0.343750 0.576562 0.431250 0.529687 0.431250
1 0.626563 0.327083 0.720313 0.327083 0.720313 0.470833 0.626563 0.470833
7 0.260937 0.360417 0.317188 0.360417 0.317188 0.441667 0.260937 0.441667
4 0.554688 0.397917 0.587500 0.397917 0.587500 0.450000 0.554688 0.450000
4 0.573438 0.414583 0.617188 0.414583 0.617188 0.481250 0.573438 0.481250
7 0.096875 0.395833 0.200000 0.395833 0.200000 0.506250 0.096875 0.506250
4 0.482812 0.431250 0.521875 0.431250 0.521875 0.493750 0.482812 0.493750
4 0.317188 0.450000 0.373438 0.450000 0.373438 0.516667 0.317188 0.516667
7 0.684375 0.410417 0.781250 0.410417 0.781250 0.566667 0.684375 0.566667
4 0.487500 0.454167 0.546875 0.454167 0.546875 0.535417 0.487500 0.535417
4 0.789062 0.468750 0.854688 0.468750 0.854688 0.537500 0.789062 0.537500
7 0.589063 0.441667 0.656250 0.441667 0.656250 0.577083 0.589063 0.577083
4 0.498438 0.491667 0.562500 0.491667 0.562500 0.577083 0.498438 0.577083
7 0.614062 0.447917 0.721875 0.447917 0.721875 0.650000 0.614062 0.650000
4 0.523438 0.525000 0.593750 0.525000 0.593750 0.629167 0.523438 0.629167
7 0.495312 0.543750 0.576562 0.543750 0.576562 0.702083 0.495312 0.702083
7 0.715625 0.570833 0.814063 0.570833 0.814063 0.731250 0.715625 0.731250
4 0.242188 0.593750 0.331250 0.593750 0.331250 0.714583 0.242188 0.714583
1 0.748437 0.539583 0.978125 0.539583 0.978125 0.929167 0.748437 0.929167
4 0.523438 0.654167 0.623438 0.654167 0.623438 0.829167 0.523438 0.829167
4 0.545312 0.758333 0.681250 0.758333 0.681250 0.964583 0.545312 0.964583
4 0.567187 0.902083 0.718750 0.902083 0.718750 1.000000 0.567187 1.000000