7 0.325000 0.293750 0.368750 0.293750 0.368750 0.377083 0.325000 0.377083
7 0.375000 0.302083 0.410937 0.302083 0.410937 0.375000 0.375000 0.375000
4 0.517187 0.333333 0.546875 0.333333 0.546875 0.377083 0.517187 0.377083
4 0.342187 0.372917 0.382812 0.372917 0.382812 0.435417 0.342187 0.435417
1 0.629687 0.341667 0.770312 0.341667 0.770312 0.472917 0.629687 0.472917
7 0.568750 0.368750 0.629688 0.368750 0.629688 0.470833 0.568750 0.470833
4 0.515625 0.383333 0.564062 0.383333 0.564062 0.487500 0.515625 0.487500
4 0.456250 0.404167 0.501563 0.404167 0.501563 0.483333 0.456250 0.483333
4 0.476562 0.433333 0.520312 0.433333 0.520312 0.506250 0.476562 0.506250
4 0.301562 0.433333 0.382812 0.433333 0.382812 0.529167 0.301562 0.529167
4 0.617188 0.458333 0.667188 0.458333 0.667188 0.564583 0.617188 0.564583
4 0.482813 0.481250 0.567188 0.481250 0.567188 0.597917 0.482813 0.597917
4 0.807813 0.477083 0.909375 0.477083 0.909375 0.606250 0.807813 0.606250
1 0.637500 0.433333 0.784375 0.433333 0.784375 0.708333 0.637500 0.708333
1 0.000000 0.433333 0.214062 0.433333 0.214062 0.835417 0.000000 0.835417
4 0.510938 0.547917 0.620313 0.547917 0.620313 0.729167 0.510938 0.729167
4 0.528125 0.656250 0.650000 0.656250 0.650000 0.833333 0.528125 0.833333
1 0.700000 0.508333 1.000000 0.508333 1.000000 1.000000 0.700000 1.000000
4 0.579688 0.912500 0.745312 0.912500 0.745312 1.000000 0.579688 1.000000