8 0.559375 0.310417 0.617188 0.310417 0.617188 0.391667 0.559375 0.391667
9 0.517188 0.322917 0.564063 0.322917 0.564063 0.414583 0.517188 0.414583
7 0.287500 0.331250 0.335938 0.331250 0.335938 0.408333 0.287500 0.408333
4 0.465625 0.360417 0.501563 0.360417 0.501563 0.406250 0.465625 0.406250
4 0.221875 0.379167 0.265625 0.379167 0.265625 0.433333 0.221875 0.433333
9 0.539062 0.358333 0.590625 0.358333 0.590625 0.458333 0.539062 0.458333
4 0.476562 0.402083 0.517188 0.402083 0.517188 0.468750 0.476562 0.468750
4 0.504688 0.433333 0.553125 0.433333 0.553125 0.472917 0.504688 0.472917
11 0.614063 0.406250 0.720313 0.406250 0.720313 0.502083 0.614063 0.502083
4 0.296875 0.479167 0.354688 0.479167 0.354688 0.550000 0.296875 0.550000
3 0.489062 0.462500 0.567187 0.462500 0.567187 0.608333 0.489062 0.608333
4 0.862500 0.537500 0.954688 0.537500 0.954688 0.652083 0.862500 0.652083
9 0.784375 0.556250 0.931250 0.556250 0.931250 0.745833 0.784375 0.745833
9 0.662500 0.543750 0.812500 0.543750 0.812500 0.789583 0.662500 0.789583
4 0.545312 0.616667 0.651562 0.616667 0.651562 0.781250 0.545312 0.781250
6 0.000000 0.570833 0.173437 0.570833 0.173437 0.854167 0.000000 0.854167