0 0.339063 0.254167 0.375000 0.254167 0.375000 0.304167 0.339063 0.304167
4 0.381250 0.302083 0.410938 0.302083 0.410938 0.339583 0.381250 0.339583
0 0.445312 0.297917 0.489062 0.297917 0.489062 0.362500 0.445312 0.362500
0 0.490625 0.295833 0.542187 0.295833 0.542187 0.377083 0.490625 0.377083
4 0.359375 0.333333 0.393750 0.333333 0.393750 0.383333 0.359375 0.383333
4 0.456250 0.343750 0.482813 0.343750 0.482813 0.375000 0.456250 0.375000
4 0.317188 0.341667 0.353125 0.341667 0.353125 0.391667 0.317188 0.391667
1 0.568750 0.316667 0.631250 0.316667 0.631250 0.416667 0.568750 0.416667
4 0.462500 0.350000 0.496875 0.350000 0.496875 0.387500 0.462500 0.387500
0 0.515625 0.320833 0.582812 0.320833 0.582812 0.429167 0.515625 0.429167
4 0.217187 0.345833 0.281250 0.345833 0.281250 0.422917 0.217187 0.422917
4 0.464062 0.372917 0.496875 0.372917 0.496875 0.416667 0.464062 0.416667
4 0.471875 0.391667 0.504687 0.391667 0.504687 0.422917 0.471875 0.422917
4 0.532813 0.391667 0.573437 0.391667 0.573437 0.435417 0.532813 0.435417
4 0.614062 0.389583 0.645312 0.389583 0.645312 0.437500 0.614062 0.437500
1 0.645312 0.364583 0.768750 0.364583 0.768750 0.500000 0.645312 0.500000
4 0.471875 0.406250 0.523438 0.406250 0.523438 0.462500 0.471875 0.462500
4 0.556250 0.416667 0.607812 0.416667 0.607812 0.495833 0.556250 0.495833
4 0.582812 0.470833 0.645312 0.470833 0.645312 0.558333 0.582812 0.558333
4 0.487500 0.483333 0.554688 0.483333 0.554688 0.589583 0.487500 0.589583
0 0.673437 0.506250 0.992188 0.506250 0.992188 0.966667 0.673437 0.966667
4 0.543750 0.668750 0.667188 0.668750 0.667188 0.852083 0.543750 0.852083