1 0.303125 0.312500 0.353125 0.312500 0.353125 0.350000 0.303125 0.350000
4 0.364062 0.343750 0.406250 0.343750 0.406250 0.370833 0.364062 0.370833
1 0.225000 0.325000 0.293750 0.325000 0.293750 0.410417 0.225000 0.410417
4 0.307813 0.354167 0.343750 0.354167 0.343750 0.383333 0.307813 0.383333
1 0.250000 0.364583 0.317187 0.364583 0.317187 0.475000 0.250000 0.475000
4 0.334375 0.391667 0.385937 0.391667 0.385937 0.470833 0.334375 0.470833
1 0.729688 0.437500 0.859375 0.437500 0.859375 0.577083 0.729688 0.577083
7 0.582813 0.437500 0.650000 0.437500 0.650000 0.579167 0.582813 0.579167
7 0.621875 0.456250 0.715625 0.456250 0.715625 0.650000 0.621875 0.650000
4 0.492188 0.510417 0.550000 0.510417 0.550000 0.627083 0.492188 0.627083
4 0.509375 0.558333 0.592187 0.558333 0.592187 0.647917 0.509375 0.647917
7 0.042188 0.489583 0.185937 0.489583 0.185937 0.718750 0.042188 0.718750
1 0.904688 0.504167 1.000000 0.504167 1.000000 0.720833 0.904688 0.720833
4 0.248438 0.570833 0.346875 0.570833 0.346875 0.691667 0.248438 0.691667
7 0.706250 0.562500 0.792188 0.562500 0.792188 0.722917 0.706250 0.722917
4 0.515625 0.645833 0.614062 0.645833 0.614062 0.787500 0.515625 0.787500
1 0.754687 0.537500 0.964063 0.537500 0.964063 0.939583 0.754687 0.939583
7 0.000000 0.645833 0.046875 0.645833 0.046875 0.927083 0.000000 0.927083
1 0.850000 0.689583 1.000000 0.689583 1.000000 1.000000 0.850000 1.000000
4 0.643750 0.727083 0.829688 0.727083 0.829688 1.000000 0.643750 1.000000