4 0.210938 0.372917 0.259375 0.372917 0.259375 0.435417 0.210938 0.435417
4 0.325000 0.408333 0.368750 0.408333 0.368750 0.452083 0.325000 0.452083
1 0.648438 0.377083 0.712500 0.377083 0.712500 0.504167 0.648438 0.504167
4 0.218750 0.450000 0.275000 0.450000 0.275000 0.531250 0.218750 0.531250
1 0.690625 0.416667 0.793750 0.416667 0.793750 0.572917 0.690625 0.572917
4 0.592187 0.433333 0.650000 0.433333 0.650000 0.558333 0.592187 0.558333
4 0.303125 0.481250 0.367188 0.481250 0.367188 0.543750 0.303125 0.543750
4 0.496875 0.483333 0.565625 0.483333 0.565625 0.554167 0.496875 0.554167
1 0.618750 0.472917 0.723438 0.472917 0.723438 0.666667 0.618750 0.666667
7 0.485937 0.522917 0.573437 0.522917 0.573437 0.666667 0.485937 0.666667
1 0.714062 0.570833 0.798438 0.570833 0.798438 0.729167 0.714062 0.729167
4 0.528125 0.643750 0.629687 0.643750 0.629687 0.752083 0.528125 0.752083
1 0.750000 0.531250 0.981250 0.531250 0.981250 0.910417 0.750000 0.910417
4 0.560937 0.752083 0.668750 0.752083 0.668750 0.914583 0.560937 0.914583
1 0.851562 0.689583 0.995313 0.689583 0.995313 0.993750 0.851562 0.993750
4 0.568750 0.893750 0.712500 0.893750 0.712500 0.991667 0.568750 0.991667