4 0.375000 0.322917 0.404687 0.322917 0.404687 0.356250 0.375000 0.356250
9 0.537500 0.366667 0.593750 0.366667 0.593750 0.450000 0.537500 0.450000
4 0.475000 0.381250 0.515625 0.381250 0.515625 0.443750 0.475000 0.443750
4 0.342187 0.391667 0.382812 0.391667 0.382812 0.452083 0.342187 0.452083
8 0.650000 0.372917 0.760937 0.372917 0.760937 0.529167 0.650000 0.529167
4 0.498438 0.441667 0.546875 0.441667 0.546875 0.512500 0.498438 0.512500
2 0.604687 0.414583 0.740625 0.414583 0.740625 0.618750 0.604687 0.618750
4 0.814063 0.489583 0.892188 0.489583 0.892188 0.577083 0.814063 0.577083
4 0.240625 0.562500 0.315625 0.562500 0.315625 0.664583 0.240625 0.664583
4 0.556250 0.693750 0.678125 0.693750 0.678125 0.860417 0.556250 0.860417
10 0.790625 0.714583 0.976562 0.714583 0.976562 1.000000 0.790625 1.000000