1 0.571875 0.293750 0.623437 0.293750 0.623437 0.393750 0.571875 0.393750
1 0.510938 0.302083 0.570312 0.302083 0.570312 0.412500 0.510938 0.412500
0 0.459375 0.316667 0.514062 0.316667 0.514062 0.414583 0.459375 0.414583
4 0.617188 0.341667 0.653125 0.341667 0.653125 0.393750 0.617188 0.393750
4 0.360937 0.347917 0.393750 0.347917 0.393750 0.395833 0.360937 0.395833
4 0.214062 0.354167 0.265625 0.354167 0.265625 0.437500 0.214062 0.437500
4 0.268750 0.354167 0.325000 0.354167 0.325000 0.447917 0.268750 0.447917
4 0.328125 0.408333 0.385938 0.408333 0.385938 0.470833 0.328125 0.470833
4 0.476562 0.414583 0.531250 0.414583 0.531250 0.500000 0.476562 0.500000
1 0.578125 0.393750 0.712500 0.393750 0.712500 0.616667 0.578125 0.616667
1 0.707812 0.402083 0.870313 0.402083 0.870313 0.625000 0.707812 0.625000
4 0.596875 0.833333 0.765625 0.833333 0.765625 1.000000 0.596875 1.000000