4 0.362500 0.350000 0.393750 0.350000 0.393750 0.391667 0.362500 0.391667
4 0.492188 0.393750 0.539062 0.393750 0.539062 0.464583 0.492188 0.464583
4 0.645313 0.408333 0.704688 0.408333 0.704688 0.477083 0.645313 0.477083
4 0.557813 0.414583 0.604688 0.414583 0.604688 0.472917 0.557813 0.472917
4 0.754687 0.456250 0.820312 0.456250 0.820312 0.518750 0.754687 0.518750
4 0.492188 0.477083 0.554688 0.477083 0.554688 0.568750 0.492188 0.568750
10 0.606250 0.447917 0.692187 0.447917 0.692187 0.597917 0.606250 0.597917
4 0.696875 0.489583 0.765625 0.489583 0.765625 0.562500 0.696875 0.562500
4 0.148438 0.545833 0.232812 0.545833 0.232812 0.633333 0.148438 0.633333
9 0.779687 0.483333 0.917187 0.483333 0.917187 0.710417 0.779687 0.710417
4 0.531250 0.585417 0.631250 0.585417 0.631250 0.722917 0.531250 0.722917
4 0.731250 0.675000 0.878125 0.675000 0.878125 0.866667 0.731250 0.866667