1 0.507812 0.314583 0.554688 0.314583 0.554688 0.379167 0.507812 0.379167
4 0.576562 0.352083 0.623437 0.352083 0.623437 0.406250 0.576562 0.406250
4 0.460938 0.360417 0.495313 0.360417 0.495313 0.402083 0.460938 0.402083
5 0.198437 0.360417 0.257812 0.360417 0.257812 0.433333 0.198437 0.433333
4 0.534375 0.383333 0.575000 0.383333 0.575000 0.431250 0.534375 0.431250
4 0.475000 0.395833 0.515625 0.395833 0.515625 0.441667 0.475000 0.441667
4 0.612500 0.395833 0.653125 0.395833 0.653125 0.441667 0.612500 0.441667
7 0.654687 0.400000 0.721875 0.400000 0.721875 0.502083 0.654687 0.502083
4 0.485938 0.450000 0.535938 0.450000 0.535938 0.516667 0.485938 0.516667
4 0.578125 0.445833 0.640625 0.445833 0.640625 0.520833 0.578125 0.520833
1 0.726562 0.379167 0.946875 0.379167 0.946875 0.712500 0.726562 0.712500
4 0.245313 0.550000 0.328125 0.550000 0.328125 0.658333 0.245313 0.658333
4 0.518750 0.547917 0.610938 0.547917 0.610938 0.677083 0.518750 0.677083
1 0.645312 0.525000 0.856250 0.525000 0.856250 0.818750 0.645312 0.818750
4 0.585938 0.777083 0.729688 0.777083 0.729688 1.000000 0.585938 1.000000