8 0.585938 0.320833 0.639063 0.320833 0.639063 0.410417 0.585938 0.410417
2 0.526563 0.329167 0.590625 0.329167 0.590625 0.429167 0.526563 0.429167
4 0.476562 0.400000 0.526563 0.400000 0.526563 0.454167 0.476562 0.454167
8 0.637500 0.364583 0.732812 0.364583 0.732812 0.510417 0.637500 0.510417
4 0.178125 0.418750 0.235937 0.418750 0.235937 0.479167 0.178125 0.479167
4 0.331250 0.420833 0.381250 0.420833 0.381250 0.481250 0.331250 0.481250
10 0.565625 0.406250 0.615625 0.406250 0.615625 0.504167 0.565625 0.504167
4 0.735938 0.433333 0.793750 0.433333 0.793750 0.512500 0.735938 0.512500
4 0.485938 0.450000 0.543750 0.450000 0.543750 0.525000 0.485938 0.525000
9 0.601562 0.416667 0.698438 0.416667 0.698438 0.593750 0.601562 0.593750
4 0.834375 0.510417 0.928125 0.510417 0.928125 0.616667 0.834375 0.616667
4 0.512500 0.531250 0.590625 0.531250 0.590625 0.637500 0.512500 0.637500
9 0.679688 0.520833 0.839063 0.520833 0.839063 0.797917 0.679688 0.797917
4 0.115625 0.818750 0.267188 0.818750 0.267188 0.997917 0.115625 0.997917