4 0.323437 0.331250 0.353125 0.331250 0.353125 0.366667 0.323437 0.366667
4 0.359375 0.333333 0.393750 0.333333 0.393750 0.366667 0.359375 0.366667
2 0.510938 0.318750 0.573438 0.318750 0.573438 0.406250 0.510938 0.406250
4 0.459375 0.347917 0.487500 0.347917 0.487500 0.379167 0.459375 0.379167
4 0.462500 0.370833 0.500000 0.370833 0.500000 0.414583 0.462500 0.414583
8 0.614062 0.333333 0.698438 0.333333 0.698438 0.458333 0.614062 0.458333
4 0.354687 0.372917 0.389063 0.372917 0.389063 0.422917 0.354687 0.422917
4 0.273438 0.377083 0.312500 0.377083 0.312500 0.420833 0.273438 0.420833
4 0.465625 0.404167 0.515625 0.404167 0.515625 0.466667 0.465625 0.466667
2 0.543750 0.356250 0.626563 0.356250 0.626563 0.514583 0.543750 0.514583
4 0.487500 0.433333 0.531250 0.433333 0.531250 0.470833 0.487500 0.470833
4 0.698438 0.458333 0.734375 0.458333 0.734375 0.522917 0.698438 0.522917
8 0.600000 0.389583 0.715625 0.389583 0.715625 0.597917 0.600000 0.597917
4 0.482813 0.462500 0.546875 0.462500 0.546875 0.550000 0.482813 0.550000
4 0.728125 0.489583 0.793750 0.489583 0.793750 0.562500 0.728125 0.562500
4 0.503125 0.512500 0.600000 0.512500 0.600000 0.633333 0.503125 0.633333
4 0.762500 0.529167 0.832812 0.529167 0.832812 0.627083 0.762500 0.627083
4 0.807813 0.572917 0.909375 0.572917 0.909375 0.672917 0.807813 0.672917
4 0.650000 0.556250 0.746875 0.556250 0.746875 0.697917 0.650000 0.697917
4 0.510937 0.595833 0.607812 0.595833 0.607812 0.714583 0.510937 0.714583
4 0.535938 0.700000 0.657813 0.700000 0.657813 0.883333 0.535938 0.883333