4 0.281250 0.314583 0.314063 0.314583 0.314063 0.360417 0.281250 0.360417
7 0.325000 0.312500 0.354687 0.312500 0.354687 0.364583 0.325000 0.364583
4 0.373438 0.325000 0.403125 0.325000 0.403125 0.360417 0.373438 0.360417
1 0.579688 0.310417 0.645313 0.310417 0.645313 0.414583 0.579688 0.414583
1 0.523438 0.320833 0.582812 0.320833 0.582812 0.422917 0.523438 0.422917
0 0.456250 0.329167 0.526563 0.329167 0.526563 0.450000 0.456250 0.450000
4 0.698438 0.414583 0.750000 0.414583 0.750000 0.470833 0.698438 0.470833
4 0.335938 0.414583 0.381250 0.414583 0.381250 0.475000 0.335938 0.475000
4 0.639062 0.406250 0.692188 0.406250 0.692188 0.487500 0.639062 0.487500
7 0.234375 0.408333 0.306250 0.408333 0.306250 0.489583 0.234375 0.489583
7 0.068750 0.406250 0.190625 0.406250 0.190625 0.560417 0.068750 0.560417
7 0.143750 0.485417 0.251563 0.485417 0.251563 0.643750 0.143750 0.643750
4 0.510937 0.562500 0.595313 0.562500 0.595313 0.672917 0.510937 0.672917
4 0.278125 0.575000 0.360937 0.575000 0.360937 0.675000 0.278125 0.675000
1 0.848437 0.510417 1.000000 0.510417 1.000000 0.868750 0.848437 0.868750
7 0.000000 0.593750 0.101562 0.593750 0.101562 0.818750 0.000000 0.818750
1 0.676562 0.500000 0.982813 0.500000 0.982813 0.985417 0.676562 0.985417