4 0.343750 0.377083 0.384375 0.377083 0.384375 0.422917 0.343750 0.422917
4 0.475000 0.391667 0.518750 0.391667 0.518750 0.447917 0.475000 0.447917
4 0.285938 0.404167 0.334375 0.404167 0.334375 0.468750 0.285938 0.468750
4 0.557813 0.408333 0.585938 0.408333 0.585938 0.472917 0.557813 0.472917
10 0.667187 0.402083 0.735938 0.402083 0.735938 0.520833 0.667187 0.520833
9 0.582812 0.397917 0.653125 0.397917 0.653125 0.531250 0.582812 0.531250
7 0.137500 0.425000 0.201562 0.425000 0.201562 0.512500 0.137500 0.512500
4 0.492188 0.439583 0.546875 0.439583 0.546875 0.510417 0.492188 0.510417
5 0.164062 0.464583 0.254688 0.464583 0.254688 0.591667 0.164062 0.591667
4 0.492188 0.506250 0.562500 0.506250 0.562500 0.610417 0.492188 0.610417
4 0.920313 0.568750 1.000000 0.568750 1.000000 0.706250 0.920313 0.706250