4 0.360937 0.341667 0.401562 0.341667 0.401562 0.383333 0.360937 0.383333
5 0.290625 0.327083 0.345313 0.327083 0.345313 0.420833 0.290625 0.420833
4 0.350000 0.368750 0.398438 0.368750 0.398438 0.420833 0.350000 0.420833
1 0.634375 0.364583 0.770313 0.364583 0.770313 0.525000 0.634375 0.525000
4 0.293750 0.420833 0.353125 0.420833 0.353125 0.487500 0.293750 0.487500
4 0.573438 0.425000 0.648438 0.425000 0.648438 0.512500 0.573438 0.512500
4 0.479688 0.464583 0.554688 0.464583 0.554688 0.560417 0.479688 0.560417
4 0.759375 0.468750 0.859375 0.468750 0.859375 0.560417 0.759375 0.560417
4 0.498438 0.514583 0.582813 0.514583 0.582813 0.620833 0.498438 0.620833
4 0.628125 0.510417 0.715625 0.510417 0.715625 0.645833 0.628125 0.645833
4 0.226562 0.510417 0.360938 0.510417 0.360938 0.650000 0.226562 0.650000
4 0.787500 0.570833 0.884375 0.570833 0.884375 0.695833 0.787500 0.695833
1 0.898438 0.485417 1.000000 0.485417 1.000000 0.793750 0.898438 0.793750
5 0.660938 0.566667 0.826562 0.566667 0.826562 0.818750 0.660938 0.818750
4 0.565625 0.618750 0.670312 0.618750 0.670312 0.770833 0.565625 0.770833
7 0.482812 0.664583 0.654687 0.664583 0.654687 0.952083 0.482812 0.952083
5 0.823438 0.660417 1.000000 0.660417 1.000000 1.000000 0.823438 1.000000
4 0.000000 0.768750 0.101562 0.768750 0.101562 0.977083 0.000000 0.977083
4 0.062500 0.906250 0.246875 0.906250 0.246875 1.000000 0.062500 1.000000