7 0.320312 0.287500 0.370313 0.287500 0.370313 0.377083 0.320312 0.377083
4 0.367188 0.304167 0.409375 0.304167 0.409375 0.368750 0.367188 0.368750
4 0.507812 0.322917 0.546875 0.322917 0.546875 0.370833 0.507812 0.370833
7 0.589063 0.314583 0.643750 0.314583 0.643750 0.389583 0.589063 0.389583
4 0.451563 0.362500 0.503125 0.362500 0.503125 0.435417 0.451563 0.435417
7 0.639062 0.358333 0.759375 0.358333 0.759375 0.468750 0.639062 0.468750
4 0.323437 0.385417 0.392187 0.385417 0.392187 0.454167 0.323437 0.454167
7 0.556250 0.358333 0.637500 0.358333 0.637500 0.483333 0.556250 0.483333
4 0.509375 0.385417 0.570312 0.385417 0.570312 0.460417 0.509375 0.460417
4 0.456250 0.406250 0.509375 0.406250 0.509375 0.468750 0.456250 0.468750
4 0.478125 0.437500 0.531250 0.437500 0.531250 0.522917 0.478125 0.522917
4 0.300000 0.445833 0.368750 0.445833 0.368750 0.533333 0.300000 0.533333
7 0.615625 0.454167 0.657813 0.454167 0.657813 0.564583 0.615625 0.564583
4 0.487500 0.479167 0.548438 0.479167 0.548438 0.585417 0.487500 0.585417
4 0.801562 0.481250 0.887500 0.481250 0.887500 0.587500 0.801562 0.587500
1 0.637500 0.429167 0.789062 0.429167 0.789062 0.662500 0.637500 0.662500
4 0.503125 0.547917 0.625000 0.547917 0.625000 0.666667 0.503125 0.666667
1 0.000000 0.456250 0.210938 0.456250 0.210938 0.791667 0.000000 0.791667
4 0.531250 0.641667 0.651563 0.641667 0.651563 0.845833 0.531250 0.845833
1 0.692187 0.500000 1.000000 0.500000 1.000000 1.000000 0.692187 1.000000
4 0.554688 0.889583 0.737500 0.889583 0.737500 1.000000 0.554688 1.000000