4 0.384375 0.308333 0.406250 0.308333 0.406250 0.339583 0.384375 0.339583
4 0.373438 0.327083 0.403125 0.327083 0.403125 0.368750 0.373438 0.368750
8 0.301562 0.310417 0.351562 0.310417 0.351562 0.387500 0.301562 0.387500
4 0.507812 0.339583 0.537500 0.339583 0.537500 0.383333 0.507812 0.383333
4 0.454688 0.354167 0.490625 0.354167 0.490625 0.404167 0.454688 0.404167
9 0.275000 0.339583 0.329688 0.339583 0.329688 0.429167 0.275000 0.429167
4 0.350000 0.381250 0.390625 0.381250 0.390625 0.427083 0.350000 0.427083
4 0.553125 0.389583 0.603125 0.389583 0.603125 0.466667 0.553125 0.466667
4 0.309375 0.435417 0.367188 0.435417 0.367188 0.510417 0.309375 0.510417
7 0.606250 0.416667 0.712500 0.416667 0.712500 0.593750 0.606250 0.593750
9 0.000000 0.466667 0.115625 0.466667 0.115625 0.654167 0.000000 0.654167
11 0.000000 0.454167 0.240625 0.454167 0.240625 0.793750 0.000000 0.793750
4 0.529687 0.606250 0.621875 0.606250 0.621875 0.735417 0.529687 0.735417