11 0.557812 0.335417 0.626563 0.335417 0.626563 0.408333 0.557812 0.408333
4 0.632812 0.362500 0.670313 0.362500 0.670313 0.412500 0.632812 0.412500
4 0.350000 0.370833 0.381250 0.370833 0.381250 0.408333 0.350000 0.408333
3 0.467187 0.360417 0.509375 0.360417 0.509375 0.439583 0.467187 0.439583
9 0.539062 0.379167 0.604688 0.379167 0.604688 0.475000 0.539062 0.475000
4 0.479688 0.416667 0.531250 0.416667 0.531250 0.491667 0.479688 0.491667
9 0.643750 0.420833 0.710938 0.420833 0.710938 0.495833 0.643750 0.495833
4 0.576562 0.462500 0.651562 0.462500 0.651562 0.552083 0.576562 0.552083
4 0.487500 0.481250 0.553125 0.481250 0.553125 0.585417 0.487500 0.585417
9 0.846875 0.585417 0.964063 0.585417 0.964063 0.741667 0.846875 0.741667
11 0.651562 0.483333 0.892188 0.483333 0.892188 0.847917 0.651562 0.847917
4 0.545312 0.658333 0.645313 0.658333 0.645313 0.797917 0.545312 0.797917