1 0.306250 0.316667 0.351562 0.316667 0.351562 0.395833 0.306250 0.395833
4 0.368750 0.341667 0.401562 0.341667 0.401562 0.375000 0.368750 0.375000
4 0.357812 0.375000 0.390625 0.375000 0.390625 0.414583 0.357812 0.414583
4 0.542187 0.370833 0.579688 0.370833 0.579688 0.425000 0.542187 0.425000
4 0.275000 0.391667 0.315625 0.391667 0.315625 0.443750 0.275000 0.443750
4 0.625000 0.395833 0.667188 0.395833 0.667188 0.450000 0.625000 0.450000
7 0.181250 0.387500 0.243750 0.387500 0.243750 0.464583 0.181250 0.464583
4 0.479687 0.410417 0.528125 0.410417 0.528125 0.477083 0.479687 0.477083
10 0.578125 0.410417 0.626562 0.410417 0.626562 0.491667 0.578125 0.491667
7 0.110937 0.400000 0.185938 0.400000 0.185938 0.510417 0.110937 0.510417
4 0.325000 0.439583 0.378125 0.439583 0.378125 0.500000 0.325000 0.500000
4 0.487500 0.462500 0.543750 0.462500 0.543750 0.545833 0.487500 0.545833
7 0.201563 0.472917 0.268750 0.472917 0.268750 0.560417 0.201563 0.560417
7 0.742188 0.470833 0.814062 0.470833 0.814062 0.597917 0.742188 0.597917
4 0.290625 0.506250 0.357812 0.506250 0.357812 0.589583 0.290625 0.589583
7 0.081250 0.493750 0.207813 0.493750 0.207813 0.662500 0.081250 0.662500
11 0.621875 0.429167 0.823438 0.429167 0.823438 0.770833 0.621875 0.770833
10 0.834375 0.545833 0.984375 0.545833 0.984375 0.764583 0.834375 0.764583
2 0.506250 0.483333 0.703125 0.483333 0.703125 0.868750 0.506250 0.868750
4 0.168750 0.766667 0.292187 0.766667 0.292187 0.927083 0.168750 0.927083