1 0.335938 0.258333 0.384375 0.258333 0.384375 0.337500 0.335938 0.337500
4 0.382812 0.300000 0.412500 0.300000 0.412500 0.337500 0.382812 0.337500
4 0.287500 0.316667 0.323437 0.316667 0.323437 0.360417 0.287500 0.360417
4 0.270313 0.341667 0.306250 0.341667 0.306250 0.379167 0.270313 0.379167
7 0.521875 0.333333 0.579688 0.333333 0.579688 0.427083 0.521875 0.427083
1 0.589063 0.333333 0.687500 0.333333 0.687500 0.439583 0.589063 0.439583
4 0.471875 0.370833 0.510938 0.370833 0.510938 0.425000 0.471875 0.425000
4 0.679688 0.370833 0.715625 0.370833 0.715625 0.445833 0.679688 0.445833
4 0.479687 0.400000 0.517188 0.400000 0.517188 0.439583 0.479687 0.439583
4 0.550000 0.393750 0.590625 0.393750 0.590625 0.456250 0.550000 0.456250
7 0.226562 0.366667 0.320312 0.366667 0.320312 0.493750 0.226562 0.493750
4 0.571875 0.408333 0.618750 0.408333 0.618750 0.489583 0.571875 0.489583
4 0.484375 0.422917 0.529688 0.422917 0.529688 0.495833 0.484375 0.495833
1 0.693750 0.356250 0.900000 0.356250 0.900000 0.606250 0.693750 0.606250
4 0.489063 0.445833 0.548438 0.445833 0.548438 0.539583 0.489063 0.539583
7 0.582812 0.422917 0.667188 0.422917 0.667188 0.585417 0.582812 0.585417
4 0.503125 0.481250 0.568750 0.481250 0.568750 0.570833 0.503125 0.570833
7 0.612500 0.443750 0.725000 0.443750 0.725000 0.652083 0.612500 0.652083
4 0.523438 0.502083 0.592188 0.502083 0.592188 0.633333 0.523438 0.633333
7 0.489063 0.543750 0.589063 0.543750 0.589063 0.714583 0.489063 0.714583
7 0.709375 0.562500 0.784375 0.562500 0.784375 0.712500 0.709375 0.712500
1 0.889063 0.529167 1.000000 0.529167 1.000000 0.852083 0.889063 0.852083
4 0.528125 0.641667 0.637500 0.641667 0.637500 0.831250 0.528125 0.831250
1 0.739062 0.514583 0.992188 0.514583 0.992188 0.966667 0.739062 0.966667
4 0.543750 0.760417 0.689063 0.760417 0.689063 1.000000 0.543750 1.000000