4 0.484375 0.300000 0.509375 0.300000 0.509375 0.325000 0.484375 0.325000
4 0.382812 0.302083 0.406250 0.302083 0.406250 0.337500 0.382812 0.337500
10 0.501563 0.291667 0.535938 0.291667 0.535938 0.356250 0.501563 0.356250
4 0.451562 0.310417 0.478125 0.310417 0.478125 0.345833 0.451562 0.345833
4 0.357812 0.329167 0.392188 0.329167 0.392188 0.372917 0.357812 0.372917
7 0.209375 0.358333 0.259375 0.358333 0.259375 0.429167 0.209375 0.429167
8 0.248437 0.352083 0.320312 0.352083 0.320312 0.450000 0.248437 0.450000
4 0.470312 0.377083 0.512500 0.377083 0.512500 0.433333 0.470312 0.433333
4 0.564063 0.429167 0.628125 0.429167 0.628125 0.504167 0.564063 0.504167
4 0.259375 0.529167 0.342187 0.529167 0.342187 0.627083 0.259375 0.627083
4 0.529687 0.550000 0.618750 0.550000 0.618750 0.679167 0.529687 0.679167
4 0.770312 0.739583 0.956250 0.739583 0.956250 0.987500 0.770312 0.987500