4 0.373437 0.322917 0.404687 0.322917 0.404687 0.362500 0.373437 0.362500
4 0.464062 0.352083 0.495312 0.352083 0.495312 0.402083 0.464062 0.402083
4 0.345312 0.370833 0.385937 0.370833 0.385937 0.416667 0.345312 0.416667
8 0.600000 0.333333 0.693750 0.333333 0.693750 0.468750 0.600000 0.468750
9 0.543750 0.375000 0.593750 0.375000 0.593750 0.458333 0.543750 0.458333
4 0.476562 0.395833 0.515625 0.395833 0.515625 0.450000 0.476562 0.450000
9 0.570312 0.400000 0.639063 0.400000 0.639063 0.516667 0.570312 0.516667
4 0.481250 0.437500 0.543750 0.437500 0.543750 0.516667 0.481250 0.516667
8 0.729688 0.431250 0.895312 0.431250 0.895312 0.639583 0.729688 0.639583
4 0.526562 0.545833 0.600000 0.545833 0.600000 0.650000 0.526562 0.650000
2 0.704687 0.522917 0.979688 0.522917 0.979688 0.943750 0.704687 0.943750