5 0.326563 0.322917 0.356250 0.322917 0.356250 0.358333 0.326563 0.358333
9 0.235937 0.312500 0.300000 0.312500 0.300000 0.389583 0.235937 0.389583
4 0.370312 0.347917 0.400000 0.347917 0.400000 0.385417 0.370312 0.385417
4 0.315625 0.352083 0.340625 0.352083 0.340625 0.391667 0.315625 0.391667
9 0.265625 0.358333 0.321875 0.358333 0.321875 0.452083 0.265625 0.452083
4 0.475000 0.381250 0.507812 0.381250 0.507812 0.429167 0.475000 0.429167
8 0.625000 0.335417 0.698438 0.335417 0.698438 0.477083 0.625000 0.477083
11 0.546875 0.347917 0.651563 0.347917 0.651563 0.508333 0.546875 0.508333
4 0.334375 0.418750 0.384375 0.418750 0.384375 0.477083 0.334375 0.477083
4 0.484375 0.429167 0.534375 0.429167 0.534375 0.502083 0.484375 0.502083
1 0.028125 0.360417 0.204688 0.360417 0.204688 0.587500 0.028125 0.587500
4 0.204687 0.475000 0.267188 0.475000 0.267188 0.545833 0.204687 0.545833
4 0.290625 0.504167 0.360938 0.504167 0.360938 0.577083 0.290625 0.577083
4 0.517188 0.606250 0.610938 0.606250 0.610938 0.737500 0.517188 0.737500
7 0.003125 0.618750 0.125000 0.618750 0.125000 0.760417 0.003125 0.760417
8 0.704687 0.487500 0.964063 0.487500 0.964063 0.925000 0.704687 0.925000