7 0.531250 0.350000 0.578125 0.350000 0.578125 0.422917 0.531250 0.422917
4 0.476562 0.381250 0.512500 0.381250 0.512500 0.414583 0.476562 0.414583
4 0.340625 0.379167 0.385937 0.379167 0.385937 0.431250 0.340625 0.431250
4 0.592188 0.383333 0.640625 0.383333 0.640625 0.427083 0.592188 0.427083
4 0.473438 0.395833 0.506250 0.395833 0.506250 0.437500 0.473438 0.437500
4 0.553125 0.397917 0.592187 0.397917 0.592187 0.445833 0.553125 0.445833
4 0.479687 0.412500 0.517188 0.412500 0.517188 0.445833 0.479687 0.445833
4 0.259375 0.418750 0.307812 0.418750 0.307812 0.475000 0.259375 0.475000
4 0.481250 0.431250 0.526563 0.431250 0.526563 0.502083 0.481250 0.502083
5 0.673438 0.400000 0.798438 0.400000 0.798438 0.552083 0.673438 0.552083
4 0.306250 0.450000 0.360938 0.450000 0.360938 0.527083 0.306250 0.527083
4 0.600000 0.472917 0.667187 0.472917 0.667187 0.560417 0.600000 0.560417
5 0.000000 0.427083 0.146875 0.427083 0.146875 0.608333 0.000000 0.608333
4 0.492188 0.479167 0.550000 0.479167 0.550000 0.566667 0.492188 0.566667
4 0.201562 0.485417 0.270313 0.485417 0.270313 0.564583 0.201562 0.564583
4 0.807813 0.491667 0.879687 0.491667 0.879687 0.566667 0.807813 0.566667
7 0.760937 0.543750 0.857812 0.543750 0.857812 0.647917 0.760937 0.647917
4 0.520313 0.566667 0.600000 0.566667 0.600000 0.670833 0.520313 0.670833
4 0.859375 0.652083 0.976562 0.652083 0.976562 0.781250 0.859375 0.781250
4 0.714062 0.652083 0.829688 0.652083 0.829688 0.812500 0.714062 0.812500
4 0.026563 0.666667 0.150000 0.666667 0.150000 0.802083 0.026563 0.802083
4 0.587500 0.722917 0.720313 0.722917 0.720313 0.922917 0.587500 0.922917
7 0.801562 0.731250 1.000000 0.731250 1.000000 1.000000 0.801562 1.000000