5 0.317188 0.356250 0.354687 0.356250 0.354687 0.395833 0.317188 0.395833
9 0.531250 0.345833 0.587500 0.345833 0.587500 0.445833 0.531250 0.445833
4 0.475000 0.379167 0.517188 0.379167 0.517188 0.435417 0.475000 0.435417
9 0.560937 0.360417 0.628125 0.360417 0.628125 0.491667 0.560937 0.491667
2 0.634375 0.366667 0.743750 0.366667 0.743750 0.512500 0.634375 0.512500
4 0.745312 0.452083 0.790625 0.452083 0.790625 0.522917 0.745312 0.522917
4 0.493750 0.456250 0.548438 0.456250 0.548438 0.529167 0.493750 0.529167
9 0.609375 0.427083 0.710938 0.427083 0.710938 0.612500 0.609375 0.612500
2 0.773438 0.464583 1.000000 0.464583 1.000000 0.785417 0.773438 0.785417
4 0.526563 0.585417 0.614062 0.585417 0.614062 0.718750 0.526563 0.718750
4 0.740625 0.672917 0.879688 0.672917 0.879688 0.847917 0.740625 0.847917