7 0.287500 0.312500 0.323437 0.312500 0.323437 0.364583 0.287500 0.364583
9 0.523438 0.343750 0.567187 0.343750 0.567187 0.414583 0.523438 0.414583
4 0.467187 0.370833 0.506250 0.370833 0.506250 0.418750 0.467187 0.418750
4 0.542188 0.395833 0.585938 0.395833 0.585938 0.454167 0.542188 0.454167
4 0.473437 0.412500 0.515625 0.412500 0.515625 0.472917 0.473437 0.472917
11 0.573438 0.389583 0.690625 0.389583 0.690625 0.572917 0.573438 0.572917
9 0.693750 0.464583 0.784375 0.464583 0.784375 0.558333 0.693750 0.558333
4 0.493750 0.481250 0.560937 0.481250 0.560937 0.572917 0.493750 0.572917
4 0.798438 0.572917 0.896875 0.572917 0.896875 0.700000 0.798438 0.700000
4 0.690625 0.629167 0.809375 0.629167 0.809375 0.785417 0.690625 0.785417
4 0.581250 0.756250 0.715625 0.756250 0.715625 0.964583 0.581250 0.964583