8 0.598437 0.333333 0.656250 0.333333 0.656250 0.420833 0.598437 0.420833
4 0.475000 0.368750 0.509375 0.368750 0.509375 0.412500 0.475000 0.412500
2 0.535938 0.333333 0.607812 0.333333 0.607812 0.450000 0.535938 0.450000
4 0.353125 0.377083 0.389062 0.377083 0.389062 0.420833 0.353125 0.420833
4 0.229688 0.377083 0.271875 0.377083 0.271875 0.429167 0.229688 0.429167
4 0.482812 0.429167 0.532813 0.429167 0.532813 0.483333 0.482812 0.483333
8 0.654687 0.385417 0.770313 0.385417 0.770313 0.543750 0.654687 0.543750
10 0.582813 0.435417 0.650000 0.435417 0.650000 0.543750 0.582813 0.543750
4 0.498437 0.493750 0.557812 0.493750 0.557812 0.568750 0.498437 0.568750
4 0.815625 0.506250 0.885938 0.506250 0.885938 0.591667 0.815625 0.591667
9 0.626563 0.443750 0.751563 0.443750 0.751563 0.679167 0.626563 0.679167
4 0.265625 0.529167 0.345313 0.529167 0.345313 0.616667 0.265625 0.616667
4 0.539062 0.614583 0.634375 0.614583 0.634375 0.756250 0.539062 0.756250
9 0.745312 0.608333 0.962500 0.608333 0.962500 0.979167 0.745312 0.979167