0 0.442188 0.304167 0.485937 0.304167 0.485937 0.368750 0.442188 0.368750
0 0.500000 0.295833 0.551562 0.295833 0.551562 0.377083 0.500000 0.377083
4 0.456250 0.343750 0.482813 0.343750 0.482813 0.375000 0.456250 0.375000
4 0.309375 0.347917 0.342188 0.347917 0.342188 0.393750 0.309375 0.393750
4 0.464062 0.372917 0.496875 0.372917 0.496875 0.416667 0.464062 0.416667
7 0.600000 0.345833 0.662500 0.345833 0.662500 0.445833 0.600000 0.445833
4 0.345313 0.368750 0.389062 0.368750 0.389062 0.427083 0.345313 0.427083
0 0.531250 0.335417 0.606250 0.335417 0.606250 0.462500 0.531250 0.462500
4 0.664062 0.385417 0.704687 0.385417 0.704687 0.435417 0.664062 0.435417
4 0.476562 0.406250 0.518750 0.406250 0.518750 0.470833 0.476562 0.470833
7 0.232813 0.402083 0.300000 0.402083 0.300000 0.481250 0.232813 0.481250
4 0.639062 0.418750 0.684375 0.418750 0.684375 0.479167 0.639062 0.479167
7 0.115625 0.425000 0.204687 0.425000 0.204687 0.537500 0.115625 0.537500
4 0.495313 0.456250 0.550000 0.456250 0.550000 0.543750 0.495313 0.543750
8 0.714063 0.393750 0.906250 0.393750 0.906250 0.639583 0.714063 0.639583
4 0.612500 0.506250 0.689063 0.506250 0.689063 0.614583 0.612500 0.614583
4 0.496875 0.533333 0.579688 0.533333 0.579688 0.672917 0.496875 0.672917
4 0.243750 0.604167 0.335938 0.604167 0.335938 0.733333 0.243750 0.733333
4 0.548437 0.704167 0.679688 0.704167 0.679688 0.883333 0.548437 0.883333
4 0.742188 0.725000 0.896875 0.725000 0.896875 0.929167 0.742188 0.929167