4 0.348438 0.312500 0.371875 0.312500 0.371875 0.350000 0.348438 0.350000
4 0.301562 0.358333 0.335938 0.358333 0.335938 0.408333 0.301562 0.408333
4 0.465625 0.364583 0.498438 0.364583 0.498438 0.408333 0.465625 0.408333
1 0.609375 0.316667 0.704687 0.316667 0.704687 0.481250 0.609375 0.481250
4 0.350000 0.385417 0.389062 0.385417 0.389062 0.427083 0.350000 0.427083
4 0.479687 0.391667 0.525000 0.391667 0.525000 0.452083 0.479687 0.452083
1 0.540625 0.379167 0.615625 0.379167 0.615625 0.475000 0.540625 0.475000
4 0.479687 0.450000 0.537500 0.450000 0.537500 0.518750 0.479687 0.518750
4 0.231250 0.472917 0.300000 0.472917 0.300000 0.545833 0.231250 0.545833
4 0.734375 0.525000 0.810938 0.525000 0.810938 0.612500 0.734375 0.612500
4 0.632812 0.533333 0.715625 0.533333 0.715625 0.639583 0.632812 0.639583
4 0.503125 0.533333 0.579688 0.533333 0.579688 0.645833 0.503125 0.645833