1 0.339062 0.287500 0.378125 0.287500 0.378125 0.343750 0.339062 0.343750
7 0.301563 0.302083 0.331250 0.302083 0.331250 0.347917 0.301563 0.347917
6 0.367188 0.318750 0.395312 0.318750 0.395312 0.364583 0.367188 0.364583
4 0.351562 0.358333 0.389062 0.358333 0.389062 0.402083 0.351562 0.402083
1 0.606250 0.320833 0.684375 0.320833 0.684375 0.443750 0.606250 0.443750
7 0.529687 0.343750 0.576562 0.343750 0.576562 0.431250 0.529687 0.431250
4 0.554688 0.397917 0.587500 0.397917 0.587500 0.450000 0.554688 0.450000
1 0.101563 0.366667 0.220313 0.366667 0.220313 0.525000 0.101563 0.525000
4 0.573438 0.414583 0.617188 0.414583 0.617188 0.481250 0.573438 0.481250
7 0.662500 0.393750 0.753125 0.393750 0.753125 0.529167 0.662500 0.529167
4 0.482812 0.431250 0.521875 0.431250 0.521875 0.493750 0.482812 0.493750
4 0.487500 0.454167 0.546875 0.454167 0.546875 0.535417 0.487500 0.535417
4 0.295312 0.458333 0.357812 0.458333 0.357812 0.541667 0.295312 0.541667
7 0.589063 0.441667 0.656250 0.441667 0.656250 0.577083 0.589063 0.577083
4 0.498438 0.491667 0.562500 0.491667 0.562500 0.577083 0.498438 0.577083
7 0.614062 0.447917 0.721875 0.447917 0.721875 0.650000 0.614062 0.650000
4 0.523438 0.525000 0.593750 0.525000 0.593750 0.629167 0.523438 0.629167
7 0.789062 0.477083 0.918750 0.477083 0.918750 0.679167 0.789062 0.679167
7 0.495312 0.543750 0.576562 0.543750 0.576562 0.702083 0.495312 0.702083
7 0.715625 0.570833 0.814063 0.570833 0.814063 0.731250 0.715625 0.731250
1 0.748437 0.539583 0.978125 0.539583 0.978125 0.929167 0.748437 0.929167
4 0.523438 0.654167 0.623438 0.654167 0.623438 0.829167 0.523438 0.829167
4 0.545312 0.758333 0.681250 0.758333 0.681250 0.964583 0.545312 0.964583
7 0.082812 0.802083 0.245312 0.802083 0.245312 1.000000 0.082812 1.000000
4 0.567187 0.902083 0.718750 0.902083 0.718750 1.000000 0.567187 1.000000