11 0.295313 0.316667 0.354687 0.316667 0.354687 0.402083 0.295313 0.402083
9 0.234375 0.325000 0.290625 0.325000 0.290625 0.395833 0.234375 0.395833
4 0.518750 0.360417 0.553125 0.360417 0.553125 0.406250 0.518750 0.406250
4 0.478125 0.372917 0.517188 0.372917 0.517188 0.431250 0.478125 0.431250
11 0.159375 0.358333 0.257812 0.358333 0.257812 0.452083 0.159375 0.452083
4 0.350000 0.379167 0.387500 0.379167 0.387500 0.435417 0.350000 0.435417
4 0.304688 0.456250 0.364062 0.456250 0.364062 0.527083 0.304688 0.527083
2 0.160938 0.402083 0.284375 0.402083 0.284375 0.587500 0.160938 0.587500
7 0.040625 0.441667 0.143750 0.441667 0.143750 0.585417 0.040625 0.585417
4 0.643750 0.643750 0.760938 0.643750 0.760938 0.816667 0.643750 0.816667
7 0.145313 0.714583 0.296875 0.714583 0.296875 0.920833 0.145313 0.920833