7 0.282812 0.312500 0.315625 0.312500 0.315625 0.362500 0.282812 0.362500
1 0.584375 0.310417 0.650000 0.310417 0.650000 0.418750 0.584375 0.418750
4 0.320312 0.345833 0.348437 0.345833 0.348437 0.387500 0.320312 0.387500
4 0.460938 0.352083 0.490625 0.352083 0.490625 0.383333 0.460938 0.383333
1 0.521875 0.341667 0.579688 0.341667 0.579688 0.425000 0.521875 0.425000
4 0.471875 0.362500 0.510938 0.362500 0.510938 0.410417 0.471875 0.410417
4 0.475000 0.404167 0.514062 0.404167 0.514062 0.445833 0.475000 0.445833
4 0.573438 0.439583 0.621875 0.439583 0.621875 0.497917 0.573438 0.497917
4 0.485938 0.450000 0.537500 0.450000 0.537500 0.522917 0.485938 0.522917
4 0.192188 0.479167 0.256250 0.479167 0.256250 0.566667 0.192188 0.566667
4 0.784375 0.529167 0.835938 0.529167 0.835938 0.618750 0.784375 0.618750
1 0.629688 0.414583 0.865625 0.414583 0.865625 0.812500 0.629688 0.812500
0 0.837500 0.518750 1.000000 0.518750 1.000000 0.887500 0.837500 0.887500
4 0.534375 0.637500 0.629687 0.637500 0.629687 0.783333 0.534375 0.783333
4 0.210937 0.687500 0.317187 0.687500 0.317187 0.822917 0.210937 0.822917