4 0.376562 0.316667 0.403125 0.316667 0.403125 0.350000 0.376562 0.350000
1 0.512500 0.293750 0.573438 0.293750 0.573438 0.414583 0.512500 0.414583
7 0.285938 0.347917 0.337500 0.347917 0.337500 0.412500 0.285938 0.412500
4 0.579688 0.358333 0.615625 0.358333 0.615625 0.404167 0.579688 0.404167
0 0.617188 0.331250 0.679688 0.331250 0.679688 0.433333 0.617188 0.433333
4 0.464063 0.368750 0.500000 0.368750 0.500000 0.410417 0.464063 0.410417
4 0.471875 0.393750 0.510938 0.393750 0.510938 0.439583 0.471875 0.439583
4 0.342188 0.397917 0.393750 0.397917 0.393750 0.450000 0.342188 0.450000
4 0.593750 0.420833 0.635938 0.420833 0.635938 0.475000 0.593750 0.475000
5 0.659375 0.391667 0.743750 0.391667 0.743750 0.508333 0.659375 0.508333
4 0.481250 0.447917 0.535937 0.447917 0.535937 0.512500 0.481250 0.512500
9 0.648438 0.435417 0.771875 0.435417 0.771875 0.610417 0.648438 0.610417
7 0.009375 0.489583 0.125000 0.489583 0.125000 0.645833 0.009375 0.645833
4 0.496875 0.545833 0.573438 0.545833 0.573438 0.647917 0.496875 0.647917
1 0.703125 0.545833 1.000000 0.545833 1.000000 1.000000 0.703125 1.000000
4 0.559375 0.714583 0.695312 0.714583 0.695312 0.962500 0.559375 0.962500