7 0.303125 0.293750 0.335938 0.293750 0.335938 0.339583 0.303125 0.339583
4 0.376562 0.322917 0.403125 0.322917 0.403125 0.358333 0.376562 0.358333
1 0.568750 0.293750 0.628125 0.293750 0.628125 0.397917 0.568750 0.397917
1 0.514063 0.304167 0.578125 0.304167 0.578125 0.412500 0.514063 0.412500
7 0.253125 0.331250 0.296875 0.331250 0.296875 0.389583 0.253125 0.389583
7 0.306250 0.333333 0.342187 0.333333 0.342187 0.393750 0.306250 0.393750
0 0.457812 0.325000 0.515625 0.325000 0.515625 0.422917 0.457812 0.422917
4 0.354688 0.356250 0.390625 0.356250 0.390625 0.404167 0.354688 0.404167
4 0.648438 0.368750 0.682813 0.368750 0.682813 0.410417 0.648438 0.410417
4 0.490625 0.466667 0.551563 0.466667 0.551563 0.545833 0.490625 0.545833
1 0.603125 0.418750 0.789062 0.418750 0.789062 0.714583 0.603125 0.714583
1 0.750000 0.452083 0.967188 0.452083 0.967188 0.710417 0.750000 0.710417
4 0.276562 0.550000 0.354687 0.550000 0.354687 0.647917 0.276562 0.647917
7 0.084375 0.527083 0.225000 0.527083 0.225000 0.691667 0.084375 0.691667