4 0.553125 0.327083 0.600000 0.327083 0.600000 0.383333 0.553125 0.383333
4 0.520312 0.354167 0.550000 0.354167 0.550000 0.393750 0.520312 0.393750
4 0.582812 0.370833 0.617188 0.370833 0.617188 0.412500 0.582812 0.412500
7 0.614063 0.366667 0.657813 0.366667 0.657813 0.425000 0.614063 0.425000
4 0.476562 0.397917 0.514062 0.397917 0.514062 0.452083 0.476562 0.452083
4 0.548437 0.400000 0.585938 0.400000 0.585938 0.452083 0.548437 0.452083
1 0.656250 0.354167 0.796875 0.354167 0.796875 0.564583 0.656250 0.564583
4 0.490625 0.443750 0.551563 0.443750 0.551563 0.531250 0.490625 0.531250
5 0.043750 0.433333 0.151562 0.433333 0.151562 0.560417 0.043750 0.560417
1 0.571875 0.420833 0.687500 0.420833 0.687500 0.581250 0.571875 0.581250
4 0.514062 0.550000 0.590625 0.550000 0.590625 0.677083 0.514062 0.677083
4 0.851562 0.660417 0.992188 0.660417 0.992188 0.793750 0.851562 0.793750
4 0.545313 0.708333 0.671875 0.708333 0.671875 0.906250 0.545313 0.906250
4 0.785938 0.804167 0.951562 0.804167 0.951562 0.995833 0.785938 0.995833