5 0.384375 0.302083 0.410938 0.302083 0.410938 0.333333 0.384375 0.333333
4 0.354687 0.352083 0.395313 0.352083 0.395313 0.391667 0.354687 0.391667
7 0.223438 0.368750 0.276562 0.368750 0.276562 0.431250 0.223438 0.431250
10 0.609375 0.372917 0.648438 0.372917 0.648438 0.427083 0.609375 0.427083
4 0.465625 0.381250 0.501563 0.381250 0.501563 0.427083 0.465625 0.427083
11 0.539062 0.350000 0.620313 0.350000 0.620313 0.479167 0.539062 0.479167
9 0.640625 0.404167 0.704687 0.404167 0.704687 0.483333 0.640625 0.483333
4 0.481250 0.431250 0.526563 0.431250 0.526563 0.487500 0.481250 0.487500
4 0.707812 0.489583 0.781250 0.489583 0.781250 0.572917 0.707812 0.572917
4 0.609375 0.500000 0.681250 0.500000 0.681250 0.585417 0.609375 0.585417
4 0.532813 0.568750 0.614063 0.568750 0.614063 0.683333 0.532813 0.683333
10 0.807812 0.522917 0.954688 0.522917 0.954688 0.729167 0.807812 0.729167
4 0.557812 0.770833 0.693750 0.770833 0.693750 0.966667 0.557812 0.966667