4 0.376563 0.310417 0.407813 0.310417 0.407813 0.350000 0.376563 0.350000
4 0.351562 0.352083 0.392188 0.352083 0.392188 0.397917 0.351562 0.397917
4 0.464063 0.362500 0.500000 0.362500 0.500000 0.412500 0.464063 0.412500
8 0.614062 0.341667 0.707812 0.341667 0.707812 0.477083 0.614062 0.477083
9 0.545312 0.385417 0.595313 0.385417 0.595313 0.468750 0.545312 0.468750
4 0.478125 0.408333 0.518750 0.408333 0.518750 0.468750 0.478125 0.468750
9 0.579687 0.408333 0.656250 0.408333 0.656250 0.541667 0.579687 0.541667
4 0.492187 0.450000 0.548437 0.450000 0.548437 0.539583 0.492187 0.539583
8 0.757812 0.445833 0.942187 0.445833 0.942187 0.666667 0.757812 0.666667
4 0.534375 0.585417 0.621875 0.585417 0.621875 0.712500 0.534375 0.712500
2 0.742188 0.583333 1.000000 0.583333 1.000000 1.000000 0.742188 1.000000