1 0.362500 0.270833 0.389063 0.270833 0.389063 0.316667 0.362500 0.316667
7 0.318750 0.281250 0.348438 0.281250 0.348438 0.327083 0.318750 0.327083
6 0.387500 0.289583 0.415625 0.289583 0.415625 0.322917 0.387500 0.322917
4 0.375000 0.318750 0.404687 0.318750 0.404687 0.354167 0.375000 0.354167
4 0.353125 0.358333 0.389062 0.358333 0.389062 0.402083 0.353125 0.402083
1 0.198437 0.327083 0.275000 0.327083 0.275000 0.437500 0.198437 0.437500
7 0.529687 0.343750 0.576562 0.343750 0.576562 0.431250 0.529687 0.431250
7 0.620313 0.329167 0.714063 0.329167 0.714063 0.472917 0.620313 0.472917
4 0.554688 0.397917 0.587500 0.397917 0.587500 0.450000 0.554688 0.450000
4 0.573438 0.414583 0.617188 0.414583 0.617188 0.481250 0.573438 0.481250
7 0.310938 0.418750 0.364063 0.418750 0.364063 0.489583 0.310938 0.489583
4 0.482812 0.431250 0.521875 0.431250 0.521875 0.493750 0.482812 0.493750
7 0.678125 0.408333 0.779687 0.408333 0.779687 0.558333 0.678125 0.558333
4 0.487500 0.454167 0.546875 0.454167 0.546875 0.535417 0.487500 0.535417
7 0.589063 0.441667 0.656250 0.441667 0.656250 0.577083 0.589063 0.577083
7 0.153125 0.443750 0.251562 0.443750 0.251562 0.583333 0.153125 0.583333
4 0.498438 0.491667 0.562500 0.491667 0.562500 0.577083 0.498438 0.577083
7 0.614062 0.447917 0.721875 0.447917 0.721875 0.650000 0.614062 0.650000
4 0.523438 0.525000 0.593750 0.525000 0.593750 0.629167 0.523438 0.629167
7 0.495312 0.543750 0.576562 0.543750 0.576562 0.702083 0.495312 0.702083
7 0.837500 0.514583 0.996875 0.514583 0.996875 0.743750 0.837500 0.743750
7 0.715625 0.570833 0.814063 0.570833 0.814063 0.731250 0.715625 0.731250
1 0.748437 0.539583 0.978125 0.539583 0.978125 0.929167 0.748437 0.929167
4 0.523438 0.654167 0.623438 0.654167 0.623438 0.829167 0.523438 0.829167
4 0.545312 0.758333 0.681250 0.758333 0.681250 0.964583 0.545312 0.964583
4 0.120313 0.868750 0.271875 0.868750 0.271875 1.000000 0.120313 1.000000
4 0.567187 0.902083 0.718750 0.902083 0.718750 1.000000 0.567187 1.000000