9 0.537500 0.337500 0.589062 0.337500 0.589062 0.429167 0.537500 0.429167
1 0.165625 0.320833 0.273438 0.320833 0.273438 0.468750 0.165625 0.468750
4 0.281250 0.391667 0.325000 0.391667 0.325000 0.445833 0.281250 0.445833
4 0.342187 0.393750 0.382812 0.393750 0.382812 0.452083 0.342187 0.452083
9 0.571875 0.397917 0.609375 0.397917 0.609375 0.472917 0.571875 0.472917
4 0.479687 0.414583 0.521875 0.414583 0.521875 0.468750 0.479687 0.468750
7 0.195312 0.443750 0.262500 0.443750 0.262500 0.516667 0.195312 0.516667
8 0.687500 0.381250 0.801562 0.381250 0.801562 0.589583 0.687500 0.589583
4 0.484375 0.464583 0.545313 0.464583 0.545313 0.552083 0.484375 0.552083
11 0.592187 0.408333 0.768750 0.408333 0.768750 0.675000 0.592187 0.675000
4 0.268750 0.508333 0.359375 0.508333 0.359375 0.650000 0.268750 0.650000
4 0.132812 0.556250 0.221875 0.556250 0.221875 0.650000 0.132812 0.650000
4 0.523438 0.568750 0.601562 0.568750 0.601562 0.697917 0.523438 0.697917