5 0.503125 0.322917 0.559375 0.322917 0.559375 0.393750 0.503125 0.393750
4 0.460938 0.345833 0.500000 0.345833 0.500000 0.395833 0.460938 0.395833
4 0.326562 0.375000 0.375000 0.375000 0.375000 0.433333 0.326562 0.433333
4 0.540625 0.383333 0.567188 0.383333 0.567188 0.441667 0.540625 0.441667
4 0.468750 0.389583 0.517188 0.389583 0.517188 0.464583 0.468750 0.464583
7 0.156250 0.389583 0.221875 0.389583 0.221875 0.472917 0.156250 0.472917
1 0.565625 0.352083 0.690625 0.352083 0.690625 0.568750 0.565625 0.568750
4 0.667188 0.431250 0.715625 0.431250 0.715625 0.510417 0.667188 0.510417
4 0.218750 0.450000 0.290625 0.450000 0.290625 0.533333 0.218750 0.533333
0 0.710938 0.414583 0.876562 0.414583 0.876562 0.637500 0.710938 0.637500
4 0.500000 0.510417 0.562500 0.510417 0.562500 0.602083 0.500000 0.602083
9 0.901563 0.614583 1.000000 0.614583 1.000000 0.854167 0.901563 0.854167
4 0.542188 0.679167 0.664062 0.679167 0.664062 0.852083 0.542188 0.852083