4 0.579688 0.358333 0.618750 0.358333 0.618750 0.400000 0.579688 0.400000
5 0.243750 0.329167 0.323437 0.329167 0.323437 0.443750 0.243750 0.443750
4 0.360938 0.368750 0.396875 0.368750 0.396875 0.416667 0.360938 0.416667
4 0.471875 0.379167 0.507812 0.379167 0.507812 0.427083 0.471875 0.427083
7 0.192188 0.375000 0.245312 0.375000 0.245312 0.433333 0.192188 0.433333
4 0.551562 0.406250 0.593750 0.406250 0.593750 0.458333 0.551562 0.458333
8 0.618750 0.372917 0.715625 0.372917 0.715625 0.493750 0.618750 0.493750
9 0.132812 0.404167 0.203125 0.404167 0.203125 0.495833 0.132812 0.495833
4 0.481250 0.420833 0.528125 0.420833 0.528125 0.483333 0.481250 0.483333
4 0.592187 0.464583 0.651562 0.464583 0.651562 0.531250 0.592187 0.531250
9 0.026563 0.462500 0.137500 0.462500 0.137500 0.602083 0.026563 0.602083
4 0.643750 0.525000 0.729688 0.525000 0.729688 0.635417 0.643750 0.635417
4 0.264062 0.589583 0.350000 0.589583 0.350000 0.697917 0.264062 0.697917
4 0.531250 0.643750 0.637500 0.643750 0.637500 0.814583 0.531250 0.814583