5 0.187500 0.331250 0.270313 0.331250 0.270313 0.414583 0.187500 0.414583
4 0.307812 0.356250 0.339062 0.356250 0.339062 0.404167 0.307812 0.404167
4 0.545312 0.377083 0.582813 0.377083 0.582813 0.427083 0.545312 0.427083
4 0.478125 0.402083 0.520312 0.402083 0.520312 0.460417 0.478125 0.460417
4 0.340625 0.420833 0.387500 0.420833 0.387500 0.472917 0.340625 0.472917
9 0.643750 0.408333 0.712500 0.408333 0.712500 0.512500 0.643750 0.512500
5 0.146875 0.372917 0.279687 0.372917 0.279687 0.560417 0.146875 0.560417
4 0.562500 0.441667 0.614062 0.441667 0.614062 0.502083 0.562500 0.502083
1 0.028125 0.410417 0.157813 0.410417 0.157813 0.583333 0.028125 0.583333
4 0.500000 0.462500 0.556250 0.462500 0.556250 0.545833 0.500000 0.545833
9 0.598438 0.458333 0.689063 0.458333 0.689063 0.593750 0.598438 0.593750
4 0.515625 0.602083 0.621875 0.602083 0.621875 0.760417 0.515625 0.760417
5 0.000000 0.520833 0.159375 0.520833 0.159375 0.972917 0.000000 0.972917