4 0.325000 0.329167 0.356250 0.329167 0.356250 0.366667 0.325000 0.366667
4 0.554688 0.333333 0.589063 0.333333 0.589063 0.372917 0.554688 0.372917
4 0.371875 0.337500 0.403125 0.337500 0.403125 0.370833 0.371875 0.370833
4 0.514062 0.347917 0.543750 0.347917 0.543750 0.387500 0.514062 0.387500
4 0.600000 0.350000 0.632812 0.350000 0.632812 0.397917 0.600000 0.397917
4 0.571875 0.358333 0.604687 0.358333 0.604687 0.393750 0.571875 0.393750
4 0.467188 0.368750 0.504688 0.368750 0.504688 0.412500 0.467188 0.412500
4 0.537500 0.375000 0.571875 0.375000 0.571875 0.422917 0.537500 0.422917
4 0.317188 0.379167 0.357813 0.379167 0.357813 0.427083 0.317188 0.427083
1 0.634375 0.331250 0.743750 0.331250 0.743750 0.508333 0.634375 0.508333
4 0.482812 0.410417 0.534375 0.410417 0.534375 0.475000 0.482812 0.475000
1 0.559375 0.391667 0.635938 0.391667 0.635938 0.504167 0.559375 0.504167
4 0.490625 0.485417 0.557812 0.485417 0.557812 0.579167 0.490625 0.579167
4 0.782813 0.577083 0.885937 0.577083 0.885937 0.679167 0.782813 0.679167
4 0.518750 0.593750 0.610938 0.593750 0.610938 0.747917 0.518750 0.747917
4 0.681250 0.614583 0.782813 0.614583 0.782813 0.743750 0.681250 0.743750