8 0.487500 0.289583 0.529687 0.289583 0.529687 0.354167 0.487500 0.354167
4 0.364062 0.325000 0.398438 0.325000 0.398438 0.364583 0.364062 0.364583
0 0.300000 0.316667 0.359375 0.316667 0.359375 0.395833 0.300000 0.395833
10 0.240625 0.333333 0.284375 0.333333 0.284375 0.404167 0.240625 0.404167
10 0.525000 0.325000 0.571875 0.325000 0.571875 0.420833 0.525000 0.420833
4 0.465625 0.354167 0.498438 0.354167 0.498438 0.400000 0.465625 0.400000
10 0.351562 0.362500 0.392188 0.362500 0.392188 0.416667 0.351562 0.416667
10 0.595313 0.362500 0.653125 0.362500 0.653125 0.462500 0.595313 0.462500
10 0.218750 0.441667 0.279687 0.441667 0.279687 0.516667 0.218750 0.516667
4 0.318750 0.458333 0.368750 0.458333 0.368750 0.518750 0.318750 0.518750
4 0.079687 0.627083 0.189062 0.627083 0.189062 0.754167 0.079687 0.754167
4 0.573437 0.633333 0.685937 0.633333 0.685937 0.816667 0.573437 0.816667
4 0.742188 0.662500 0.875000 0.662500 0.875000 0.852083 0.742188 0.852083