4 0.351562 0.358333 0.387500 0.358333 0.387500 0.400000 0.351562 0.400000
4 0.531250 0.381250 0.571875 0.381250 0.571875 0.437500 0.531250 0.437500
5 0.137500 0.343750 0.239063 0.343750 0.239063 0.483333 0.137500 0.483333
4 0.471875 0.397917 0.514062 0.397917 0.514062 0.460417 0.471875 0.460417
9 0.571875 0.393750 0.643750 0.393750 0.643750 0.504167 0.571875 0.504167
4 0.326562 0.418750 0.376563 0.418750 0.376563 0.487500 0.326562 0.487500
4 0.685937 0.468750 0.756250 0.468750 0.756250 0.560417 0.685937 0.560417
4 0.512500 0.491667 0.575000 0.491667 0.575000 0.589583 0.512500 0.589583
4 0.734375 0.670833 0.864062 0.670833 0.864062 0.850000 0.734375 0.850000
4 0.557812 0.685417 0.662500 0.685417 0.662500 0.856250 0.557812 0.856250
4 0.089063 0.793750 0.239063 0.793750 0.239063 0.975000 0.089063 0.975000