5 0.478125 0.375000 0.514062 0.375000 0.514062 0.425000 0.478125 0.425000
4 0.482812 0.420833 0.525000 0.420833 0.525000 0.481250 0.482812 0.481250
4 0.646875 0.429167 0.701562 0.429167 0.701562 0.493750 0.646875 0.493750
4 0.582812 0.447917 0.637500 0.447917 0.637500 0.520833 0.582812 0.520833
4 0.293750 0.472917 0.357813 0.472917 0.357813 0.568750 0.293750 0.568750
10 0.723438 0.445833 0.826562 0.445833 0.826562 0.614583 0.723438 0.614583
4 0.501563 0.483333 0.564063 0.483333 0.564063 0.581250 0.501563 0.581250
4 0.615625 0.491667 0.684375 0.491667 0.684375 0.593750 0.615625 0.593750
9 0.665625 0.531250 0.804688 0.531250 0.804688 0.754167 0.665625 0.754167
10 0.843750 0.618750 0.990625 0.618750 0.990625 0.775000 0.843750 0.775000
4 0.568750 0.720833 0.707813 0.720833 0.707813 0.945833 0.568750 0.945833