8 0.320312 0.297917 0.362500 0.297917 0.362500 0.364583 0.320312 0.364583
9 0.301563 0.325000 0.340625 0.325000 0.340625 0.397917 0.301563 0.397917
4 0.368750 0.347917 0.400000 0.347917 0.400000 0.385417 0.368750 0.385417
4 0.517188 0.370833 0.557812 0.370833 0.557812 0.425000 0.517188 0.425000
4 0.340625 0.375000 0.382812 0.375000 0.382812 0.427083 0.340625 0.427083
4 0.464062 0.379167 0.504687 0.379167 0.504687 0.450000 0.464062 0.450000
9 0.079687 0.400000 0.200000 0.400000 0.200000 0.529167 0.079687 0.529167
11 0.160937 0.391667 0.290625 0.391667 0.290625 0.579167 0.160937 0.579167
4 0.595313 0.452083 0.660938 0.452083 0.660938 0.554167 0.595313 0.554167
7 0.715625 0.527083 0.901563 0.527083 0.901563 0.839583 0.715625 0.839583
4 0.146875 0.775000 0.289062 0.775000 0.289062 1.000000 0.146875 1.000000