8 0.585938 0.312500 0.648438 0.312500 0.648438 0.425000 0.585938 0.425000
5 0.303125 0.347917 0.346875 0.347917 0.346875 0.397917 0.303125 0.397917
9 0.201562 0.337500 0.270313 0.337500 0.270313 0.414583 0.201562 0.414583
11 0.517188 0.329167 0.595313 0.329167 0.595313 0.435417 0.517188 0.435417
4 0.468750 0.366667 0.507812 0.366667 0.507812 0.422917 0.468750 0.422917
4 0.353125 0.385417 0.390625 0.385417 0.390625 0.425000 0.353125 0.425000
4 0.279687 0.385417 0.318750 0.385417 0.318750 0.435417 0.279687 0.435417
9 0.195312 0.418750 0.278125 0.418750 0.278125 0.547917 0.195312 0.547917
4 0.484375 0.452083 0.543750 0.452083 0.543750 0.535417 0.484375 0.535417
8 0.617188 0.400000 0.751562 0.400000 0.751562 0.650000 0.617188 0.650000
1 0.000000 0.431250 0.095312 0.431250 0.095312 0.739583 0.000000 0.739583
4 0.273438 0.541667 0.359375 0.541667 0.359375 0.641667 0.273438 0.641667
4 0.050000 0.639583 0.175000 0.639583 0.175000 0.764583 0.050000 0.764583
4 0.160938 0.750000 0.296875 0.750000 0.296875 0.916667 0.160938 0.916667
4 0.556250 0.739583 0.689063 0.739583 0.689063 0.947917 0.556250 0.947917