5 0.237500 0.333333 0.320312 0.333333 0.320312 0.454167 0.237500 0.454167
4 0.471875 0.375000 0.507812 0.375000 0.507812 0.420833 0.471875 0.420833
4 0.359375 0.375000 0.395312 0.375000 0.395312 0.422917 0.359375 0.422917
7 0.184375 0.379167 0.239063 0.379167 0.239063 0.441667 0.184375 0.441667
4 0.546875 0.400000 0.589063 0.400000 0.589063 0.452083 0.546875 0.452083
8 0.618750 0.370833 0.707813 0.370833 0.707813 0.481250 0.618750 0.481250
4 0.481250 0.416667 0.525000 0.416667 0.525000 0.477083 0.481250 0.477083
9 0.123437 0.410417 0.195312 0.410417 0.195312 0.508333 0.123437 0.508333
4 0.587500 0.458333 0.645313 0.458333 0.645313 0.525000 0.587500 0.525000
9 0.000000 0.472917 0.120313 0.472917 0.120313 0.616667 0.000000 0.616667
4 0.634375 0.514583 0.717187 0.514583 0.717187 0.622917 0.634375 0.622917
4 0.243750 0.629167 0.340625 0.629167 0.340625 0.754167 0.243750 0.754167
4 0.526563 0.622917 0.625000 0.622917 0.625000 0.779167 0.526563 0.779167
4 0.776563 0.831250 0.945312 0.831250 0.945312 1.000000 0.776563 1.000000