2 0.515625 0.320833 0.578125 0.320833 0.578125 0.410417 0.515625 0.410417
4 0.467187 0.375000 0.506250 0.375000 0.506250 0.422917 0.467187 0.422917
4 0.334375 0.393750 0.378125 0.393750 0.378125 0.439583 0.334375 0.439583
4 0.537500 0.402083 0.584375 0.402083 0.584375 0.445833 0.537500 0.445833
4 0.471875 0.406250 0.523438 0.406250 0.523438 0.462500 0.471875 0.462500
4 0.554688 0.433333 0.614062 0.433333 0.614062 0.502083 0.554688 0.502083
4 0.479688 0.462500 0.542188 0.462500 0.542188 0.545833 0.479688 0.545833
4 0.757812 0.529167 0.817187 0.529167 0.817187 0.627083 0.757812 0.627083
2 0.609375 0.433333 0.801562 0.433333 0.801562 0.737500 0.609375 0.737500
4 0.517188 0.566667 0.612500 0.566667 0.612500 0.702083 0.517188 0.702083
4 0.542188 0.747917 0.676562 0.747917 0.676562 0.925000 0.542188 0.925000