4 0.468750 0.383333 0.506250 0.383333 0.506250 0.431250 0.468750 0.431250
9 0.553125 0.366667 0.614063 0.366667 0.614063 0.470833 0.553125 0.470833
4 0.332813 0.397917 0.373438 0.397917 0.373438 0.443750 0.332813 0.443750
5 0.082813 0.356250 0.207813 0.356250 0.207813 0.527083 0.082813 0.527083
4 0.650000 0.433333 0.707813 0.433333 0.707813 0.506250 0.650000 0.506250
4 0.498437 0.443750 0.550000 0.443750 0.550000 0.522917 0.498437 0.522917
4 0.281250 0.510417 0.351562 0.510417 0.351562 0.610417 0.281250 0.610417
4 0.525000 0.579167 0.607812 0.579167 0.607812 0.691667 0.525000 0.691667
4 0.812500 0.583333 0.917188 0.583333 0.917188 0.706250 0.812500 0.706250
4 0.676563 0.591667 0.775000 0.591667 0.775000 0.720833 0.676563 0.720833
4 0.776563 0.729167 0.934375 0.729167 0.934375 0.960417 0.776563 0.960417