1 0.317187 0.306250 0.367188 0.306250 0.367188 0.389583 0.317187 0.389583
4 0.543750 0.389583 0.579688 0.389583 0.579688 0.435417 0.543750 0.435417
4 0.601562 0.383333 0.651563 0.383333 0.651563 0.441667 0.601562 0.441667
4 0.675000 0.395833 0.728125 0.395833 0.728125 0.456250 0.675000 0.456250
4 0.325000 0.418750 0.375000 0.418750 0.375000 0.466667 0.325000 0.466667
10 0.573438 0.404167 0.635938 0.404167 0.635938 0.520833 0.573438 0.520833
4 0.482812 0.427083 0.534375 0.427083 0.534375 0.506250 0.482812 0.506250
4 0.656250 0.443750 0.707812 0.443750 0.707812 0.514583 0.656250 0.514583
9 0.712500 0.435417 0.817188 0.435417 0.817188 0.610417 0.712500 0.610417
4 0.506250 0.493750 0.575000 0.493750 0.575000 0.587500 0.506250 0.587500
4 0.643750 0.556250 0.739062 0.556250 0.739062 0.677083 0.643750 0.677083
8 0.839063 0.489583 1.000000 0.489583 1.000000 0.868750 0.839063 0.868750
9 0.737500 0.645833 0.946875 0.645833 0.946875 1.000000 0.737500 1.000000