4 0.351562 0.366667 0.384375 0.366667 0.384375 0.404167 0.351562 0.404167
4 0.528125 0.377083 0.568750 0.377083 0.568750 0.433333 0.528125 0.433333
5 0.131250 0.343750 0.232813 0.343750 0.232813 0.483333 0.131250 0.483333
4 0.471875 0.397917 0.514062 0.397917 0.514062 0.460417 0.471875 0.460417
9 0.567188 0.389583 0.639062 0.389583 0.639062 0.500000 0.567188 0.500000
4 0.323437 0.431250 0.373438 0.431250 0.373438 0.500000 0.323437 0.500000
4 0.678125 0.460417 0.745312 0.460417 0.745312 0.547917 0.678125 0.547917
4 0.512500 0.483333 0.568750 0.483333 0.568750 0.570833 0.512500 0.570833
4 0.548438 0.656250 0.650000 0.656250 0.650000 0.812500 0.548438 0.812500
4 0.720313 0.654167 0.846875 0.654167 0.846875 0.820833 0.720313 0.820833
4 0.895312 0.664583 1.000000 0.664583 1.000000 0.818750 0.895312 0.818750