1 0.253125 0.293750 0.315625 0.293750 0.315625 0.395833 0.253125 0.395833
4 0.335938 0.335417 0.359375 0.335417 0.359375 0.370833 0.335938 0.370833
4 0.373437 0.345833 0.398438 0.345833 0.398438 0.377083 0.373437 0.377083
4 0.468750 0.358333 0.504687 0.358333 0.504687 0.404167 0.468750 0.404167
1 0.267188 0.333333 0.334375 0.333333 0.334375 0.431250 0.267188 0.431250
4 0.343750 0.389583 0.379687 0.389583 0.379687 0.437500 0.343750 0.437500
11 0.562500 0.354167 0.667188 0.354167 0.667188 0.537500 0.562500 0.537500
10 0.648438 0.404167 0.704687 0.404167 0.704687 0.489583 0.648438 0.489583
4 0.315625 0.443750 0.371875 0.443750 0.371875 0.506250 0.315625 0.506250
2 0.481250 0.387500 0.587500 0.387500 0.587500 0.575000 0.481250 0.575000
4 0.203125 0.462500 0.265625 0.462500 0.265625 0.535417 0.203125 0.535417
10 0.706250 0.441667 0.796875 0.441667 0.796875 0.579167 0.706250 0.579167
7 0.020312 0.468750 0.129688 0.468750 0.129688 0.618750 0.020312 0.618750
4 0.243750 0.593750 0.335938 0.593750 0.335938 0.708333 0.243750 0.708333
4 0.543750 0.587500 0.650000 0.587500 0.650000 0.750000 0.543750 0.750000
7 0.043750 0.643750 0.153125 0.643750 0.153125 0.802083 0.043750 0.802083
4 0.128125 0.852083 0.290625 0.852083 0.290625 1.000000 0.128125 1.000000