1 0.207812 0.343750 0.282812 0.343750 0.282812 0.429167 0.207812 0.429167
4 0.360938 0.358333 0.392188 0.358333 0.392188 0.431250 0.360938 0.431250
1 0.557812 0.341667 0.634375 0.341667 0.634375 0.481250 0.557812 0.481250
1 0.614062 0.341667 0.698438 0.341667 0.698438 0.483333 0.614062 0.483333
4 0.693750 0.402083 0.740625 0.402083 0.740625 0.477083 0.693750 0.477083
0 0.471875 0.370833 0.575000 0.370833 0.575000 0.562500 0.471875 0.562500
4 0.295312 0.454167 0.373437 0.454167 0.373437 0.541667 0.295312 0.541667
7 0.179688 0.425000 0.268750 0.425000 0.268750 0.585417 0.179688 0.585417
4 0.785938 0.479167 0.857812 0.479167 0.857812 0.581250 0.785938 0.581250
4 0.700000 0.472917 0.809375 0.472917 0.809375 0.618750 0.700000 0.618750
4 0.059375 0.489583 0.160938 0.489583 0.160938 0.608333 0.059375 0.608333
7 0.875000 0.572917 1.000000 0.572917 1.000000 0.877083 0.875000 0.877083
7 0.001562 0.691667 0.134375 0.691667 0.134375 0.960417 0.001562 0.960417
4 0.160938 0.733333 0.325000 0.733333 0.325000 0.925000 0.160938 0.925000