7 0.314063 0.331250 0.353125 0.331250 0.353125 0.381250 0.314063 0.381250
4 0.368750 0.337500 0.403125 0.337500 0.403125 0.379167 0.368750 0.379167
1 0.518750 0.306250 0.582812 0.306250 0.582812 0.433333 0.518750 0.433333
4 0.464063 0.368750 0.500000 0.368750 0.500000 0.410417 0.464063 0.410417
4 0.585938 0.370833 0.621875 0.370833 0.621875 0.416667 0.585938 0.416667
0 0.621875 0.341667 0.693750 0.341667 0.693750 0.450000 0.621875 0.450000
7 0.190625 0.364583 0.248438 0.364583 0.248438 0.441667 0.190625 0.441667
4 0.475000 0.406250 0.518750 0.406250 0.518750 0.466667 0.475000 0.466667
5 0.671875 0.410417 0.790625 0.410417 0.790625 0.539583 0.671875 0.539583
4 0.593750 0.450000 0.648438 0.450000 0.648438 0.518750 0.593750 0.518750
4 0.489063 0.468750 0.550000 0.468750 0.550000 0.543750 0.489063 0.543750
9 0.768750 0.514583 0.951562 0.514583 0.951562 0.743750 0.768750 0.743750
4 0.523438 0.627083 0.625000 0.627083 0.625000 0.772917 0.523438 0.772917