5 0.312500 0.320833 0.351562 0.320833 0.351562 0.391667 0.312500 0.391667
4 0.367188 0.343750 0.398438 0.343750 0.398438 0.381250 0.367188 0.381250
4 0.339062 0.377083 0.378125 0.377083 0.378125 0.422917 0.339062 0.422917
4 0.553125 0.393750 0.593750 0.393750 0.593750 0.450000 0.553125 0.450000
4 0.635938 0.395833 0.668750 0.395833 0.668750 0.452083 0.635938 0.452083
1 0.657813 0.385417 0.778125 0.385417 0.778125 0.535417 0.657813 0.535417
4 0.476563 0.433333 0.529688 0.433333 0.529688 0.506250 0.476563 0.506250
4 0.307812 0.443750 0.365625 0.443750 0.365625 0.510417 0.307812 0.510417
4 0.581250 0.447917 0.643750 0.447917 0.643750 0.535417 0.581250 0.535417
4 0.490625 0.477083 0.554688 0.477083 0.554688 0.560417 0.490625 0.560417
7 0.729687 0.514583 0.814063 0.514583 0.814063 0.608333 0.729687 0.608333
4 0.506250 0.520833 0.590625 0.520833 0.590625 0.627083 0.506250 0.627083
4 0.150000 0.537500 0.240625 0.537500 0.240625 0.639583 0.150000 0.639583
4 0.851562 0.550000 0.940625 0.550000 0.940625 0.635417 0.851562 0.635417
4 0.664062 0.572917 0.751562 0.572917 0.751562 0.708333 0.664062 0.708333
4 0.821875 0.604167 0.918750 0.604167 0.918750 0.729167 0.821875 0.729167
4 0.226562 0.608333 0.325000 0.608333 0.325000 0.745833 0.226562 0.745833
4 0.567187 0.660417 0.676562 0.660417 0.676562 0.818750 0.567187 0.818750
5 0.725000 0.627083 0.885937 0.627083 0.885937 0.904167 0.725000 0.904167
7 0.525000 0.770833 0.667187 0.770833 0.667187 1.000000 0.525000 1.000000