2 0.520313 0.320833 0.584375 0.320833 0.584375 0.420833 0.520313 0.420833
4 0.476562 0.397917 0.517188 0.397917 0.517188 0.441667 0.476562 0.441667
8 0.628125 0.358333 0.717187 0.358333 0.717187 0.487500 0.628125 0.487500
10 0.551562 0.389583 0.601562 0.389583 0.601562 0.491667 0.551562 0.491667
4 0.714062 0.406250 0.743750 0.406250 0.743750 0.475000 0.714062 0.475000
4 0.485937 0.431250 0.531250 0.431250 0.531250 0.491667 0.485937 0.491667
4 0.142187 0.447917 0.200000 0.447917 0.200000 0.508333 0.142187 0.508333
9 0.584375 0.404167 0.676563 0.404167 0.676563 0.558333 0.584375 0.558333
4 0.312500 0.458333 0.370313 0.458333 0.370313 0.522917 0.312500 0.522917
4 0.770312 0.470833 0.843750 0.470833 0.843750 0.554167 0.770312 0.554167
4 0.501563 0.493750 0.567188 0.493750 0.567188 0.587500 0.501563 0.587500
9 0.654688 0.497917 0.781250 0.497917 0.781250 0.725000 0.654688 0.725000
11 0.792188 0.587500 1.000000 0.587500 1.000000 0.893750 0.792188 0.893750
4 0.598437 0.795833 0.745313 0.795833 0.745313 1.000000 0.598437 1.000000