4 0.390625 0.285417 0.412500 0.285417 0.412500 0.322917 0.390625 0.322917
4 0.315625 0.279167 0.351562 0.279167 0.351562 0.331250 0.315625 0.331250
4 0.348438 0.291667 0.378125 0.291667 0.378125 0.335417 0.348438 0.335417
4 0.500000 0.318750 0.518750 0.318750 0.518750 0.354167 0.500000 0.354167
4 0.457812 0.320833 0.484375 0.320833 0.484375 0.354167 0.457812 0.354167
4 0.512500 0.343750 0.514062 0.343750 0.514062 0.345833 0.512500 0.345833
7 0.525000 0.322917 0.550000 0.322917 0.550000 0.370833 0.525000 0.370833
4 0.475000 0.347917 0.484375 0.347917 0.484375 0.350000 0.475000 0.350000
7 0.242188 0.354167 0.260938 0.354167 0.260938 0.356250 0.242188 0.356250
4 0.315625 0.333333 0.357813 0.333333 0.357813 0.377083 0.315625 0.377083
4 0.367188 0.333333 0.414062 0.333333 0.414062 0.381250 0.367188 0.381250
1 0.203125 0.318750 0.271875 0.318750 0.271875 0.439583 0.203125 0.439583
7 0.290625 0.358333 0.343750 0.358333 0.343750 0.433333 0.290625 0.433333
4 0.351562 0.372917 0.398438 0.372917 0.398438 0.431250 0.351562 0.431250
1 0.612500 0.331250 0.689063 0.331250 0.689063 0.475000 0.612500 0.475000
7 0.253125 0.404167 0.262500 0.404167 0.262500 0.410417 0.253125 0.410417
1 0.553125 0.333333 0.621875 0.333333 0.621875 0.483333 0.553125 0.483333
4 0.681250 0.393750 0.729687 0.393750 0.729687 0.468750 0.681250 0.468750
1 0.695312 0.435417 0.709375 0.435417 0.709375 0.439583 0.695312 0.439583
7 0.245313 0.393750 0.303125 0.393750 0.303125 0.487500 0.245313 0.487500
0 0.465625 0.364583 0.562500 0.364583 0.562500 0.527083 0.465625 0.527083
4 0.779688 0.460417 0.835938 0.460417 0.835938 0.550000 0.779688 0.550000
7 0.165625 0.433333 0.265625 0.433333 0.265625 0.604167 0.165625 0.604167
4 0.284375 0.458333 0.364063 0.458333 0.364063 0.593750 0.284375 0.593750
4 0.696875 0.475000 0.785938 0.475000 0.785938 0.593750 0.696875 0.593750
4 0.056250 0.566667 0.062500 0.566667 0.062500 0.583333 0.056250 0.583333
4 0.029687 0.500000 0.142187 0.500000 0.142187 0.650000 0.029687 0.650000
4 0.857812 0.564583 0.998437 0.564583 0.998437 0.812500 0.857812 0.812500
7 0.875000 0.708333 0.878125 0.708333 0.878125 0.722917 0.875000 0.722917
7 0.000000 0.737500 0.089063 0.737500 0.089063 1.000000 0.000000 1.000000
4 0.135937 0.808333 0.289062 0.808333 0.289062 1.000000 0.135937 1.000000