5 0.375000 0.318750 0.401563 0.318750 0.401563 0.350000 0.375000 0.350000
1 0.529687 0.339583 0.595313 0.339583 0.595313 0.450000 0.529687 0.450000
7 0.593750 0.364583 0.632812 0.364583 0.632812 0.429167 0.593750 0.429167
4 0.339062 0.393750 0.384375 0.393750 0.384375 0.433333 0.339062 0.433333
7 0.626563 0.389583 0.682812 0.389583 0.682812 0.462500 0.626563 0.462500
7 0.175000 0.389583 0.234375 0.389583 0.234375 0.468750 0.175000 0.468750
4 0.478125 0.408333 0.518750 0.408333 0.518750 0.466667 0.478125 0.466667
4 0.584375 0.466667 0.650000 0.466667 0.650000 0.537500 0.584375 0.537500
4 0.679688 0.466667 0.740625 0.466667 0.740625 0.537500 0.679688 0.537500
4 0.517187 0.520833 0.585938 0.520833 0.585938 0.608333 0.517187 0.608333
7 0.762500 0.495833 0.889062 0.495833 0.889062 0.666667 0.762500 0.666667
4 0.534375 0.670833 0.642188 0.670833 0.642188 0.816667 0.534375 0.816667
4 0.726562 0.683333 0.875000 0.683333 0.875000 0.875000 0.726562 0.875000