2 0.570312 0.322917 0.639063 0.322917 0.639063 0.425000 0.570312 0.425000
10 0.551563 0.366667 0.600000 0.366667 0.600000 0.456250 0.551563 0.456250
4 0.498437 0.404167 0.545312 0.404167 0.545312 0.475000 0.498437 0.475000
4 0.564063 0.427083 0.618750 0.427083 0.618750 0.497917 0.564063 0.497917
4 0.684375 0.431250 0.756250 0.431250 0.756250 0.508333 0.684375 0.508333
4 0.228125 0.466667 0.276562 0.466667 0.276562 0.525000 0.228125 0.525000
10 0.617188 0.468750 0.681250 0.468750 0.681250 0.572917 0.617188 0.572917
4 0.735938 0.520833 0.806250 0.520833 0.806250 0.604167 0.735938 0.604167
4 0.501563 0.516667 0.575000 0.516667 0.575000 0.629167 0.501563 0.629167
10 0.637500 0.493750 0.739062 0.493750 0.739062 0.666667 0.637500 0.666667
9 0.828125 0.522917 0.998438 0.522917 0.998438 0.779167 0.828125 0.779167
4 0.554688 0.677083 0.678125 0.677083 0.678125 0.862500 0.554688 0.862500