9 0.278125 0.302083 0.321875 0.302083 0.321875 0.350000 0.278125 0.350000
8 0.320312 0.293750 0.368750 0.293750 0.368750 0.364583 0.320312 0.364583
10 0.504687 0.306250 0.543750 0.306250 0.543750 0.379167 0.504687 0.379167
4 0.368750 0.337500 0.401562 0.337500 0.401562 0.379167 0.368750 0.379167
10 0.554688 0.322917 0.595312 0.322917 0.595312 0.393750 0.554688 0.393750
8 0.209375 0.322917 0.292187 0.322917 0.292187 0.408333 0.209375 0.408333
2 0.259375 0.345833 0.328125 0.345833 0.328125 0.450000 0.259375 0.450000
10 0.171875 0.372917 0.235938 0.372917 0.235938 0.462500 0.171875 0.462500
10 0.301563 0.450000 0.368750 0.450000 0.368750 0.527083 0.301563 0.527083
4 0.020312 0.620833 0.145313 0.620833 0.145313 0.785417 0.020312 0.785417
4 0.185938 0.737500 0.306250 0.737500 0.306250 0.904167 0.185938 0.904167