7 0.282812 0.329167 0.346875 0.329167 0.346875 0.418750 0.282812 0.418750
4 0.367188 0.358333 0.403125 0.358333 0.403125 0.406250 0.367188 0.406250
4 0.457813 0.360417 0.498438 0.360417 0.498438 0.408333 0.457813 0.408333
1 0.520313 0.329167 0.603125 0.329167 0.603125 0.456250 0.520313 0.456250
1 0.615625 0.350000 0.707813 0.350000 0.707813 0.462500 0.615625 0.462500
4 0.337500 0.404167 0.387500 0.404167 0.387500 0.466667 0.337500 0.466667
7 0.209375 0.387500 0.273438 0.387500 0.273438 0.485417 0.209375 0.485417
4 0.479688 0.429167 0.534375 0.429167 0.534375 0.518750 0.479688 0.518750
4 0.606250 0.470833 0.668750 0.470833 0.668750 0.581250 0.606250 0.581250
4 0.285938 0.506250 0.353125 0.506250 0.353125 0.589583 0.285938 0.589583
0 0.651563 0.477083 0.903125 0.477083 0.903125 0.814583 0.651563 0.814583
4 0.067188 0.587500 0.181250 0.587500 0.181250 0.704167 0.067188 0.704167
4 0.556250 0.597917 0.665625 0.597917 0.665625 0.756250 0.556250 0.756250
4 0.903125 0.658333 1.000000 0.658333 1.000000 0.800000 0.903125 0.800000