7 0.306250 0.291667 0.339062 0.291667 0.339062 0.337500 0.306250 0.337500
4 0.376562 0.322917 0.403125 0.322917 0.403125 0.358333 0.376562 0.358333
1 0.568750 0.293750 0.628125 0.293750 0.628125 0.397917 0.568750 0.397917
7 0.260937 0.325000 0.300000 0.325000 0.300000 0.381250 0.260937 0.381250
1 0.514063 0.304167 0.578125 0.304167 0.578125 0.412500 0.514063 0.412500
7 0.307813 0.331250 0.343750 0.331250 0.343750 0.391667 0.307813 0.391667
0 0.457812 0.325000 0.515625 0.325000 0.515625 0.422917 0.457812 0.422917
4 0.354688 0.356250 0.390625 0.356250 0.390625 0.404167 0.354688 0.404167
4 0.648438 0.368750 0.682813 0.368750 0.682813 0.410417 0.648438 0.410417
4 0.489063 0.475000 0.557813 0.475000 0.557813 0.568750 0.489063 0.568750
4 0.289062 0.527083 0.362500 0.527083 0.362500 0.604167 0.289062 0.604167
1 0.609375 0.427083 0.809375 0.427083 0.809375 0.727083 0.609375 0.727083
7 0.114063 0.514583 0.239063 0.514583 0.239063 0.658333 0.114063 0.658333
1 0.751562 0.452083 0.976562 0.452083 0.976562 0.729167 0.751562 0.729167
1 0.003125 0.485417 0.109375 0.485417 0.109375 0.718750 0.003125 0.718750
7 0.000000 0.731250 0.109375 0.731250 0.109375 1.000000 0.000000 1.000000