4 0.329687 0.335417 0.356250 0.335417 0.356250 0.362500 0.329687 0.362500
2 0.571875 0.316667 0.625000 0.316667 0.625000 0.402083 0.571875 0.402083
2 0.615625 0.352083 0.706250 0.352083 0.706250 0.481250 0.615625 0.481250
4 0.478125 0.402083 0.521875 0.402083 0.521875 0.460417 0.478125 0.460417
4 0.556250 0.406250 0.604687 0.406250 0.604687 0.464583 0.556250 0.464583
4 0.710938 0.414583 0.760938 0.414583 0.760938 0.479167 0.710938 0.479167
4 0.579688 0.437500 0.629688 0.437500 0.629688 0.504167 0.579688 0.504167
4 0.489063 0.450000 0.540625 0.450000 0.540625 0.520833 0.489063 0.520833
10 0.625000 0.454167 0.714063 0.454167 0.714063 0.604167 0.625000 0.604167
4 0.521875 0.500000 0.595313 0.500000 0.595313 0.606250 0.521875 0.606250
4 0.667188 0.602083 0.778125 0.602083 0.778125 0.739583 0.667188 0.739583
4 0.198437 0.633333 0.309375 0.633333 0.309375 0.770833 0.198437 0.770833
10 0.812500 0.764583 1.000000 0.764583 1.000000 1.000000 0.812500 1.000000