7 0.335938 0.266667 0.364062 0.266667 0.364062 0.312500 0.335938 0.312500
4 0.396875 0.279167 0.418750 0.279167 0.418750 0.310417 0.396875 0.310417
4 0.359375 0.279167 0.390625 0.279167 0.390625 0.329167 0.359375 0.329167
1 0.551562 0.283333 0.609375 0.283333 0.609375 0.350000 0.551562 0.350000
4 0.379688 0.310417 0.410938 0.310417 0.410938 0.352083 0.379688 0.352083
5 0.500000 0.314583 0.553125 0.314583 0.553125 0.381250 0.500000 0.381250
4 0.462500 0.345833 0.496875 0.345833 0.496875 0.377083 0.462500 0.377083
4 0.464062 0.360417 0.498438 0.360417 0.498438 0.397917 0.464062 0.397917
4 0.465625 0.381250 0.507812 0.381250 0.507812 0.439583 0.465625 0.439583
1 0.540625 0.327083 0.659375 0.327083 0.659375 0.533333 0.540625 0.533333
4 0.635938 0.412500 0.684375 0.412500 0.684375 0.483333 0.635938 0.483333
4 0.292187 0.441667 0.357813 0.441667 0.357813 0.527083 0.292187 0.527083
0 0.673438 0.383333 0.818750 0.383333 0.818750 0.585417 0.673438 0.585417
4 0.487500 0.464583 0.546875 0.464583 0.546875 0.550000 0.487500 0.550000
7 0.026562 0.441667 0.139063 0.441667 0.139063 0.591667 0.026562 0.591667
4 0.104688 0.556250 0.217188 0.556250 0.217188 0.704167 0.104688 0.704167
4 0.514062 0.583333 0.618750 0.583333 0.618750 0.731250 0.514062 0.731250
5 0.825000 0.545833 1.000000 0.545833 1.000000 0.800000 0.825000 0.800000
4 0.579688 0.835417 0.756250 0.835417 0.756250 1.000000 0.579688 1.000000