7 0.301563 0.300000 0.334375 0.300000 0.334375 0.345833 0.301563 0.345833
4 0.378125 0.331250 0.398438 0.331250 0.398438 0.356250 0.378125 0.356250
1 0.568750 0.293750 0.628125 0.293750 0.628125 0.397917 0.568750 0.397917
1 0.514063 0.304167 0.578125 0.304167 0.578125 0.412500 0.514063 0.412500
7 0.243750 0.341667 0.287500 0.341667 0.287500 0.400000 0.243750 0.400000
7 0.296875 0.341667 0.332812 0.341667 0.332812 0.402083 0.296875 0.402083
0 0.457812 0.325000 0.515625 0.325000 0.515625 0.422917 0.457812 0.422917
4 0.353125 0.362500 0.389062 0.362500 0.389062 0.410417 0.353125 0.410417
4 0.648438 0.368750 0.682813 0.368750 0.682813 0.410417 0.648438 0.410417
4 0.490625 0.466667 0.551563 0.466667 0.551563 0.545833 0.490625 0.545833
1 0.598437 0.414583 0.762500 0.414583 0.762500 0.691667 0.598437 0.691667
1 0.735937 0.443750 0.937500 0.443750 0.937500 0.697917 0.735937 0.697917
4 0.264063 0.583333 0.348438 0.583333 0.348438 0.681250 0.264063 0.681250
7 0.054688 0.558333 0.203125 0.558333 0.203125 0.733333 0.054688 0.733333