4 0.381250 0.304167 0.403125 0.304167 0.403125 0.333333 0.381250 0.333333
1 0.310937 0.293750 0.360938 0.293750 0.360938 0.379167 0.310937 0.379167
4 0.375000 0.333333 0.403125 0.333333 0.403125 0.375000 0.375000 0.375000
4 0.365625 0.352083 0.401562 0.352083 0.401562 0.395833 0.365625 0.395833
4 0.582812 0.320833 0.653125 0.320833 0.653125 0.431250 0.582812 0.431250
7 0.526563 0.341667 0.578125 0.341667 0.578125 0.433333 0.526563 0.433333
4 0.475000 0.377083 0.512500 0.377083 0.512500 0.427083 0.475000 0.427083
4 0.206250 0.402083 0.240625 0.402083 0.240625 0.443750 0.206250 0.443750
4 0.554688 0.397917 0.589063 0.397917 0.589063 0.450000 0.554688 0.450000
4 0.571875 0.414583 0.617188 0.414583 0.617188 0.489583 0.571875 0.489583
4 0.481250 0.431250 0.528125 0.431250 0.528125 0.497917 0.481250 0.497917
1 0.681250 0.358333 0.854687 0.358333 0.854687 0.612500 0.681250 0.612500
4 0.171875 0.464583 0.229687 0.464583 0.229687 0.527083 0.171875 0.527083
4 0.485937 0.456250 0.546875 0.456250 0.546875 0.539583 0.485937 0.539583
7 0.587500 0.445833 0.659375 0.445833 0.659375 0.577083 0.587500 0.577083
4 0.503125 0.487500 0.560937 0.487500 0.560937 0.575000 0.503125 0.575000
7 0.615625 0.439583 0.725000 0.439583 0.725000 0.647917 0.615625 0.647917
7 0.803125 0.493750 0.984375 0.493750 0.984375 0.760417 0.803125 0.760417
4 0.493750 0.552083 0.582813 0.552083 0.582813 0.718750 0.493750 0.718750
4 0.526562 0.654167 0.634375 0.654167 0.634375 0.825000 0.526562 0.825000
1 0.745312 0.539583 0.970313 0.539583 0.970313 0.968750 0.745312 0.968750
4 0.542188 0.752083 0.684375 0.752083 0.684375 0.975000 0.542188 0.975000
4 0.567188 0.897917 0.717187 0.897917 0.717187 1.000000 0.567188 1.000000