2 0.581250 0.335417 0.654687 0.335417 0.654687 0.431250 0.581250 0.431250
4 0.529688 0.370833 0.562500 0.370833 0.562500 0.412500 0.529688 0.412500
4 0.467188 0.375000 0.504688 0.375000 0.504688 0.414583 0.467188 0.414583
4 0.279688 0.400000 0.317188 0.400000 0.317188 0.443750 0.279688 0.443750
4 0.543750 0.395833 0.575000 0.395833 0.575000 0.447917 0.543750 0.447917
4 0.475000 0.404167 0.514062 0.404167 0.514062 0.458333 0.475000 0.458333
10 0.568750 0.389583 0.629688 0.389583 0.629688 0.483333 0.568750 0.483333
4 0.504687 0.435417 0.554688 0.435417 0.554688 0.502083 0.504687 0.502083
4 0.579688 0.460417 0.643750 0.460417 0.643750 0.550000 0.579688 0.550000
4 0.760937 0.479167 0.845313 0.479167 0.845313 0.572917 0.760937 0.572917
10 0.654687 0.518750 0.731250 0.518750 0.731250 0.647917 0.654687 0.647917
4 0.796875 0.568750 0.868750 0.568750 0.868750 0.666667 0.796875 0.666667
4 0.521875 0.600000 0.614063 0.600000 0.614063 0.741667 0.521875 0.741667
10 0.693750 0.558333 0.835938 0.558333 0.835938 0.804167 0.693750 0.804167
4 0.607813 0.864583 0.773438 0.864583 0.773438 1.000000 0.607813 1.000000