4 0.351562 0.364583 0.385938 0.364583 0.385938 0.406250 0.351562 0.406250
4 0.462500 0.362500 0.493750 0.362500 0.493750 0.408333 0.462500 0.408333
9 0.537500 0.350000 0.584375 0.350000 0.584375 0.431250 0.537500 0.431250
4 0.610938 0.397917 0.657813 0.397917 0.657813 0.456250 0.610938 0.456250
4 0.489063 0.412500 0.532813 0.412500 0.532813 0.470833 0.489063 0.470833
5 0.000000 0.404167 0.137500 0.404167 0.137500 0.654167 0.000000 0.654167
4 0.501563 0.491667 0.560937 0.491667 0.560937 0.575000 0.501563 0.575000
4 0.715625 0.491667 0.790625 0.491667 0.790625 0.575000 0.715625 0.575000
4 0.271875 0.506250 0.340625 0.506250 0.340625 0.589583 0.271875 0.589583
4 0.623437 0.512500 0.698437 0.512500 0.698437 0.608333 0.623437 0.608333
4 0.689063 0.595833 0.787500 0.595833 0.787500 0.741667 0.689063 0.741667
7 0.868750 0.560417 1.000000 0.560417 1.000000 0.802083 0.868750 0.802083
4 0.537500 0.620833 0.631250 0.620833 0.631250 0.775000 0.537500 0.775000