1 0.567187 0.306250 0.656250 0.306250 0.656250 0.422917 0.567187 0.422917
4 0.454687 0.358333 0.510937 0.358333 0.510937 0.410417 0.454687 0.410417
7 0.529688 0.347917 0.585938 0.347917 0.585938 0.435417 0.529688 0.435417
1 0.610938 0.354167 0.690625 0.354167 0.690625 0.454167 0.610938 0.454167
4 0.332813 0.370833 0.379688 0.370833 0.379688 0.452083 0.332813 0.452083
4 0.554688 0.397917 0.592188 0.397917 0.592188 0.439583 0.554688 0.439583
4 0.465625 0.400000 0.520312 0.400000 0.520312 0.447917 0.465625 0.447917
4 0.567187 0.412500 0.621875 0.412500 0.621875 0.454167 0.567187 0.454167
4 0.481250 0.447917 0.539062 0.447917 0.539062 0.502083 0.481250 0.502083
7 0.685938 0.400000 0.781250 0.400000 0.781250 0.554167 0.685938 0.554167
7 0.582813 0.454167 0.657813 0.454167 0.657813 0.572917 0.582813 0.572917
4 0.493750 0.483333 0.554688 0.483333 0.554688 0.545833 0.493750 0.545833
7 0.018750 0.458333 0.150000 0.458333 0.150000 0.587500 0.018750 0.587500
1 0.767188 0.460417 0.920312 0.460417 0.920312 0.591667 0.767188 0.591667
1 0.743750 0.541667 0.748437 0.541667 0.748437 0.556250 0.743750 0.556250
7 0.601562 0.458333 0.726562 0.458333 0.726562 0.650000 0.601562 0.650000
4 0.512500 0.514583 0.600000 0.514583 0.600000 0.614583 0.512500 0.614583
4 0.257812 0.543750 0.362500 0.543750 0.362500 0.639583 0.257812 0.639583
7 0.489063 0.541667 0.592187 0.541667 0.592187 0.687500 0.489063 0.687500
7 0.704687 0.566667 0.773438 0.566667 0.773438 0.718750 0.704687 0.718750
4 0.520312 0.647917 0.625000 0.647917 0.625000 0.760417 0.520312 0.760417
1 0.735938 0.543750 0.978125 0.543750 0.978125 0.879167 0.735938 0.879167
4 0.535938 0.752083 0.681250 0.752083 0.681250 0.904167 0.535938 0.904167
1 0.860937 0.691667 1.000000 0.691667 1.000000 1.000000 0.860937 1.000000
1 0.000000 0.716667 0.084375 0.716667 0.084375 1.000000 0.000000 1.000000
4 0.565625 0.906250 0.710938 0.906250 0.710938 1.000000 0.565625 1.000000