4 0.357812 0.289583 0.389062 0.289583 0.389062 0.318750 0.357812 0.318750
7 0.296875 0.277083 0.343750 0.277083 0.343750 0.343750 0.296875 0.343750
4 0.378125 0.295833 0.418750 0.295833 0.418750 0.345833 0.378125 0.345833
4 0.360938 0.314583 0.412500 0.314583 0.412500 0.381250 0.360938 0.381250
1 0.501563 0.316667 0.584375 0.316667 0.584375 0.429167 0.501563 0.429167
4 0.651563 0.402083 0.703125 0.402083 0.703125 0.477083 0.651563 0.477083
4 0.326563 0.412500 0.387500 0.412500 0.387500 0.483333 0.326563 0.483333
4 0.478125 0.431250 0.528125 0.431250 0.528125 0.508333 0.478125 0.508333
7 0.570312 0.402083 0.660937 0.402083 0.660937 0.545833 0.570312 0.545833
4 0.696875 0.447917 0.771875 0.447917 0.771875 0.550000 0.696875 0.550000
4 0.501563 0.497917 0.573437 0.497917 0.573437 0.604167 0.501563 0.604167
4 0.625000 0.518750 0.740625 0.518750 0.740625 0.668750 0.625000 0.668750
4 0.867188 0.550000 0.957812 0.550000 0.957812 0.677083 0.867188 0.677083
4 0.515625 0.577083 0.629687 0.577083 0.629687 0.743750 0.515625 0.743750
1 0.850000 0.568750 1.000000 0.568750 1.000000 0.872917 0.850000 0.872917
4 0.550000 0.791667 0.712500 0.791667 0.712500 1.000000 0.550000 1.000000