4 0.381250 0.308333 0.404687 0.308333 0.404687 0.333333 0.381250 0.333333
1 0.554688 0.291667 0.609375 0.291667 0.609375 0.364583 0.554688 0.364583
7 0.318750 0.295833 0.364063 0.295833 0.364063 0.368750 0.318750 0.368750
1 0.504687 0.291667 0.554688 0.291667 0.554688 0.387500 0.504687 0.387500
0 0.453125 0.302083 0.506250 0.302083 0.506250 0.385417 0.453125 0.385417
4 0.371875 0.337500 0.401562 0.337500 0.401562 0.366667 0.371875 0.366667
7 0.270312 0.333333 0.312500 0.333333 0.312500 0.393750 0.270312 0.393750
4 0.360937 0.358333 0.395313 0.358333 0.395313 0.395833 0.360937 0.395833
4 0.621875 0.364583 0.659375 0.364583 0.659375 0.439583 0.621875 0.439583
4 0.465625 0.383333 0.514062 0.383333 0.514062 0.439583 0.465625 0.439583
4 0.250000 0.410417 0.295312 0.410417 0.295312 0.466667 0.250000 0.466667
1 0.551562 0.354167 0.648438 0.354167 0.648438 0.531250 0.551562 0.531250
1 0.657813 0.377083 0.779687 0.377083 0.779687 0.547917 0.657813 0.547917
4 0.329688 0.435417 0.382812 0.435417 0.382812 0.504167 0.329688 0.504167
4 0.204687 0.431250 0.267188 0.431250 0.267188 0.543750 0.204687 0.543750
7 0.067188 0.441667 0.173437 0.441667 0.173437 0.572917 0.067188 0.572917
7 0.817187 0.514583 1.000000 0.514583 1.000000 0.708333 0.817187 0.708333
4 0.517188 0.558333 0.603125 0.558333 0.603125 0.693750 0.517188 0.693750
4 0.209375 0.629167 0.326562 0.629167 0.326562 0.772917 0.209375 0.772917
4 0.717187 0.618750 0.832813 0.618750 0.832813 0.791667 0.717187 0.791667
1 0.793750 0.635417 1.000000 0.635417 1.000000 1.000000 0.793750 1.000000