8 0.581250 0.310417 0.634375 0.310417 0.634375 0.408333 0.581250 0.408333
11 0.517188 0.320833 0.587500 0.320833 0.587500 0.420833 0.517188 0.420833
9 0.189063 0.327083 0.265625 0.327083 0.265625 0.425000 0.189063 0.425000
5 0.298438 0.352083 0.342187 0.352083 0.342187 0.402083 0.298438 0.402083
4 0.465625 0.360417 0.500000 0.360417 0.500000 0.408333 0.465625 0.408333
4 0.345312 0.385417 0.385937 0.385417 0.385937 0.439583 0.345312 0.439583
4 0.265625 0.397917 0.312500 0.397917 0.312500 0.456250 0.265625 0.456250
4 0.478125 0.431250 0.526562 0.431250 0.526562 0.510417 0.478125 0.510417
8 0.600000 0.389583 0.731250 0.389583 0.731250 0.620833 0.600000 0.620833
9 0.173437 0.431250 0.267188 0.431250 0.267188 0.585417 0.173437 0.585417
1 0.000000 0.447917 0.075000 0.447917 0.075000 0.764583 0.000000 0.764583
8 0.809375 0.516667 1.000000 0.516667 1.000000 0.756250 0.809375 0.756250
4 0.250000 0.587500 0.343750 0.587500 0.343750 0.712500 0.250000 0.712500
9 0.759375 0.568750 0.954688 0.568750 0.954688 0.912500 0.759375 0.912500
4 0.540625 0.656250 0.643750 0.656250 0.643750 0.827083 0.540625 0.827083
4 0.000000 0.706250 0.131250 0.706250 0.131250 0.858333 0.000000 0.858333
4 0.103125 0.847917 0.278125 0.847917 0.278125 1.000000 0.103125 1.000000