8 0.493750 0.293750 0.535938 0.293750 0.535938 0.358333 0.493750 0.358333
4 0.367188 0.320833 0.401563 0.320833 0.401563 0.360417 0.367188 0.360417
0 0.306250 0.314583 0.359375 0.314583 0.359375 0.393750 0.306250 0.393750
10 0.243750 0.331250 0.284375 0.331250 0.284375 0.402083 0.243750 0.402083
10 0.526563 0.333333 0.578125 0.333333 0.578125 0.427083 0.526563 0.427083
7 0.356250 0.358333 0.396875 0.358333 0.396875 0.412500 0.356250 0.412500
4 0.467187 0.364583 0.500000 0.364583 0.500000 0.410417 0.467187 0.410417
10 0.603125 0.368750 0.664062 0.368750 0.664062 0.468750 0.603125 0.468750
4 0.226562 0.431250 0.287500 0.431250 0.287500 0.500000 0.226562 0.500000
4 0.323437 0.447917 0.371875 0.447917 0.371875 0.500000 0.323437 0.500000
4 0.115625 0.585417 0.221875 0.585417 0.221875 0.708333 0.115625 0.708333
4 0.584375 0.685417 0.710938 0.685417 0.710938 0.877083 0.584375 0.877083
4 0.154687 0.743750 0.301563 0.743750 0.301563 0.937500 0.154687 0.937500
4 0.792188 0.739583 0.945312 0.739583 0.945312 0.950000 0.792188 0.950000