2 0.565625 0.312500 0.618750 0.312500 0.618750 0.397917 0.565625 0.397917
4 0.315625 0.341667 0.353125 0.341667 0.353125 0.385417 0.315625 0.385417
2 0.601562 0.343750 0.685938 0.343750 0.685938 0.464583 0.601562 0.464583
4 0.475000 0.395833 0.515625 0.395833 0.515625 0.443750 0.475000 0.443750
4 0.548438 0.393750 0.587500 0.393750 0.587500 0.445833 0.548438 0.445833
4 0.682812 0.391667 0.728125 0.391667 0.728125 0.450000 0.682812 0.450000
4 0.567187 0.427083 0.612500 0.427083 0.612500 0.487500 0.567187 0.487500
4 0.485937 0.435417 0.534375 0.435417 0.534375 0.502083 0.485937 0.502083
10 0.606250 0.431250 0.678125 0.431250 0.678125 0.562500 0.606250 0.562500
4 0.515625 0.466667 0.575000 0.466667 0.575000 0.564583 0.515625 0.564583
4 0.634375 0.552083 0.731250 0.552083 0.731250 0.668750 0.634375 0.668750
4 0.898438 0.695833 1.000000 0.695833 1.000000 0.812500 0.898438 0.812500
10 0.754688 0.672917 0.892188 0.672917 0.892188 0.883333 0.754688 0.883333