4 0.378125 0.318750 0.406250 0.318750 0.406250 0.360417 0.378125 0.360417
1 0.246875 0.316667 0.310938 0.316667 0.310938 0.383333 0.246875 0.383333
7 0.570312 0.312500 0.623438 0.312500 0.623438 0.420833 0.570312 0.420833
4 0.350000 0.352083 0.392188 0.352083 0.392188 0.408333 0.350000 0.408333
1 0.278125 0.343750 0.337500 0.343750 0.337500 0.429167 0.278125 0.429167
7 0.601562 0.341667 0.675000 0.341667 0.675000 0.452083 0.601562 0.452083
4 0.675000 0.383333 0.739062 0.383333 0.739062 0.458333 0.675000 0.458333
4 0.550000 0.389583 0.590625 0.389583 0.590625 0.460417 0.550000 0.460417
4 0.568750 0.404167 0.610938 0.404167 0.610938 0.489583 0.568750 0.489583
7 0.653125 0.435417 0.737500 0.435417 0.737500 0.520833 0.653125 0.520833
7 0.154688 0.404167 0.259375 0.404167 0.259375 0.575000 0.154688 0.575000
7 0.476562 0.445833 0.534375 0.445833 0.534375 0.533333 0.476562 0.533333
4 0.304688 0.445833 0.370313 0.445833 0.370313 0.539583 0.304688 0.539583
7 0.562500 0.437500 0.664062 0.437500 0.664062 0.560417 0.562500 0.560417
4 0.742188 0.452083 0.871875 0.452083 0.871875 0.614583 0.742188 0.614583
7 0.621875 0.460417 0.715625 0.460417 0.715625 0.643750 0.621875 0.643750
4 0.482813 0.506250 0.551563 0.506250 0.551563 0.631250 0.482813 0.631250
7 0.032813 0.491667 0.190625 0.491667 0.190625 0.695833 0.032813 0.695833
7 0.903125 0.504167 1.000000 0.504167 1.000000 0.714583 0.903125 0.714583
4 0.512500 0.560417 0.603125 0.560417 0.603125 0.670833 0.512500 0.670833
7 0.701562 0.560417 0.792187 0.560417 0.792187 0.720833 0.701562 0.720833
1 0.745313 0.529167 0.937500 0.529167 0.937500 0.858333 0.745313 0.858333
4 0.515625 0.656250 0.620313 0.656250 0.620313 0.835417 0.515625 0.835417
1 0.850000 0.685417 1.000000 0.685417 1.000000 1.000000 0.850000 1.000000
4 0.653125 0.793750 0.815625 0.793750 0.815625 1.000000 0.653125 1.000000