7 0.264063 0.306250 0.307812 0.306250 0.307812 0.372917 0.264063 0.372917
4 0.359375 0.350000 0.398438 0.350000 0.398438 0.391667 0.359375 0.391667
1 0.268750 0.341667 0.342188 0.341667 0.342188 0.437500 0.268750 0.437500
10 0.535938 0.352083 0.584375 0.352083 0.584375 0.441667 0.535938 0.441667
4 0.467188 0.385417 0.510938 0.385417 0.510938 0.441667 0.467188 0.441667
4 0.612500 0.402083 0.650000 0.402083 0.650000 0.450000 0.612500 0.450000
9 0.642188 0.381250 0.717187 0.381250 0.717187 0.504167 0.642188 0.504167
4 0.484375 0.412500 0.537500 0.412500 0.537500 0.487500 0.484375 0.487500
4 0.582813 0.458333 0.634375 0.458333 0.634375 0.533333 0.582813 0.533333
8 0.714063 0.408333 0.914062 0.408333 0.914062 0.652083 0.714063 0.652083
9 0.626563 0.479167 0.723438 0.479167 0.723438 0.641667 0.626563 0.641667
4 0.509375 0.562500 0.582813 0.562500 0.582813 0.670833 0.509375 0.670833
9 0.771875 0.668750 1.000000 0.668750 1.000000 0.997917 0.771875 0.997917
4 0.145313 0.772917 0.276562 0.772917 0.276562 0.929167 0.145313 0.929167