4 0.362500 0.343750 0.395313 0.343750 0.395313 0.383333 0.362500 0.383333
4 0.596875 0.358333 0.635938 0.358333 0.635938 0.397917 0.596875 0.397917
4 0.307812 0.362500 0.348438 0.362500 0.348438 0.406250 0.307812 0.406250
7 0.531250 0.350000 0.578125 0.350000 0.578125 0.422917 0.531250 0.422917
4 0.476562 0.381250 0.512500 0.381250 0.512500 0.414583 0.476562 0.414583
4 0.342187 0.383333 0.381250 0.383333 0.381250 0.439583 0.342187 0.439583
4 0.473438 0.395833 0.506250 0.395833 0.506250 0.437500 0.473438 0.437500
4 0.609375 0.391667 0.670313 0.391667 0.670313 0.441667 0.609375 0.441667
4 0.270313 0.395833 0.315625 0.395833 0.315625 0.443750 0.270313 0.443750
4 0.553125 0.397917 0.592187 0.397917 0.592187 0.445833 0.553125 0.445833
4 0.479687 0.412500 0.517188 0.412500 0.517188 0.445833 0.479687 0.445833
5 0.125000 0.372917 0.220313 0.372917 0.220313 0.502083 0.125000 0.502083
4 0.484375 0.431250 0.529688 0.431250 0.529688 0.502083 0.484375 0.502083
4 0.221875 0.454167 0.276562 0.454167 0.276562 0.516667 0.221875 0.516667
5 0.689063 0.412500 0.831250 0.412500 0.831250 0.579167 0.689063 0.579167
4 0.493750 0.506250 0.560937 0.506250 0.560937 0.602083 0.493750 0.602083
4 0.620313 0.510417 0.706250 0.510417 0.706250 0.625000 0.620313 0.625000
7 0.806250 0.564583 0.912500 0.564583 0.912500 0.700000 0.806250 0.700000
4 0.526562 0.604167 0.623437 0.604167 0.623437 0.722917 0.526562 0.722917
4 0.917188 0.710417 1.000000 0.710417 1.000000 0.875000 0.917188 0.875000
4 0.771875 0.739583 0.932812 0.739583 0.932812 0.954167 0.771875 0.954167
4 0.614062 0.806250 0.768750 0.806250 0.768750 1.000000 0.614062 1.000000
4 0.107813 0.831250 0.268750 0.831250 0.268750 1.000000 0.107813 1.000000