7 0.353125 0.266667 0.387500 0.266667 0.387500 0.327083 0.353125 0.327083
7 0.284375 0.316667 0.346875 0.316667 0.346875 0.420833 0.284375 0.420833
1 0.595313 0.343750 0.690625 0.343750 0.690625 0.452083 0.595313 0.452083
4 0.568750 0.414583 0.617188 0.414583 0.617188 0.491667 0.568750 0.491667
4 0.478125 0.431250 0.523438 0.431250 0.523438 0.491667 0.478125 0.491667
1 0.704687 0.368750 0.929688 0.368750 0.929688 0.618750 0.704687 0.618750
4 0.489063 0.456250 0.548438 0.456250 0.548438 0.539583 0.489063 0.539583
7 0.585938 0.431250 0.659375 0.431250 0.659375 0.577083 0.585938 0.577083
4 0.506250 0.487500 0.554688 0.487500 0.554688 0.556250 0.506250 0.556250
7 0.618750 0.443750 0.718750 0.443750 0.718750 0.654167 0.618750 0.654167
4 0.518750 0.508333 0.595313 0.508333 0.595313 0.622917 0.518750 0.622917
7 0.000000 0.495833 0.090625 0.495833 0.090625 0.652083 0.000000 0.652083
7 0.498437 0.541667 0.584375 0.541667 0.584375 0.722917 0.498437 0.722917
4 0.103125 0.564583 0.207812 0.564583 0.207812 0.702083 0.103125 0.702083
4 0.721875 0.579167 0.803125 0.579167 0.803125 0.758333 0.721875 0.758333
4 0.520313 0.650000 0.642188 0.650000 0.642188 0.841667 0.520313 0.841667
7 0.790625 0.583333 1.000000 0.583333 1.000000 1.000000 0.790625 1.000000
4 0.535937 0.793750 0.726562 0.793750 0.726562 1.000000 0.535937 1.000000