7 0.318750 0.262500 0.365625 0.262500 0.365625 0.316667 0.318750 0.316667
0 0.589063 0.302083 0.628125 0.302083 0.628125 0.356250 0.589063 0.356250
4 0.376563 0.310417 0.414062 0.310417 0.414062 0.350000 0.376563 0.350000
7 0.576562 0.327083 0.623437 0.327083 0.623437 0.406250 0.576562 0.406250
1 0.521875 0.337500 0.596875 0.337500 0.596875 0.456250 0.521875 0.456250
4 0.475000 0.385417 0.515625 0.385417 0.515625 0.437500 0.475000 0.437500
4 0.476562 0.414583 0.532812 0.414583 0.532812 0.485417 0.476562 0.485417
4 0.487500 0.479167 0.550000 0.479167 0.550000 0.585417 0.487500 0.585417
4 0.270313 0.506250 0.348438 0.506250 0.348438 0.591667 0.270313 0.591667
4 0.826562 0.552083 0.909375 0.552083 0.909375 0.664583 0.826562 0.664583
7 0.720313 0.566667 0.873437 0.566667 0.873437 0.835417 0.720313 0.835417
4 0.943750 0.660417 1.000000 0.660417 1.000000 0.829167 0.943750 0.829167
4 0.578125 0.714583 0.684375 0.714583 0.684375 0.904167 0.578125 0.904167