4 0.300000 0.366667 0.337500 0.366667 0.337500 0.410417 0.300000 0.410417
2 0.584375 0.339583 0.659375 0.339583 0.659375 0.450000 0.584375 0.450000
4 0.475000 0.385417 0.512500 0.385417 0.512500 0.425000 0.475000 0.425000
4 0.539062 0.383333 0.579687 0.383333 0.579687 0.429167 0.539062 0.429167
4 0.559375 0.410417 0.590625 0.410417 0.590625 0.462500 0.559375 0.462500
4 0.481250 0.420833 0.523438 0.420833 0.523438 0.475000 0.481250 0.475000
10 0.585938 0.410417 0.646875 0.410417 0.646875 0.518750 0.585938 0.518750
4 0.509375 0.452083 0.567188 0.452083 0.567188 0.529167 0.509375 0.529167
4 0.604688 0.502083 0.679688 0.502083 0.679688 0.593750 0.604688 0.593750
4 0.840625 0.543750 0.948438 0.543750 0.948438 0.658333 0.840625 0.658333
10 0.696875 0.583333 0.798438 0.583333 0.798438 0.750000 0.696875 0.750000
4 0.840625 0.629167 0.945312 0.629167 0.945312 0.752083 0.840625 0.752083
4 0.545312 0.697917 0.670312 0.697917 0.670312 0.902083 0.545312 0.902083
10 0.756250 0.647917 0.945312 0.647917 0.945312 0.985417 0.756250 0.985417