4 0.360938 0.333333 0.392188 0.333333 0.392188 0.368750 0.360938 0.368750
4 0.464062 0.339583 0.495312 0.339583 0.495312 0.383333 0.464062 0.383333
4 0.300000 0.360417 0.339062 0.360417 0.339062 0.412500 0.300000 0.412500
4 0.346875 0.366667 0.384375 0.366667 0.384375 0.412500 0.346875 0.412500
4 0.482812 0.372917 0.518750 0.372917 0.518750 0.425000 0.482812 0.425000
4 0.498437 0.414583 0.550000 0.414583 0.550000 0.477083 0.498437 0.477083
0 0.101562 0.431250 0.260937 0.431250 0.260937 0.681250 0.101562 0.681250
4 0.640625 0.512500 0.720312 0.512500 0.720312 0.625000 0.640625 0.625000
8 0.000000 0.477083 0.100000 0.477083 0.100000 0.687500 0.000000 0.687500
4 0.814062 0.762500 1.000000 0.762500 1.000000 1.000000 0.814062 1.000000
4 0.628125 0.837500 0.782813 0.837500 0.782813 1.000000 0.628125 1.000000