4 0.367188 0.325000 0.395312 0.325000 0.395312 0.360417 0.367188 0.360417
7 0.262500 0.329167 0.295313 0.329167 0.295313 0.379167 0.262500 0.379167
5 0.515625 0.337500 0.575000 0.337500 0.575000 0.422917 0.515625 0.422917
4 0.303125 0.364583 0.340625 0.364583 0.340625 0.412500 0.303125 0.412500
4 0.471875 0.391667 0.510938 0.391667 0.510938 0.441667 0.471875 0.441667
4 0.564062 0.422917 0.609375 0.422917 0.609375 0.485417 0.564062 0.485417
4 0.481250 0.431250 0.535937 0.431250 0.535937 0.508333 0.481250 0.508333
4 0.751563 0.500000 0.795312 0.500000 0.795312 0.570833 0.751563 0.570833
1 0.604687 0.391667 0.795312 0.391667 0.795312 0.714583 0.604687 0.714583
4 0.101562 0.575000 0.200000 0.575000 0.200000 0.697917 0.101562 0.697917
0 0.790625 0.491667 1.000000 0.491667 1.000000 0.804167 0.790625 0.804167
4 0.521875 0.595833 0.609375 0.595833 0.609375 0.733333 0.521875 0.733333