5 0.365625 0.339583 0.392188 0.339583 0.392188 0.370833 0.365625 0.370833
1 0.521875 0.327083 0.587500 0.327083 0.587500 0.437500 0.521875 0.437500
7 0.612500 0.379167 0.668750 0.379167 0.668750 0.452083 0.612500 0.452083
4 0.471875 0.397917 0.512500 0.397917 0.512500 0.443750 0.471875 0.443750
4 0.314063 0.441667 0.368750 0.441667 0.368750 0.497917 0.314063 0.497917
7 0.118750 0.429167 0.195312 0.429167 0.195312 0.520833 0.118750 0.520833
4 0.573438 0.447917 0.628125 0.447917 0.628125 0.512500 0.573438 0.512500
4 0.662500 0.450000 0.723438 0.450000 0.723438 0.520833 0.662500 0.520833
4 0.506250 0.489583 0.564063 0.489583 0.564063 0.564583 0.506250 0.564583
7 0.735938 0.466667 0.837500 0.466667 0.837500 0.614583 0.735938 0.614583
1 0.867188 0.475000 1.000000 0.475000 1.000000 0.831250 0.867188 0.831250
4 0.518750 0.610417 0.617188 0.610417 0.617188 0.733333 0.518750 0.733333
4 0.678125 0.606250 0.798438 0.606250 0.798438 0.758333 0.678125 0.758333