7 0.306250 0.291667 0.339062 0.291667 0.339062 0.337500 0.306250 0.337500
4 0.378125 0.314583 0.404688 0.314583 0.404688 0.350000 0.378125 0.350000
1 0.573437 0.293750 0.642188 0.293750 0.642188 0.404167 0.573437 0.404167
7 0.260937 0.325000 0.300000 0.325000 0.300000 0.381250 0.260937 0.381250
1 0.514063 0.304167 0.578125 0.304167 0.578125 0.412500 0.514063 0.412500
7 0.307813 0.331250 0.343750 0.331250 0.343750 0.391667 0.307813 0.391667
4 0.360938 0.345833 0.396875 0.345833 0.396875 0.393750 0.360938 0.393750
0 0.459375 0.327083 0.521875 0.327083 0.521875 0.425000 0.459375 0.425000
4 0.662500 0.381250 0.706250 0.381250 0.706250 0.439583 0.662500 0.439583
4 0.496875 0.487500 0.560937 0.487500 0.560937 0.581250 0.496875 0.581250
4 0.296875 0.502083 0.364062 0.502083 0.364062 0.581250 0.296875 0.581250
7 0.137500 0.485417 0.248437 0.485417 0.248437 0.629167 0.137500 0.629167
1 0.000000 0.472917 0.129688 0.472917 0.129688 0.679167 0.000000 0.679167
1 0.620313 0.439583 0.832812 0.439583 0.832812 0.764583 0.620313 0.764583
1 0.770312 0.460417 0.996875 0.460417 0.996875 0.758333 0.770312 0.758333
7 0.000000 0.679167 0.135937 0.679167 0.135937 0.981250 0.000000 0.981250