0 0.579688 0.312500 0.637500 0.312500 0.637500 0.387500 0.579688 0.387500
4 0.462500 0.370833 0.507812 0.370833 0.507812 0.406250 0.462500 0.406250
4 0.331250 0.381250 0.387500 0.381250 0.387500 0.447917 0.331250 0.447917
1 0.534375 0.358333 0.626563 0.358333 0.626563 0.491667 0.534375 0.491667
4 0.471875 0.400000 0.517188 0.400000 0.517188 0.466667 0.471875 0.466667
4 0.476562 0.439583 0.548437 0.439583 0.548437 0.522917 0.476562 0.522917
4 0.503125 0.564583 0.584375 0.564583 0.584375 0.695833 0.503125 0.695833
4 0.928125 0.612500 1.000000 0.612500 1.000000 0.745833 0.928125 0.745833
4 0.131250 0.714583 0.315625 0.714583 0.315625 0.895833 0.131250 0.895833
1 0.762500 0.633333 1.000000 0.633333 1.000000 1.000000 0.762500 1.000000
4 0.596875 0.847917 0.746875 0.847917 0.746875 1.000000 0.596875 1.000000