4 0.307812 0.308333 0.329687 0.308333 0.329687 0.343750 0.307812 0.343750
4 0.335938 0.308333 0.359375 0.308333 0.359375 0.347917 0.335938 0.347917
4 0.371875 0.320833 0.401562 0.320833 0.401562 0.354167 0.371875 0.354167
9 0.529688 0.335417 0.570312 0.335417 0.570312 0.412500 0.529688 0.412500
4 0.590625 0.375000 0.631250 0.375000 0.631250 0.429167 0.590625 0.429167
4 0.484375 0.385417 0.525000 0.385417 0.525000 0.447917 0.484375 0.447917
4 0.328125 0.385417 0.385938 0.385417 0.385938 0.464583 0.328125 0.464583
4 0.489063 0.450000 0.542188 0.450000 0.542188 0.520833 0.489063 0.520833
4 0.673438 0.454167 0.732812 0.454167 0.732812 0.516667 0.673438 0.516667
4 0.596875 0.468750 0.659375 0.468750 0.659375 0.558333 0.596875 0.558333
10 0.776562 0.485417 0.904687 0.485417 0.904687 0.685417 0.776562 0.685417
4 0.642188 0.529167 0.721875 0.529167 0.721875 0.645833 0.642188 0.645833
4 0.509375 0.529167 0.585938 0.529167 0.585938 0.652083 0.509375 0.652083
4 0.204688 0.564583 0.360938 0.564583 0.360938 0.697917 0.204688 0.697917
9 0.709375 0.591667 0.881250 0.591667 0.881250 0.877083 0.709375 0.877083