1 0.317187 0.306250 0.367188 0.306250 0.367188 0.389583 0.317187 0.389583
4 0.601562 0.372917 0.646875 0.372917 0.646875 0.429167 0.601562 0.429167
4 0.668750 0.391667 0.717187 0.391667 0.717187 0.447917 0.668750 0.447917
4 0.325000 0.418750 0.375000 0.418750 0.375000 0.466667 0.325000 0.466667
10 0.564063 0.393750 0.631250 0.393750 0.631250 0.508333 0.564063 0.508333
4 0.478125 0.425000 0.529687 0.425000 0.529687 0.504167 0.478125 0.504167
4 0.650000 0.437500 0.704688 0.437500 0.704688 0.506250 0.650000 0.506250
9 0.704687 0.433333 0.804688 0.433333 0.804688 0.591667 0.704687 0.591667
4 0.504688 0.485417 0.571875 0.485417 0.571875 0.577083 0.504688 0.577083
4 0.639063 0.539583 0.734375 0.539583 0.734375 0.660417 0.639063 0.660417
8 0.823438 0.475000 1.000000 0.475000 1.000000 0.858333 0.823438 0.858333
9 0.726562 0.629167 0.915625 0.629167 0.915625 0.945833 0.726562 0.945833
4 0.578125 0.806250 0.707812 0.806250 0.707812 1.000000 0.578125 1.000000