4 0.457813 0.341667 0.493750 0.341667 0.493750 0.372917 0.457813 0.372917
4 0.309375 0.343750 0.342188 0.343750 0.342188 0.383333 0.309375 0.383333
4 0.362500 0.341667 0.396875 0.341667 0.396875 0.387500 0.362500 0.387500
2 0.515625 0.325000 0.571875 0.325000 0.571875 0.414583 0.515625 0.414583
4 0.464062 0.364583 0.495312 0.364583 0.495312 0.402083 0.464062 0.402083
8 0.612500 0.337500 0.707812 0.337500 0.707812 0.456250 0.612500 0.456250
4 0.473438 0.391667 0.512500 0.391667 0.512500 0.422917 0.473438 0.422917
4 0.534375 0.393750 0.557813 0.393750 0.557813 0.445833 0.534375 0.445833
2 0.546875 0.358333 0.642187 0.358333 0.642187 0.522917 0.546875 0.522917
4 0.473438 0.420833 0.525000 0.420833 0.525000 0.475000 0.473438 0.475000
4 0.482813 0.456250 0.543750 0.456250 0.543750 0.516667 0.482813 0.516667
4 0.490625 0.489583 0.557812 0.489583 0.557812 0.570833 0.490625 0.570833
4 0.760938 0.502083 0.831250 0.502083 0.831250 0.595833 0.760938 0.595833
8 0.629688 0.416667 0.782813 0.416667 0.782813 0.687500 0.629688 0.687500
2 0.000000 0.462500 0.109375 0.462500 0.109375 0.716667 0.000000 0.716667
4 0.275000 0.547917 0.351562 0.547917 0.351562 0.641667 0.275000 0.641667
4 0.506250 0.541667 0.585938 0.541667 0.585938 0.650000 0.506250 0.650000
4 0.810937 0.587500 0.926563 0.587500 0.926563 0.720833 0.810937 0.720833
4 0.548438 0.650000 0.673438 0.650000 0.673438 0.856250 0.548438 0.856250
4 0.865625 0.822917 1.000000 0.822917 1.000000 0.997917 0.865625 0.997917