1 0.373437 0.256250 0.398438 0.256250 0.398438 0.295833 0.373437 0.295833
7 0.335938 0.279167 0.360938 0.279167 0.360938 0.314583 0.335938 0.314583
4 0.393750 0.291667 0.412500 0.291667 0.412500 0.314583 0.393750 0.314583
4 0.384375 0.302083 0.409375 0.302083 0.409375 0.333333 0.384375 0.333333
1 0.265625 0.293750 0.318750 0.293750 0.318750 0.375000 0.265625 0.375000
7 0.367188 0.327083 0.398438 0.327083 0.398438 0.368750 0.367188 0.368750
4 0.464062 0.352083 0.498438 0.352083 0.498438 0.408333 0.464062 0.408333
7 0.279687 0.341667 0.328125 0.341667 0.328125 0.420833 0.279687 0.420833
7 0.529687 0.343750 0.576562 0.343750 0.576562 0.431250 0.529687 0.431250
7 0.159375 0.356250 0.239063 0.356250 0.239063 0.460417 0.159375 0.460417
1 0.632812 0.331250 0.745313 0.331250 0.745313 0.514583 0.632812 0.514583
4 0.554688 0.397917 0.587500 0.397917 0.587500 0.450000 0.554688 0.450000
4 0.343750 0.400000 0.385938 0.400000 0.385938 0.454167 0.343750 0.454167
4 0.468750 0.393750 0.504687 0.393750 0.504687 0.460417 0.468750 0.460417
4 0.573438 0.414583 0.617188 0.414583 0.617188 0.481250 0.573438 0.481250
4 0.482812 0.431250 0.521875 0.431250 0.521875 0.493750 0.482812 0.493750
4 0.487500 0.454167 0.546875 0.454167 0.546875 0.535417 0.487500 0.535417
7 0.701563 0.425000 0.804688 0.425000 0.804688 0.583333 0.701563 0.583333
7 0.589063 0.441667 0.656250 0.441667 0.656250 0.577083 0.589063 0.577083
4 0.303125 0.475000 0.365625 0.475000 0.365625 0.554167 0.303125 0.554167
4 0.498438 0.491667 0.562500 0.491667 0.562500 0.577083 0.498438 0.577083
7 0.614062 0.447917 0.721875 0.447917 0.721875 0.650000 0.614062 0.650000
4 0.523438 0.525000 0.593750 0.525000 0.593750 0.629167 0.523438 0.629167
7 0.495312 0.543750 0.576562 0.543750 0.576562 0.702083 0.495312 0.702083
7 0.715625 0.570833 0.814063 0.570833 0.814063 0.731250 0.715625 0.731250
1 0.748437 0.539583 0.978125 0.539583 0.978125 0.929167 0.748437 0.929167
4 0.523438 0.654167 0.623438 0.654167 0.623438 0.829167 0.523438 0.829167
4 0.175000 0.710417 0.295313 0.710417 0.295313 0.875000 0.175000 0.875000
4 0.545312 0.758333 0.681250 0.758333 0.681250 0.964583 0.545312 0.964583
4 0.567187 0.902083 0.718750 0.902083 0.718750 1.000000 0.567187 1.000000