5 0.503125 0.322917 0.559375 0.322917 0.559375 0.393750 0.503125 0.393750
4 0.460938 0.345833 0.500000 0.345833 0.500000 0.395833 0.460938 0.395833
4 0.337500 0.375000 0.379688 0.375000 0.379688 0.420833 0.337500 0.420833
7 0.176563 0.377083 0.231250 0.377083 0.231250 0.460417 0.176563 0.460417
4 0.540625 0.389583 0.567188 0.389583 0.567188 0.447917 0.540625 0.447917
4 0.468750 0.400000 0.520312 0.400000 0.520312 0.466667 0.468750 0.466667
1 0.565625 0.352083 0.690625 0.352083 0.690625 0.568750 0.565625 0.568750
4 0.232812 0.439583 0.296875 0.439583 0.296875 0.514583 0.232812 0.514583
4 0.678125 0.441667 0.726562 0.441667 0.726562 0.520833 0.678125 0.520833
0 0.720313 0.416667 0.885937 0.416667 0.885937 0.639583 0.720313 0.639583
4 0.500000 0.522917 0.562500 0.522917 0.562500 0.614583 0.500000 0.614583
4 0.548437 0.691667 0.671875 0.691667 0.671875 0.879167 0.548437 0.879167