1 0.310937 0.314583 0.360938 0.314583 0.360938 0.397917 0.310937 0.397917
4 0.596875 0.385417 0.637500 0.385417 0.637500 0.450000 0.596875 0.450000
10 0.554688 0.381250 0.612500 0.381250 0.612500 0.483333 0.554688 0.483333
4 0.479688 0.412500 0.523438 0.412500 0.523438 0.472917 0.479688 0.472917
4 0.632812 0.427083 0.685938 0.427083 0.685938 0.483333 0.632812 0.483333
9 0.682812 0.410417 0.775000 0.410417 0.775000 0.566667 0.682812 0.566667
4 0.298438 0.466667 0.365625 0.466667 0.365625 0.541667 0.298438 0.541667
4 0.498438 0.462500 0.559375 0.462500 0.559375 0.545833 0.498438 0.545833
4 0.618750 0.510417 0.698437 0.510417 0.698437 0.616667 0.618750 0.616667
8 0.784375 0.450000 1.000000 0.450000 1.000000 0.808333 0.784375 0.808333
9 0.687500 0.579167 0.828125 0.579167 0.828125 0.814583 0.687500 0.814583
4 0.542188 0.693750 0.653125 0.693750 0.653125 0.847917 0.542188 0.847917