7 0.276562 0.314583 0.309375 0.314583 0.309375 0.364583 0.276562 0.364583
1 0.584375 0.310417 0.650000 0.310417 0.650000 0.418750 0.584375 0.418750
4 0.460938 0.352083 0.490625 0.352083 0.490625 0.383333 0.460938 0.383333
4 0.312500 0.350000 0.348437 0.350000 0.348437 0.402083 0.312500 0.402083
1 0.521875 0.341667 0.579688 0.341667 0.579688 0.425000 0.521875 0.425000
4 0.471875 0.362500 0.510938 0.362500 0.510938 0.410417 0.471875 0.410417
4 0.475000 0.404167 0.514062 0.404167 0.514062 0.445833 0.475000 0.445833
4 0.573438 0.439583 0.621875 0.439583 0.621875 0.497917 0.573438 0.497917
4 0.485938 0.450000 0.537500 0.450000 0.537500 0.522917 0.485938 0.522917
4 0.178125 0.502083 0.248438 0.502083 0.248438 0.589583 0.178125 0.589583
4 0.771875 0.520833 0.823437 0.520833 0.823437 0.610417 0.771875 0.610417
1 0.626563 0.406250 0.848438 0.406250 0.848438 0.777083 0.626563 0.777083
0 0.821875 0.506250 1.000000 0.506250 1.000000 0.872917 0.821875 0.872917
4 0.532813 0.635417 0.623437 0.635417 0.623437 0.760417 0.532813 0.760417
4 0.178125 0.762500 0.304688 0.762500 0.304688 0.925000 0.178125 0.925000