7 0.292187 0.304167 0.325000 0.304167 0.325000 0.354167 0.292187 0.354167
4 0.325000 0.341667 0.353125 0.341667 0.353125 0.383333 0.325000 0.383333
4 0.460938 0.352083 0.490625 0.352083 0.490625 0.383333 0.460938 0.383333
1 0.589063 0.312500 0.667188 0.312500 0.667188 0.427083 0.589063 0.427083
4 0.471875 0.362500 0.510938 0.362500 0.510938 0.410417 0.471875 0.410417
1 0.526562 0.350000 0.584375 0.350000 0.584375 0.433333 0.526562 0.433333
4 0.475000 0.404167 0.514062 0.404167 0.514062 0.445833 0.475000 0.445833
4 0.234375 0.435417 0.289062 0.435417 0.289062 0.510417 0.234375 0.510417
4 0.584375 0.458333 0.643750 0.458333 0.643750 0.533333 0.584375 0.533333
4 0.489063 0.464583 0.550000 0.464583 0.550000 0.550000 0.489063 0.550000
4 0.275000 0.550000 0.351562 0.550000 0.351562 0.633333 0.275000 0.633333
1 0.645312 0.425000 0.951563 0.425000 0.951563 0.902083 0.645312 0.902083
4 0.542188 0.672917 0.648438 0.672917 0.648438 0.829167 0.542188 0.829167