1 0.357812 0.268750 0.389062 0.268750 0.389062 0.322917 0.357812 0.322917
6 0.393750 0.287500 0.415625 0.287500 0.415625 0.316667 0.393750 0.316667
7 0.325000 0.283333 0.353125 0.283333 0.353125 0.325000 0.325000 0.325000
4 0.381250 0.304167 0.406250 0.304167 0.406250 0.341667 0.381250 0.341667
1 0.223438 0.310417 0.293750 0.310417 0.293750 0.408333 0.223438 0.408333
4 0.362500 0.337500 0.398438 0.337500 0.398438 0.381250 0.362500 0.381250
7 0.529687 0.343750 0.576562 0.343750 0.576562 0.431250 0.529687 0.431250
7 0.620313 0.329167 0.714063 0.329167 0.714063 0.472917 0.620313 0.472917
7 0.331250 0.387500 0.375000 0.387500 0.375000 0.452083 0.331250 0.452083
4 0.554688 0.397917 0.587500 0.397917 0.587500 0.450000 0.554688 0.450000
4 0.573438 0.414583 0.617188 0.414583 0.617188 0.481250 0.573438 0.481250
7 0.204688 0.404167 0.284375 0.404167 0.284375 0.518750 0.204688 0.518750
4 0.482812 0.431250 0.521875 0.431250 0.521875 0.493750 0.482812 0.493750
7 0.682813 0.410417 0.773438 0.410417 0.773438 0.564583 0.682813 0.564583
4 0.487500 0.454167 0.546875 0.454167 0.546875 0.535417 0.487500 0.535417
7 0.589063 0.441667 0.656250 0.441667 0.656250 0.577083 0.589063 0.577083
4 0.498438 0.491667 0.562500 0.491667 0.562500 0.577083 0.498438 0.577083
7 0.614062 0.447917 0.721875 0.447917 0.721875 0.650000 0.614062 0.650000
7 0.000000 0.466667 0.098437 0.466667 0.098437 0.635417 0.000000 0.635417
4 0.523438 0.525000 0.593750 0.525000 0.593750 0.629167 0.523438 0.629167
7 0.495312 0.543750 0.576562 0.543750 0.576562 0.702083 0.495312 0.702083
7 0.856250 0.525000 1.000000 0.525000 1.000000 0.754167 0.856250 0.754167
7 0.715625 0.570833 0.814063 0.570833 0.814063 0.731250 0.715625 0.731250
4 0.240625 0.616667 0.334375 0.616667 0.334375 0.729167 0.240625 0.729167
1 0.748437 0.539583 0.978125 0.539583 0.978125 0.929167 0.748437 0.929167
4 0.523438 0.654167 0.623438 0.654167 0.623438 0.829167 0.523438 0.829167
4 0.545312 0.758333 0.681250 0.758333 0.681250 0.964583 0.545312 0.964583
4 0.567187 0.902083 0.718750 0.902083 0.718750 1.000000 0.567187 1.000000