4 0.373437 0.302083 0.406250 0.302083 0.406250 0.345833 0.373437 0.345833
7 0.271875 0.308333 0.318750 0.308333 0.318750 0.372917 0.271875 0.372917
4 0.312500 0.333333 0.351562 0.333333 0.351562 0.393750 0.312500 0.393750
1 0.523438 0.312500 0.585938 0.312500 0.585938 0.435417 0.523438 0.435417
4 0.353125 0.339583 0.398438 0.339583 0.398438 0.410417 0.353125 0.410417
4 0.465625 0.383333 0.510938 0.383333 0.510938 0.431250 0.465625 0.431250
4 0.660937 0.372917 0.715625 0.372917 0.715625 0.445833 0.660937 0.445833
4 0.309375 0.381250 0.371875 0.381250 0.371875 0.456250 0.309375 0.456250
1 0.543750 0.362500 0.631250 0.362500 0.631250 0.504167 0.543750 0.504167
4 0.476562 0.433333 0.535937 0.433333 0.535937 0.491667 0.476562 0.491667
4 0.175000 0.464583 0.259375 0.464583 0.259375 0.558333 0.175000 0.558333
4 0.485937 0.479167 0.554688 0.479167 0.554688 0.579167 0.485937 0.579167
1 0.753125 0.437500 0.881250 0.437500 0.881250 0.622917 0.753125 0.622917
1 0.603125 0.412500 0.771875 0.412500 0.771875 0.700000 0.603125 0.700000
4 0.504688 0.564583 0.592187 0.564583 0.592187 0.670833 0.504688 0.670833
4 0.520313 0.647917 0.631250 0.647917 0.631250 0.818750 0.520313 0.818750
7 0.910937 0.629167 1.000000 0.629167 1.000000 0.877083 0.910937 0.877083
4 0.556250 0.764583 0.710938 0.764583 0.710938 1.000000 0.556250 1.000000