1 0.242187 0.341667 0.332812 0.341667 0.332812 0.477083 0.242187 0.477083
4 0.481250 0.416667 0.518750 0.416667 0.518750 0.483333 0.481250 0.483333
4 0.312500 0.443750 0.373437 0.443750 0.373437 0.520833 0.312500 0.520833
4 0.476562 0.475000 0.542188 0.475000 0.542188 0.564583 0.476562 0.564583
1 0.750000 0.414583 0.967188 0.414583 0.967188 0.629167 0.750000 0.629167
1 0.604687 0.437500 0.709375 0.437500 0.709375 0.618750 0.604687 0.618750
4 0.503125 0.518750 0.568750 0.518750 0.568750 0.650000 0.503125 0.650000
4 0.503125 0.589583 0.593750 0.589583 0.593750 0.729167 0.503125 0.729167
4 0.212500 0.614583 0.332813 0.614583 0.332813 0.781250 0.212500 0.781250
1 0.737500 0.533333 0.964063 0.533333 0.964063 0.962500 0.737500 0.962500
4 0.612500 0.658333 0.767188 0.658333 0.767188 0.900000 0.612500 0.900000
1 0.832812 0.658333 1.000000 0.658333 1.000000 1.000000 0.832812 1.000000
4 0.514063 0.820833 0.648438 0.820833 0.648438 1.000000 0.514063 1.000000