5 0.231250 0.327083 0.292187 0.327083 0.292187 0.408333 0.231250 0.408333
4 0.317187 0.350000 0.343750 0.350000 0.343750 0.389583 0.317187 0.389583
7 0.537500 0.352083 0.590625 0.352083 0.590625 0.443750 0.537500 0.443750
4 0.471875 0.381250 0.514062 0.381250 0.514062 0.422917 0.471875 0.422917
4 0.620313 0.389583 0.664062 0.389583 0.664062 0.437500 0.620313 0.437500
4 0.471875 0.402083 0.506250 0.402083 0.506250 0.450000 0.471875 0.450000
4 0.329687 0.404167 0.378125 0.404167 0.378125 0.458333 0.329687 0.458333
4 0.662500 0.422917 0.715625 0.422917 0.715625 0.481250 0.662500 0.481250
4 0.482812 0.427083 0.529687 0.427083 0.529687 0.489583 0.482812 0.489583
4 0.568750 0.429167 0.615625 0.429167 0.615625 0.487500 0.568750 0.487500
4 0.490625 0.470833 0.543750 0.470833 0.543750 0.543750 0.490625 0.543750
5 0.718750 0.445833 0.915625 0.445833 0.915625 0.668750 0.718750 0.668750
4 0.500000 0.558333 0.589063 0.558333 0.589063 0.679167 0.500000 0.679167
4 0.676563 0.614583 0.790625 0.614583 0.790625 0.762500 0.676563 0.762500
7 0.898438 0.666667 1.000000 0.666667 1.000000 0.829167 0.898438 0.829167
4 0.554688 0.720833 0.678125 0.720833 0.678125 0.900000 0.554688 0.900000