1 0.337500 0.260417 0.387500 0.260417 0.387500 0.343750 0.337500 0.343750
4 0.275000 0.312500 0.334375 0.312500 0.334375 0.368750 0.275000 0.368750
4 0.262500 0.347917 0.303125 0.347917 0.303125 0.402083 0.262500 0.402083
1 0.589063 0.337500 0.682813 0.337500 0.682813 0.447917 0.589063 0.447917
4 0.675000 0.381250 0.710938 0.381250 0.710938 0.445833 0.675000 0.445833
7 0.201562 0.375000 0.343750 0.375000 0.343750 0.520833 0.201562 0.520833
1 0.701563 0.362500 0.906250 0.362500 0.906250 0.581250 0.701563 0.581250
4 0.485937 0.452083 0.550000 0.452083 0.550000 0.535417 0.485937 0.535417
7 0.584375 0.437500 0.660938 0.437500 0.660938 0.575000 0.584375 0.575000
4 0.500000 0.489583 0.559375 0.489583 0.559375 0.560417 0.500000 0.560417
7 0.601562 0.447917 0.735937 0.447917 0.735937 0.652083 0.601562 0.652083
4 0.521875 0.514583 0.603125 0.514583 0.603125 0.629167 0.521875 0.629167
7 0.487500 0.545833 0.582812 0.545833 0.582812 0.720833 0.487500 0.720833
7 0.718750 0.575000 0.764063 0.575000 0.764063 0.712500 0.718750 0.712500
4 0.525000 0.660417 0.648438 0.660417 0.648438 0.795833 0.525000 0.795833
7 0.753125 0.537500 0.987500 0.537500 0.987500 0.972917 0.753125 0.972917
4 0.535937 0.758333 0.692187 0.758333 0.692187 1.000000 0.535937 1.000000