4 0.289062 0.325000 0.310937 0.325000 0.310937 0.360417 0.289062 0.360417
4 0.328125 0.325000 0.351562 0.325000 0.351562 0.364583 0.328125 0.364583
4 0.375000 0.331250 0.404687 0.331250 0.404687 0.364583 0.375000 0.364583
4 0.590625 0.370833 0.626563 0.370833 0.626563 0.429167 0.590625 0.429167
4 0.484375 0.389583 0.521875 0.389583 0.521875 0.447917 0.484375 0.447917
4 0.323437 0.408333 0.381250 0.408333 0.381250 0.487500 0.323437 0.487500
4 0.489063 0.441667 0.537500 0.441667 0.537500 0.508333 0.489063 0.508333
4 0.665625 0.443750 0.725000 0.443750 0.725000 0.514583 0.665625 0.514583
4 0.595313 0.462500 0.651562 0.462500 0.651562 0.547917 0.595313 0.547917
10 0.759375 0.466667 0.881250 0.466667 0.881250 0.658333 0.759375 0.658333
4 0.509375 0.518750 0.579688 0.518750 0.579688 0.633333 0.509375 0.633333
4 0.631250 0.520833 0.715625 0.520833 0.715625 0.633333 0.631250 0.633333
9 0.701562 0.575000 0.862500 0.575000 0.862500 0.835417 0.701562 0.835417
4 0.075000 0.850000 0.260937 0.850000 0.260937 1.000000 0.075000 1.000000