2 0.515625 0.320833 0.578125 0.320833 0.578125 0.410417 0.515625 0.410417
4 0.464062 0.372917 0.496875 0.372917 0.496875 0.416667 0.464062 0.416667
4 0.471875 0.391667 0.504687 0.391667 0.504687 0.422917 0.471875 0.422917
4 0.532813 0.391667 0.573437 0.391667 0.573437 0.435417 0.532813 0.435417
4 0.471875 0.406250 0.523438 0.406250 0.523438 0.462500 0.471875 0.462500
4 0.546875 0.414583 0.582812 0.414583 0.582812 0.472917 0.546875 0.472917
4 0.482812 0.437500 0.534375 0.437500 0.534375 0.520833 0.482812 0.520833
2 0.581250 0.393750 0.726562 0.393750 0.726562 0.643750 0.581250 0.643750
4 0.704688 0.479167 0.759375 0.479167 0.759375 0.564583 0.704688 0.564583
4 0.259375 0.522917 0.328125 0.522917 0.328125 0.612500 0.259375 0.612500
4 0.500000 0.518750 0.576563 0.518750 0.576563 0.616667 0.500000 0.616667
4 0.526563 0.643750 0.629687 0.643750 0.629687 0.768750 0.526563 0.768750
8 0.759375 0.543750 1.000000 0.543750 1.000000 1.000000 0.759375 1.000000