4 0.539062 0.372917 0.573438 0.372917 0.573438 0.420833 0.539062 0.420833
10 0.601562 0.362500 0.651563 0.362500 0.651563 0.435417 0.601562 0.435417
4 0.665625 0.389583 0.710938 0.389583 0.710938 0.443750 0.665625 0.443750
1 0.220312 0.343750 0.307812 0.343750 0.307812 0.497917 0.220312 0.497917
4 0.470313 0.410417 0.515625 0.410417 0.515625 0.481250 0.470313 0.481250
4 0.629687 0.410417 0.687500 0.410417 0.687500 0.481250 0.629687 0.481250
4 0.553125 0.416667 0.600000 0.416667 0.600000 0.479167 0.553125 0.479167
9 0.707812 0.429167 0.817187 0.429167 0.817187 0.572917 0.707812 0.572917
9 0.000000 0.402083 0.139063 0.402083 0.139063 0.627083 0.000000 0.627083
4 0.506250 0.489583 0.571875 0.489583 0.571875 0.589583 0.506250 0.589583
9 0.631250 0.475000 0.743750 0.475000 0.743750 0.675000 0.631250 0.675000
9 0.732812 0.564583 0.942188 0.564583 0.942188 0.927083 0.732812 0.927083