7 0.306250 0.289583 0.337500 0.289583 0.337500 0.337500 0.306250 0.337500
7 0.323437 0.314583 0.353125 0.314583 0.353125 0.366667 0.323437 0.366667
4 0.371875 0.341667 0.401562 0.341667 0.401562 0.381250 0.371875 0.381250
7 0.525000 0.347917 0.589062 0.347917 0.589062 0.439583 0.525000 0.439583
4 0.553125 0.397917 0.590625 0.397917 0.590625 0.441667 0.553125 0.441667
7 0.635938 0.368750 0.729688 0.368750 0.729688 0.472917 0.635938 0.472917
4 0.479687 0.408333 0.528125 0.408333 0.528125 0.462500 0.479687 0.462500
4 0.576562 0.406250 0.621875 0.406250 0.621875 0.477083 0.576562 0.477083
7 0.092187 0.418750 0.192188 0.418750 0.192188 0.556250 0.092187 0.556250
7 0.482812 0.454167 0.542187 0.454167 0.542187 0.554167 0.482812 0.554167
7 0.589062 0.454167 0.678125 0.454167 0.678125 0.581250 0.589062 0.581250
7 0.737500 0.472917 0.806250 0.472917 0.806250 0.604167 0.737500 0.604167
7 0.617188 0.445833 0.734375 0.445833 0.734375 0.647917 0.617188 0.647917
4 0.478125 0.525000 0.573437 0.525000 0.573437 0.658333 0.478125 0.658333
1 0.850000 0.510417 1.000000 0.510417 1.000000 0.710417 0.850000 0.710417
7 0.707813 0.570833 0.759375 0.570833 0.759375 0.689583 0.707813 0.689583
4 0.517188 0.608333 0.612500 0.608333 0.612500 0.760417 0.517188 0.760417
7 0.020312 0.622917 0.146875 0.622917 0.146875 0.779167 0.020312 0.779167
1 0.740625 0.541667 0.967187 0.541667 0.967187 0.870833 0.740625 0.870833
1 0.085938 0.591667 0.285938 0.591667 0.285938 1.000000 0.085938 1.000000
1 0.854688 0.683333 1.000000 0.683333 1.000000 1.000000 0.854688 1.000000
4 0.551562 0.816667 0.714063 0.816667 0.714063 1.000000 0.551562 1.000000