4 0.387500 0.293750 0.415625 0.293750 0.415625 0.331250 0.387500 0.331250
4 0.353125 0.304167 0.384375 0.304167 0.384375 0.333333 0.353125 0.333333
7 0.282812 0.281250 0.339062 0.281250 0.339062 0.368750 0.282812 0.368750
4 0.367188 0.316667 0.407813 0.316667 0.407813 0.366667 0.367188 0.366667
1 0.512500 0.312500 0.570312 0.312500 0.570312 0.425000 0.512500 0.425000
4 0.343750 0.366667 0.395312 0.366667 0.395312 0.433333 0.343750 0.433333
4 0.623437 0.391667 0.670312 0.391667 0.670312 0.454167 0.623437 0.454167
7 0.543750 0.379167 0.628125 0.379167 0.628125 0.504167 0.543750 0.504167
4 0.662500 0.414583 0.720313 0.414583 0.720313 0.495833 0.662500 0.495833
4 0.492188 0.464583 0.560938 0.464583 0.560938 0.554167 0.492188 0.554167
4 0.767188 0.489583 0.840625 0.489583 0.840625 0.585417 0.767188 0.585417
4 0.603125 0.485417 0.676563 0.485417 0.676563 0.591667 0.603125 0.591667
4 0.504687 0.529167 0.590625 0.529167 0.590625 0.656250 0.504687 0.656250
4 0.223437 0.575000 0.337500 0.575000 0.337500 0.741667 0.223437 0.741667
1 0.809375 0.493750 1.000000 0.493750 1.000000 0.847917 0.809375 0.847917
4 0.515625 0.664583 0.635938 0.664583 0.635938 0.862500 0.515625 0.862500
4 0.800000 0.758333 1.000000 0.758333 1.000000 1.000000 0.800000 1.000000
4 0.362500 0.877083 0.364063 0.877083 0.364063 0.889583 0.362500 0.889583