2 0.246875 0.314583 0.307812 0.314583 0.307812 0.391667 0.246875 0.391667
2 0.515625 0.318750 0.571875 0.318750 0.571875 0.408333 0.515625 0.408333
4 0.365625 0.347917 0.401562 0.347917 0.401562 0.397917 0.365625 0.397917
4 0.464062 0.364583 0.495312 0.364583 0.495312 0.402083 0.464062 0.402083
8 0.612500 0.337500 0.707812 0.337500 0.707812 0.456250 0.612500 0.456250
4 0.473438 0.395833 0.525000 0.395833 0.525000 0.450000 0.473438 0.450000
4 0.537500 0.404167 0.576562 0.404167 0.576562 0.460417 0.537500 0.460417
2 0.568750 0.389583 0.690625 0.389583 0.690625 0.575000 0.568750 0.575000
4 0.492188 0.472917 0.553125 0.472917 0.553125 0.533333 0.492188 0.533333
4 0.503125 0.531250 0.570312 0.531250 0.570312 0.612500 0.503125 0.612500
8 0.693750 0.483333 0.931250 0.483333 0.931250 0.879167 0.693750 0.879167
4 0.535937 0.672917 0.656250 0.672917 0.656250 0.841667 0.535937 0.841667