4 0.357812 0.302083 0.381250 0.302083 0.381250 0.339583 0.357812 0.339583
4 0.546875 0.325000 0.581250 0.325000 0.581250 0.364583 0.546875 0.364583
4 0.509375 0.337500 0.539062 0.337500 0.539062 0.377083 0.509375 0.377083
4 0.321875 0.339583 0.353125 0.339583 0.353125 0.377083 0.321875 0.377083
4 0.565625 0.350000 0.595313 0.350000 0.595313 0.377083 0.565625 0.377083
4 0.367188 0.352083 0.398438 0.352083 0.398438 0.385417 0.367188 0.385417
4 0.593750 0.345833 0.626562 0.345833 0.626562 0.393750 0.593750 0.393750
4 0.467188 0.368750 0.504688 0.368750 0.504688 0.412500 0.467188 0.412500
4 0.534375 0.366667 0.568750 0.366667 0.568750 0.414583 0.534375 0.414583
1 0.629687 0.325000 0.739062 0.325000 0.739062 0.504167 0.629687 0.504167
4 0.300000 0.400000 0.340625 0.400000 0.340625 0.447917 0.300000 0.447917
1 0.556250 0.383333 0.632812 0.383333 0.632812 0.495833 0.556250 0.495833
4 0.481250 0.408333 0.532813 0.408333 0.532813 0.472917 0.481250 0.472917
4 0.489063 0.477083 0.548438 0.477083 0.548438 0.550000 0.489063 0.550000
4 0.767188 0.564583 0.864063 0.564583 0.864063 0.654167 0.767188 0.654167
4 0.515625 0.581250 0.601562 0.581250 0.601562 0.710417 0.515625 0.710417
4 0.665625 0.589583 0.754688 0.589583 0.754688 0.706250 0.665625 0.706250