0 0.595313 0.316667 0.651562 0.316667 0.651562 0.402083 0.595313 0.402083
7 0.514062 0.335417 0.568750 0.335417 0.568750 0.416667 0.514062 0.416667
4 0.356250 0.354167 0.398438 0.354167 0.398438 0.408333 0.356250 0.408333
4 0.451562 0.356250 0.506250 0.356250 0.506250 0.408333 0.451562 0.408333
4 0.629688 0.397917 0.685937 0.397917 0.685937 0.464583 0.629688 0.464583
1 0.543750 0.362500 0.637500 0.362500 0.637500 0.508333 0.543750 0.508333
4 0.471875 0.416667 0.548438 0.416667 0.548438 0.487500 0.471875 0.487500
4 0.314062 0.435417 0.378125 0.435417 0.378125 0.522917 0.314062 0.522917
4 0.487500 0.483333 0.562500 0.483333 0.562500 0.562500 0.487500 0.562500
4 0.521875 0.656250 0.635937 0.656250 0.635937 0.818750 0.521875 0.818750
7 0.932813 0.837500 1.000000 0.837500 1.000000 1.000000 0.932813 1.000000