7 0.329688 0.266667 0.359375 0.266667 0.359375 0.316667 0.329688 0.316667
4 0.371875 0.331250 0.406250 0.331250 0.406250 0.381250 0.371875 0.381250
1 0.525000 0.325000 0.590625 0.325000 0.590625 0.441667 0.525000 0.441667
4 0.481250 0.406250 0.521875 0.406250 0.521875 0.450000 0.481250 0.450000
4 0.489063 0.468750 0.548438 0.468750 0.548438 0.533333 0.489063 0.533333
4 0.726562 0.475000 0.795313 0.475000 0.795313 0.550000 0.726562 0.550000
7 0.628125 0.454167 0.735938 0.454167 0.735938 0.639583 0.628125 0.639583
4 0.789062 0.539583 0.889063 0.539583 0.889063 0.658333 0.789062 0.658333
4 0.526562 0.568750 0.607812 0.568750 0.607812 0.704167 0.526562 0.704167
4 0.521875 0.568750 0.615625 0.568750 0.615625 0.708333 0.521875 0.708333
4 0.734375 0.677083 0.867188 0.677083 0.867188 0.875000 0.734375 0.875000
4 0.573438 0.762500 0.710938 0.762500 0.710938 0.987500 0.573438 0.987500