4 0.362500 0.352083 0.395313 0.352083 0.395313 0.391667 0.362500 0.391667
4 0.596875 0.358333 0.635938 0.358333 0.635938 0.397917 0.596875 0.397917
4 0.301563 0.364583 0.342188 0.364583 0.342188 0.408333 0.301563 0.408333
7 0.531250 0.350000 0.578125 0.350000 0.578125 0.422917 0.531250 0.422917
4 0.476562 0.381250 0.512500 0.381250 0.512500 0.414583 0.476562 0.414583
4 0.473438 0.395833 0.506250 0.395833 0.506250 0.437500 0.473438 0.437500
4 0.609375 0.391667 0.670313 0.391667 0.670313 0.441667 0.609375 0.441667
4 0.553125 0.397917 0.592187 0.397917 0.592187 0.445833 0.553125 0.445833
4 0.479687 0.412500 0.517188 0.412500 0.517188 0.445833 0.479687 0.445833
4 0.335938 0.402083 0.375000 0.402083 0.375000 0.458333 0.335938 0.458333
4 0.267188 0.408333 0.312500 0.408333 0.312500 0.456250 0.267188 0.456250
5 0.115625 0.372917 0.210938 0.372917 0.210938 0.502083 0.115625 0.502083
4 0.484375 0.431250 0.529688 0.431250 0.529688 0.502083 0.484375 0.502083
5 0.689063 0.412500 0.831250 0.412500 0.831250 0.579167 0.689063 0.579167
4 0.207813 0.472917 0.271875 0.472917 0.271875 0.535417 0.207813 0.535417
4 0.492188 0.495833 0.559375 0.495833 0.559375 0.591667 0.492188 0.591667
4 0.614063 0.495833 0.693750 0.495833 0.693750 0.608333 0.614063 0.608333
7 0.795312 0.562500 0.901562 0.562500 0.901562 0.697917 0.795312 0.697917
4 0.925000 0.575000 1.000000 0.575000 1.000000 0.706250 0.925000 0.706250
4 0.525000 0.591667 0.621875 0.591667 0.621875 0.710417 0.525000 0.710417
4 0.909375 0.706250 1.000000 0.706250 1.000000 0.852083 0.909375 0.852083
4 0.759375 0.722917 0.915625 0.722917 0.915625 0.925000 0.759375 0.925000
4 0.614062 0.806250 0.768750 0.806250 0.768750 1.000000 0.614062 1.000000