4 0.375000 0.335417 0.400000 0.335417 0.400000 0.368750 0.375000 0.368750
1 0.278125 0.345833 0.323437 0.345833 0.323437 0.418750 0.278125 0.418750
7 0.598437 0.339583 0.653125 0.339583 0.653125 0.429167 0.598437 0.429167
7 0.625000 0.362500 0.695312 0.362500 0.695312 0.460417 0.625000 0.460417
4 0.340625 0.404167 0.387500 0.404167 0.387500 0.462500 0.340625 0.462500
1 0.700000 0.445833 0.784375 0.445833 0.784375 0.556250 0.700000 0.556250
7 0.592187 0.437500 0.667187 0.437500 0.667187 0.587500 0.592187 0.587500
7 0.623437 0.462500 0.712500 0.462500 0.712500 0.641667 0.623437 0.641667
1 0.790625 0.491667 0.951562 0.491667 0.951562 0.654167 0.790625 0.654167
7 0.489063 0.522917 0.557813 0.522917 0.557813 0.635417 0.489063 0.635417
7 0.518750 0.570833 0.593750 0.570833 0.593750 0.697917 0.518750 0.697917
7 0.707813 0.568750 0.787500 0.568750 0.787500 0.714583 0.707813 0.714583
1 0.746875 0.537500 0.967187 0.537500 0.967187 0.929167 0.746875 0.929167
1 0.853125 0.693750 1.000000 0.693750 1.000000 1.000000 0.853125 1.000000
7 0.545312 0.750000 0.678125 0.750000 0.678125 1.000000 0.545312 1.000000