7 0.304688 0.325000 0.356250 0.325000 0.356250 0.387500 0.304688 0.387500
4 0.356250 0.375000 0.396875 0.375000 0.396875 0.420833 0.356250 0.420833
7 0.628125 0.364583 0.704688 0.364583 0.704688 0.468750 0.628125 0.468750
4 0.565625 0.408333 0.612500 0.408333 0.612500 0.475000 0.565625 0.475000
4 0.484375 0.427083 0.525000 0.427083 0.525000 0.477083 0.484375 0.477083
7 0.479688 0.454167 0.546875 0.454167 0.546875 0.545833 0.479688 0.545833
7 0.590625 0.443750 0.645312 0.443750 0.645312 0.570833 0.590625 0.570833
7 0.729688 0.464583 0.800000 0.464583 0.800000 0.572917 0.729688 0.572917
7 0.623437 0.472917 0.737500 0.472917 0.737500 0.658333 0.623437 0.658333
4 0.476562 0.514583 0.550000 0.514583 0.550000 0.622917 0.476562 0.622917
7 0.000000 0.497917 0.085938 0.497917 0.085938 0.691667 0.000000 0.691667
7 0.704688 0.556250 0.754688 0.556250 0.754688 0.718750 0.704688 0.718750
4 0.512500 0.579167 0.603125 0.579167 0.603125 0.731250 0.512500 0.731250
4 0.540625 0.791667 0.701562 0.791667 0.701562 1.000000 0.540625 1.000000