4 0.381250 0.295833 0.409375 0.295833 0.409375 0.331250 0.381250 0.331250
1 0.551562 0.285417 0.609375 0.285417 0.609375 0.360417 0.551562 0.360417
4 0.465625 0.341667 0.495312 0.341667 0.495312 0.375000 0.465625 0.375000
7 0.271875 0.325000 0.328125 0.325000 0.328125 0.400000 0.271875 0.400000
1 0.571875 0.325000 0.620312 0.325000 0.620312 0.408333 0.571875 0.408333
7 0.520313 0.341667 0.579688 0.341667 0.579688 0.416667 0.520313 0.416667
4 0.464063 0.372917 0.500000 0.372917 0.500000 0.402083 0.464063 0.402083
7 0.610938 0.354167 0.665625 0.354167 0.665625 0.445833 0.610938 0.445833
7 0.318750 0.343750 0.382812 0.343750 0.382812 0.477083 0.318750 0.477083
4 0.545312 0.397917 0.589062 0.397917 0.589062 0.445833 0.545312 0.445833
4 0.475000 0.408333 0.526562 0.408333 0.526562 0.447917 0.475000 0.447917
7 0.246875 0.383333 0.307812 0.383333 0.307812 0.472917 0.246875 0.472917
7 0.653125 0.368750 0.745313 0.368750 0.745313 0.518750 0.653125 0.518750
4 0.560937 0.410417 0.621875 0.410417 0.621875 0.479167 0.560937 0.479167
4 0.482812 0.452083 0.537500 0.452083 0.537500 0.479167 0.482812 0.479167
7 0.584375 0.439583 0.651562 0.439583 0.651562 0.579167 0.584375 0.579167
7 0.475000 0.468750 0.551563 0.468750 0.551563 0.564583 0.475000 0.564583
7 0.617188 0.443750 0.723437 0.443750 0.723437 0.627083 0.617188 0.627083
4 0.496875 0.554167 0.589063 0.554167 0.589063 0.670833 0.496875 0.670833
7 0.895312 0.543750 1.000000 0.543750 1.000000 0.695833 0.895312 0.695833
7 0.700000 0.560417 0.757812 0.560417 0.757812 0.704167 0.700000 0.704167
7 0.740625 0.535417 0.943750 0.535417 0.943750 0.858333 0.740625 0.858333
4 0.518750 0.675000 0.657813 0.675000 0.657813 0.850000 0.518750 0.850000
7 0.848437 0.691667 0.996875 0.691667 0.996875 1.000000 0.848437 1.000000
4 0.559375 0.885417 0.714063 0.885417 0.714063 1.000000 0.559375 1.000000