0 0.451563 0.297917 0.504688 0.297917 0.504688 0.410417 0.451563 0.410417
7 0.293750 0.318750 0.351562 0.318750 0.351562 0.402083 0.293750 0.402083
4 0.351562 0.372917 0.395312 0.372917 0.395312 0.422917 0.351562 0.422917
1 0.532813 0.337500 0.610938 0.337500 0.610938 0.468750 0.532813 0.468750
7 0.228125 0.358333 0.282813 0.358333 0.282813 0.450000 0.228125 0.450000
1 0.629687 0.352083 0.731250 0.352083 0.731250 0.495833 0.629687 0.495833
4 0.315625 0.437500 0.370312 0.437500 0.370312 0.502083 0.315625 0.502083
4 0.489062 0.464583 0.551562 0.464583 0.551562 0.552083 0.489062 0.552083
7 0.806250 0.491667 0.889062 0.491667 0.889062 0.604167 0.806250 0.604167
4 0.146875 0.506250 0.228125 0.506250 0.228125 0.604167 0.146875 0.604167
4 0.628125 0.493750 0.700000 0.493750 0.700000 0.618750 0.628125 0.618750
4 0.904688 0.550000 1.000000 0.550000 1.000000 0.675000 0.904688 0.675000
7 0.023438 0.583333 0.156250 0.583333 0.156250 0.820833 0.023438 0.820833
0 0.692187 0.522917 1.000000 0.522917 1.000000 0.952083 0.692187 0.952083
4 0.207813 0.677083 0.325000 0.677083 0.325000 0.841667 0.207813 0.841667
4 0.582813 0.683333 0.720313 0.683333 0.720313 0.885417 0.582813 0.885417