4 0.456250 0.343750 0.482813 0.343750 0.482813 0.375000 0.456250 0.375000
2 0.515625 0.320833 0.578125 0.320833 0.578125 0.410417 0.515625 0.410417
4 0.462500 0.350000 0.496875 0.350000 0.496875 0.387500 0.462500 0.387500
4 0.464062 0.372917 0.496875 0.372917 0.496875 0.416667 0.464062 0.416667
4 0.471875 0.391667 0.504687 0.391667 0.504687 0.422917 0.471875 0.422917
4 0.532813 0.391667 0.573437 0.391667 0.573437 0.435417 0.532813 0.435417
4 0.471875 0.406250 0.523438 0.406250 0.523438 0.462500 0.471875 0.462500
4 0.546875 0.414583 0.582812 0.414583 0.582812 0.472917 0.546875 0.472917
4 0.482812 0.437500 0.534375 0.437500 0.534375 0.520833 0.482812 0.520833
4 0.698438 0.466667 0.745313 0.466667 0.745313 0.543750 0.698438 0.543750
2 0.584375 0.406250 0.709375 0.406250 0.709375 0.620833 0.584375 0.620833
4 0.492188 0.487500 0.568750 0.487500 0.568750 0.585417 0.492188 0.585417
4 0.517188 0.587500 0.606250 0.587500 0.606250 0.710417 0.517188 0.710417
8 0.720312 0.514583 1.000000 0.514583 1.000000 1.000000 0.720312 1.000000
4 0.140625 0.739583 0.273438 0.739583 0.273438 0.897917 0.140625 0.897917
4 0.567187 0.779167 0.718750 0.779167 0.718750 1.000000 0.567187 1.000000