8 0.584375 0.318750 0.656250 0.318750 0.656250 0.435417 0.584375 0.435417
4 0.357813 0.362500 0.395313 0.362500 0.395313 0.410417 0.357813 0.410417
9 0.531250 0.350000 0.578125 0.350000 0.578125 0.427083 0.531250 0.427083
4 0.467187 0.381250 0.500000 0.381250 0.500000 0.422917 0.467187 0.422917
9 0.545312 0.366667 0.606250 0.366667 0.606250 0.470833 0.545312 0.470833
4 0.479687 0.402083 0.520312 0.402083 0.520312 0.464583 0.479687 0.464583
8 0.671875 0.393750 0.796875 0.393750 0.796875 0.543750 0.671875 0.543750
4 0.292187 0.460417 0.353125 0.460417 0.353125 0.539583 0.292187 0.539583
4 0.504687 0.472917 0.562500 0.472917 0.562500 0.550000 0.504687 0.550000
2 0.635937 0.439583 0.798438 0.439583 0.798438 0.708333 0.635937 0.708333
4 0.918750 0.566667 1.000000 0.566667 1.000000 0.697917 0.918750 0.697917