7 0.587500 0.329167 0.628125 0.329167 0.628125 0.427083 0.587500 0.427083
4 0.470313 0.370833 0.506250 0.370833 0.506250 0.420833 0.470313 0.420833
8 0.626563 0.345833 0.735938 0.345833 0.735938 0.508333 0.626563 0.508333
9 0.553125 0.391667 0.606250 0.391667 0.606250 0.485417 0.553125 0.485417
4 0.482812 0.429167 0.526562 0.429167 0.526562 0.491667 0.482812 0.491667
9 0.600000 0.433333 0.682812 0.433333 0.682812 0.579167 0.600000 0.579167
4 0.495313 0.479167 0.557813 0.479167 0.557813 0.575000 0.495313 0.575000
9 0.003125 0.452083 0.126563 0.452083 0.126563 0.608333 0.003125 0.608333
8 0.792188 0.481250 1.000000 0.481250 1.000000 0.708333 0.792188 0.708333
4 0.557812 0.656250 0.673438 0.656250 0.673438 0.831250 0.557812 0.831250
4 0.193750 0.716667 0.312500 0.716667 0.312500 0.845833 0.193750 0.845833