4 0.370313 0.329167 0.398438 0.329167 0.398438 0.364583 0.370313 0.364583
9 0.514062 0.329167 0.556250 0.329167 0.556250 0.389583 0.514062 0.389583
7 0.250000 0.337500 0.295312 0.337500 0.295312 0.400000 0.250000 0.400000
4 0.464062 0.354167 0.496875 0.354167 0.496875 0.395833 0.464062 0.395833
4 0.531250 0.383333 0.556250 0.383333 0.556250 0.420833 0.531250 0.420833
10 0.620313 0.383333 0.659375 0.383333 0.659375 0.437500 0.620313 0.437500
4 0.470313 0.389583 0.509375 0.389583 0.509375 0.445833 0.470313 0.445833
11 0.551562 0.358333 0.637500 0.358333 0.637500 0.495833 0.551562 0.495833
9 0.653125 0.420833 0.728125 0.420833 0.728125 0.506250 0.653125 0.506250
4 0.484375 0.447917 0.539062 0.447917 0.539062 0.514583 0.484375 0.514583
4 0.735938 0.514583 0.814063 0.514583 0.814063 0.612500 0.735938 0.612500
4 0.626563 0.529167 0.712500 0.529167 0.712500 0.631250 0.626563 0.631250
4 0.545312 0.616667 0.634375 0.616667 0.634375 0.739583 0.545312 0.739583
10 0.862500 0.568750 1.000000 0.568750 1.000000 0.793750 0.862500 0.793750