4 0.368750 0.331250 0.398438 0.331250 0.398438 0.364583 0.368750 0.364583
4 0.273438 0.337500 0.306250 0.337500 0.306250 0.375000 0.273438 0.375000
9 0.518750 0.327083 0.564063 0.327083 0.564063 0.400000 0.518750 0.400000
4 0.464063 0.358333 0.500000 0.358333 0.500000 0.404167 0.464063 0.404167
8 0.620313 0.341667 0.695312 0.341667 0.695312 0.460417 0.620313 0.460417
4 0.484375 0.393750 0.525000 0.393750 0.525000 0.443750 0.484375 0.443750
4 0.339062 0.395833 0.381250 0.395833 0.381250 0.443750 0.339062 0.443750
2 0.559375 0.352083 0.642188 0.352083 0.642188 0.491667 0.559375 0.491667
4 0.707812 0.410417 0.762500 0.410417 0.762500 0.475000 0.707812 0.475000
4 0.500000 0.487500 0.565625 0.487500 0.565625 0.562500 0.500000 0.562500
8 0.723438 0.441667 0.889062 0.441667 0.889062 0.616667 0.723438 0.616667
10 0.634375 0.491667 0.720313 0.491667 0.720313 0.650000 0.634375 0.650000
4 0.525000 0.606250 0.614063 0.606250 0.614063 0.727083 0.525000 0.727083
9 0.712500 0.547917 0.917187 0.547917 0.917187 0.933333 0.712500 0.933333
4 0.087500 0.845833 0.257812 0.845833 0.257812 1.000000 0.087500 1.000000