2 0.492188 0.293750 0.545313 0.293750 0.545313 0.372917 0.492188 0.372917
2 0.515625 0.320833 0.568750 0.320833 0.568750 0.414583 0.515625 0.414583
8 0.612500 0.331250 0.712500 0.331250 0.712500 0.443750 0.612500 0.443750
4 0.462500 0.370833 0.500000 0.370833 0.500000 0.414583 0.462500 0.414583
2 0.542188 0.354167 0.625000 0.354167 0.625000 0.500000 0.542188 0.500000
4 0.465625 0.404167 0.515625 0.404167 0.515625 0.466667 0.465625 0.466667
4 0.253125 0.412500 0.301563 0.412500 0.301563 0.464583 0.253125 0.464583
4 0.487500 0.433333 0.531250 0.433333 0.531250 0.470833 0.487500 0.470833
4 0.312500 0.450000 0.365625 0.450000 0.365625 0.512500 0.312500 0.512500
4 0.698438 0.458333 0.734375 0.458333 0.734375 0.522917 0.698438 0.522917
8 0.593750 0.385417 0.717188 0.385417 0.717188 0.614583 0.593750 0.614583
4 0.482813 0.462500 0.546875 0.462500 0.546875 0.550000 0.482813 0.550000
4 0.728125 0.489583 0.793750 0.489583 0.793750 0.562500 0.728125 0.562500
4 0.503125 0.512500 0.600000 0.512500 0.600000 0.633333 0.503125 0.633333
4 0.762500 0.529167 0.832812 0.529167 0.832812 0.627083 0.762500 0.627083
4 0.826562 0.568750 0.943750 0.568750 0.943750 0.720833 0.826562 0.720833
4 0.676562 0.593750 0.781250 0.593750 0.781250 0.743750 0.676562 0.743750
4 0.523438 0.633333 0.629687 0.633333 0.629687 0.783333 0.523438 0.783333
4 0.200000 0.660417 0.320312 0.660417 0.320312 0.825000 0.200000 0.825000
4 0.914062 0.695833 1.000000 0.695833 1.000000 0.835417 0.914062 0.835417
4 0.565625 0.843750 0.732812 0.843750 0.732812 1.000000 0.565625 1.000000