4 0.390625 0.291667 0.412500 0.291667 0.412500 0.316667 0.390625 0.316667
1 0.543750 0.277083 0.601562 0.277083 0.601562 0.343750 0.543750 0.343750
7 0.309375 0.287500 0.340625 0.287500 0.340625 0.337500 0.309375 0.337500
4 0.348437 0.297917 0.382812 0.297917 0.382812 0.339583 0.348437 0.339583
5 0.489063 0.306250 0.542188 0.306250 0.542188 0.372917 0.489063 0.372917
4 0.457812 0.327083 0.492188 0.327083 0.492188 0.358333 0.457812 0.358333
4 0.456250 0.350000 0.490625 0.350000 0.490625 0.387500 0.456250 0.387500
4 0.353125 0.354167 0.396875 0.354167 0.396875 0.408333 0.353125 0.408333
4 0.460938 0.360417 0.501563 0.360417 0.501563 0.416667 0.460938 0.416667
1 0.525000 0.312500 0.618750 0.312500 0.618750 0.475000 0.525000 0.475000
4 0.604688 0.387500 0.653125 0.387500 0.653125 0.458333 0.604688 0.458333
0 0.640625 0.343750 0.740625 0.343750 0.740625 0.512500 0.640625 0.512500
4 0.473437 0.416667 0.523438 0.416667 0.523438 0.485417 0.473437 0.485417
4 0.492188 0.489583 0.573438 0.489583 0.573438 0.597917 0.492188 0.597917
5 0.753125 0.475000 0.921875 0.475000 0.921875 0.679167 0.753125 0.679167
4 0.529687 0.625000 0.645313 0.625000 0.645313 0.781250 0.529687 0.781250
4 0.723438 0.668750 0.860938 0.668750 0.860938 0.833333 0.723438 0.833333
4 0.081250 0.814583 0.257812 0.814583 0.257812 1.000000 0.081250 1.000000