4 0.371875 0.347917 0.403125 0.347917 0.403125 0.372917 0.371875 0.372917
4 0.465625 0.343750 0.484375 0.343750 0.484375 0.381250 0.465625 0.381250
4 0.464062 0.375000 0.490625 0.375000 0.490625 0.400000 0.464062 0.400000
4 0.365625 0.381250 0.437500 0.381250 0.437500 0.445833 0.365625 0.445833
4 0.339063 0.383333 0.390625 0.383333 0.390625 0.445833 0.339063 0.445833
4 0.523438 0.402083 0.553125 0.402083 0.553125 0.441667 0.523438 0.441667
4 0.270313 0.431250 0.360937 0.431250 0.360937 0.502083 0.270313 0.502083
4 0.554688 0.458333 0.587500 0.458333 0.587500 0.491667 0.554688 0.491667
4 0.610938 0.493750 0.651562 0.493750 0.651562 0.543750 0.610938 0.543750
4 0.303125 0.510417 0.404687 0.510417 0.404687 0.610417 0.303125 0.610417
4 0.507812 0.522917 0.579687 0.522917 0.579687 0.622917 0.507812 0.622917
4 0.601562 0.543750 0.681250 0.543750 0.681250 0.629167 0.601562 0.629167
1 0.048438 0.545833 0.129688 0.545833 0.129688 0.677083 0.048438 0.677083
4 0.642188 0.762500 0.645313 0.762500 0.645313 0.764583 0.642188 0.764583
9 0.015625 0.689583 0.153125 0.689583 0.153125 0.893750 0.015625 0.893750
4 0.220312 0.750000 0.317188 0.750000 0.317188 0.881250 0.220312 0.881250
4 0.640625 0.841667 0.781250 0.841667 0.781250 0.987500 0.640625 0.987500
4 0.065625 0.862500 0.143750 0.862500 0.143750 0.991667 0.065625 0.991667
4 0.917188 0.908333 1.000000 0.908333 1.000000 1.000000 0.917188 1.000000