4 0.414062 0.331250 0.421875 0.331250 0.421875 0.352083 0.414062 0.352083
4 0.467188 0.341667 0.471875 0.341667 0.471875 0.358333 0.467188 0.358333
4 0.484375 0.337500 0.501563 0.337500 0.501563 0.368750 0.484375 0.368750
4 0.368750 0.331250 0.393750 0.331250 0.393750 0.383333 0.368750 0.383333
4 0.520312 0.345833 0.543750 0.345833 0.543750 0.385417 0.520312 0.385417
4 0.498437 0.362500 0.506250 0.362500 0.506250 0.381250 0.498437 0.381250
4 0.473438 0.360417 0.481250 0.360417 0.481250 0.387500 0.473438 0.387500
4 0.501562 0.377083 0.523438 0.377083 0.523438 0.400000 0.501562 0.400000
4 0.550000 0.375000 0.576562 0.375000 0.576562 0.422917 0.550000 0.422917
4 0.482813 0.395833 0.503125 0.395833 0.503125 0.422917 0.482813 0.422917
4 0.528125 0.395833 0.546875 0.395833 0.546875 0.429167 0.528125 0.429167
4 0.543750 0.420833 0.581250 0.420833 0.581250 0.477083 0.543750 0.477083
4 0.481250 0.425000 0.528125 0.425000 0.528125 0.489583 0.481250 0.489583
4 0.556250 0.441667 0.606250 0.441667 0.606250 0.518750 0.556250 0.518750
9 0.590625 0.437500 0.698438 0.437500 0.698438 0.606250 0.590625 0.606250
4 0.535938 0.572917 0.600000 0.572917 0.600000 0.708333 0.535938 0.708333
4 0.754687 0.720833 0.885938 0.720833 0.885938 0.933333 0.754687 0.933333