4 0.387500 0.318750 0.425000 0.318750 0.425000 0.358333 0.387500 0.358333
4 0.464062 0.354167 0.489063 0.354167 0.489063 0.383333 0.464062 0.383333
4 0.495312 0.358333 0.521875 0.358333 0.521875 0.385417 0.495312 0.385417
4 0.475000 0.381250 0.507812 0.381250 0.507812 0.418750 0.475000 0.418750
4 0.551562 0.383333 0.593750 0.383333 0.593750 0.439583 0.551562 0.439583
4 0.523438 0.395833 0.557813 0.395833 0.557813 0.445833 0.523438 0.445833
4 0.476562 0.412500 0.518750 0.412500 0.518750 0.456250 0.476562 0.456250
4 0.496875 0.460417 0.564063 0.460417 0.564063 0.527083 0.496875 0.527083
4 0.614062 0.514583 0.700000 0.514583 0.700000 0.625000 0.614062 0.625000
4 0.507812 0.531250 0.585938 0.531250 0.585938 0.629167 0.507812 0.629167
4 0.545312 0.675000 0.662500 0.675000 0.662500 0.870833 0.545312 0.870833