4 0.540625 0.381250 0.568750 0.381250 0.568750 0.406250 0.540625 0.406250
4 0.476562 0.389583 0.503125 0.389583 0.503125 0.412500 0.476562 0.412500
4 0.517188 0.393750 0.548438 0.393750 0.548438 0.422917 0.517188 0.422917
4 0.481250 0.414583 0.517188 0.414583 0.517188 0.470833 0.481250 0.470833
4 0.534375 0.414583 0.575000 0.414583 0.575000 0.470833 0.534375 0.470833
4 0.553125 0.447917 0.595313 0.447917 0.595313 0.500000 0.553125 0.500000
4 0.643750 0.456250 0.675000 0.456250 0.675000 0.514583 0.643750 0.514583
9 0.587500 0.437500 0.662500 0.437500 0.662500 0.577083 0.587500 0.577083
4 0.510938 0.575000 0.606250 0.575000 0.606250 0.691667 0.510938 0.691667
4 0.696875 0.643750 0.815625 0.643750 0.815625 0.816667 0.696875 0.816667
4 0.934375 0.760417 1.000000 0.760417 1.000000 0.935417 0.934375 0.935417