4 0.407812 0.327083 0.425000 0.327083 0.425000 0.347917 0.407812 0.347917
4 0.365625 0.333333 0.404687 0.333333 0.404687 0.377083 0.365625 0.377083
4 0.492188 0.352083 0.521875 0.352083 0.521875 0.381250 0.492188 0.381250
4 0.515625 0.352083 0.546875 0.352083 0.546875 0.389583 0.515625 0.389583
4 0.464062 0.362500 0.487500 0.362500 0.487500 0.389583 0.464062 0.389583
10 0.550000 0.370833 0.589063 0.370833 0.589063 0.422917 0.550000 0.422917
4 0.476562 0.393750 0.509375 0.393750 0.509375 0.439583 0.476562 0.439583
4 0.517188 0.397917 0.559375 0.397917 0.559375 0.439583 0.517188 0.439583
4 0.542187 0.425000 0.587500 0.425000 0.587500 0.485417 0.542187 0.485417
4 0.479688 0.441667 0.531250 0.441667 0.531250 0.500000 0.479688 0.500000
4 0.560937 0.468750 0.607812 0.468750 0.607812 0.537500 0.560937 0.537500
4 0.692187 0.479167 0.721875 0.479167 0.721875 0.562500 0.692187 0.562500
9 0.607812 0.456250 0.698437 0.456250 0.698437 0.647917 0.607812 0.647917
4 0.529687 0.606250 0.621875 0.606250 0.621875 0.777083 0.529687 0.777083
4 0.748438 0.747917 0.976562 0.747917 0.976562 1.000000 0.748438 1.000000