4 0.371875 0.347917 0.403125 0.347917 0.403125 0.372917 0.371875 0.372917
4 0.465625 0.343750 0.484375 0.343750 0.484375 0.381250 0.465625 0.381250
4 0.464062 0.375000 0.490625 0.375000 0.490625 0.400000 0.464062 0.400000
4 0.365625 0.381250 0.437500 0.381250 0.437500 0.445833 0.365625 0.445833
4 0.339063 0.383333 0.390625 0.383333 0.390625 0.445833 0.339063 0.445833
4 0.523438 0.402083 0.553125 0.402083 0.553125 0.441667 0.523438 0.441667
4 0.270313 0.431250 0.360937 0.431250 0.360937 0.502083 0.270313 0.502083
4 0.554688 0.458333 0.587500 0.458333 0.587500 0.491667 0.554688 0.491667
4 0.610938 0.493750 0.651562 0.493750 0.651562 0.543750 0.610938 0.543750
4 0.317188 0.485417 0.418750 0.485417 0.418750 0.585417 0.317188 0.585417
8 0.048438 0.545833 0.129688 0.545833 0.129688 0.677083 0.048438 0.677083
4 0.523438 0.562500 0.595312 0.562500 0.595312 0.662500 0.523438 0.662500
4 0.639063 0.579167 0.718750 0.579167 0.718750 0.664583 0.639063 0.664583
9 0.115625 0.575000 0.253125 0.575000 0.253125 0.779167 0.115625 0.779167
4 0.246875 0.675000 0.343750 0.675000 0.343750 0.806250 0.246875 0.806250
4 0.642188 0.762500 0.645313 0.762500 0.645313 0.764583 0.642188 0.764583
4 0.640625 0.841667 0.781250 0.841667 0.781250 0.987500 0.640625 0.987500
4 0.065625 0.862500 0.143750 0.862500 0.143750 0.991667 0.065625 0.991667
4 0.917188 0.908333 1.000000 0.908333 1.000000 1.000000 0.917188 1.000000