4 0.396875 0.377083 0.429688 0.377083 0.429688 0.418750 0.396875 0.418750
4 0.484375 0.385417 0.510938 0.385417 0.510938 0.420833 0.484375 0.420833
4 0.471875 0.404167 0.514062 0.404167 0.514062 0.468750 0.471875 0.468750
4 0.331250 0.418750 0.357813 0.418750 0.357813 0.458333 0.331250 0.458333
4 0.368750 0.464583 0.404687 0.464583 0.404687 0.506250 0.368750 0.506250
4 0.559375 0.443750 0.609375 0.443750 0.609375 0.535417 0.559375 0.535417
8 0.128125 0.493750 0.189062 0.493750 0.189062 0.608333 0.128125 0.608333
9 0.179688 0.514583 0.289062 0.514583 0.289062 0.660417 0.179688 0.660417
4 0.320312 0.556250 0.381250 0.556250 0.381250 0.639583 0.320312 0.639583
4 0.707813 0.593750 0.814063 0.593750 0.814063 0.689583 0.707813 0.689583
4 0.687500 0.660417 0.826563 0.660417 0.826563 0.845833 0.687500 0.845833
4 0.554688 0.697917 0.670313 0.697917 0.670313 0.887500 0.554688 0.887500