4 0.495312 0.335417 0.525000 0.335417 0.525000 0.375000 0.495312 0.375000
4 0.371875 0.347917 0.403125 0.347917 0.403125 0.372917 0.371875 0.372917
4 0.465625 0.343750 0.484375 0.343750 0.484375 0.381250 0.465625 0.381250
4 0.464062 0.375000 0.490625 0.375000 0.490625 0.400000 0.464062 0.400000
4 0.365625 0.381250 0.437500 0.381250 0.437500 0.445833 0.365625 0.445833
4 0.339063 0.383333 0.390625 0.383333 0.390625 0.445833 0.339063 0.445833
4 0.284375 0.410417 0.375000 0.410417 0.375000 0.481250 0.284375 0.481250
4 0.554688 0.458333 0.587500 0.458333 0.587500 0.491667 0.554688 0.491667
4 0.320312 0.462500 0.421875 0.462500 0.421875 0.562500 0.320312 0.562500
8 0.089063 0.502083 0.170313 0.502083 0.170313 0.633333 0.089063 0.633333
4 0.659375 0.564583 0.768750 0.564583 0.768750 0.627083 0.659375 0.627083
9 0.140625 0.539583 0.278125 0.539583 0.278125 0.743750 0.140625 0.743750
4 0.271875 0.587500 0.368750 0.587500 0.368750 0.718750 0.271875 0.718750
4 0.679688 0.660417 0.759375 0.660417 0.759375 0.745833 0.679688 0.745833
4 0.562500 0.670833 0.634375 0.670833 0.634375 0.770833 0.562500 0.770833
4 0.642188 0.762500 0.645313 0.762500 0.645313 0.764583 0.642188 0.764583
4 0.640625 0.841667 0.781250 0.841667 0.781250 0.987500 0.640625 0.987500
4 0.065625 0.862500 0.143750 0.862500 0.143750 0.991667 0.065625 0.991667
4 0.917188 0.908333 1.000000 0.908333 1.000000 1.000000 0.917188 1.000000