4 0.371875 0.320833 0.404688 0.320833 0.404688 0.364583 0.371875 0.364583
4 0.510938 0.372917 0.543750 0.372917 0.543750 0.412500 0.510938 0.412500
4 0.473438 0.387500 0.504687 0.387500 0.504687 0.420833 0.473438 0.420833
4 0.556250 0.387500 0.595313 0.387500 0.595313 0.435417 0.556250 0.435417
4 0.521875 0.397917 0.560937 0.397917 0.560937 0.443750 0.521875 0.443750
10 0.615625 0.416667 0.682812 0.416667 0.682812 0.516667 0.615625 0.516667
4 0.559375 0.447917 0.596875 0.447917 0.596875 0.502083 0.559375 0.502083
4 0.495312 0.445833 0.540625 0.445833 0.540625 0.512500 0.495312 0.512500
4 0.607812 0.497917 0.700000 0.497917 0.700000 0.647917 0.607812 0.647917
4 0.529687 0.568750 0.606250 0.568750 0.606250 0.710417 0.529687 0.710417
4 0.667187 0.614583 0.759375 0.614583 0.759375 0.760417 0.667187 0.760417