4 0.373438 0.327083 0.401562 0.327083 0.401562 0.366667 0.373438 0.366667
4 0.551562 0.383333 0.593750 0.383333 0.593750 0.435417 0.551562 0.435417
4 0.520313 0.397917 0.553125 0.397917 0.553125 0.437500 0.520313 0.437500
4 0.468750 0.404167 0.503125 0.404167 0.503125 0.437500 0.468750 0.437500
10 0.606250 0.420833 0.671875 0.420833 0.671875 0.512500 0.606250 0.512500
4 0.493750 0.437500 0.534375 0.437500 0.534375 0.504167 0.493750 0.504167
4 0.556250 0.452083 0.595313 0.452083 0.595313 0.514583 0.556250 0.514583
4 0.598437 0.508333 0.675000 0.508333 0.675000 0.622917 0.598437 0.622917
4 0.509375 0.543750 0.598438 0.543750 0.598438 0.685417 0.509375 0.685417
4 0.642187 0.577083 0.742188 0.577083 0.742188 0.729167 0.642187 0.729167
9 0.784375 0.656250 1.000000 0.656250 1.000000 1.000000 0.784375 1.000000