4 0.470312 0.364583 0.489063 0.364583 0.489063 0.400000 0.470312 0.400000
4 0.409375 0.364583 0.429688 0.364583 0.429688 0.414583 0.409375 0.414583
4 0.484375 0.391667 0.510938 0.391667 0.510938 0.420833 0.484375 0.420833
4 0.331250 0.393750 0.365625 0.393750 0.365625 0.435417 0.331250 0.435417
4 0.476562 0.418750 0.521875 0.418750 0.521875 0.475000 0.476562 0.475000
4 0.375000 0.435417 0.412500 0.435417 0.412500 0.483333 0.375000 0.483333
4 0.560937 0.466667 0.643750 0.466667 0.643750 0.547917 0.560937 0.547917
8 0.159375 0.477083 0.228125 0.477083 0.228125 0.564583 0.159375 0.564583
9 0.243750 0.470833 0.315625 0.470833 0.315625 0.602083 0.243750 0.602083
4 0.342188 0.508333 0.395313 0.508333 0.395313 0.581250 0.342188 0.581250
4 0.784375 0.670833 0.921875 0.670833 0.921875 0.797917 0.784375 0.797917
4 0.784375 0.806250 0.953125 0.806250 0.953125 0.977083 0.784375 0.977083
4 0.582813 0.837500 0.725000 0.837500 0.725000 0.979167 0.582813 0.979167