4 0.487500 0.358333 0.512500 0.358333 0.512500 0.375000 0.487500 0.375000
4 0.360938 0.364583 0.382812 0.364583 0.382812 0.402083 0.360938 0.402083
4 0.514062 0.383333 0.540625 0.383333 0.540625 0.414583 0.514062 0.414583
1 0.478125 0.385417 0.492188 0.385417 0.492188 0.427083 0.478125 0.427083
4 0.401562 0.389583 0.423437 0.389583 0.423437 0.441667 0.401562 0.441667
9 0.318750 0.400000 0.359375 0.400000 0.359375 0.483333 0.318750 0.483333
4 0.501563 0.418750 0.532813 0.418750 0.532813 0.470833 0.501563 0.470833
4 0.382812 0.429167 0.407813 0.429167 0.407813 0.468750 0.382812 0.468750
8 0.246875 0.402083 0.290625 0.402083 0.290625 0.514583 0.246875 0.514583
4 0.504687 0.489583 0.567187 0.489583 0.567187 0.581250 0.504687 0.581250
4 0.306250 0.552083 0.371875 0.552083 0.371875 0.689583 0.306250 0.689583
4 0.668750 0.614583 0.781250 0.614583 0.781250 0.791667 0.668750 0.791667