4 0.371875 0.347917 0.403125 0.347917 0.403125 0.372917 0.371875 0.372917
4 0.465625 0.343750 0.484375 0.343750 0.484375 0.381250 0.465625 0.381250
4 0.464062 0.375000 0.490625 0.375000 0.490625 0.400000 0.464062 0.400000
4 0.523438 0.402083 0.553125 0.402083 0.553125 0.441667 0.523438 0.441667
4 0.339063 0.395833 0.390625 0.395833 0.390625 0.458333 0.339063 0.458333
4 0.362500 0.422917 0.434375 0.422917 0.434375 0.487500 0.362500 0.487500
4 0.554688 0.458333 0.587500 0.458333 0.587500 0.491667 0.554688 0.491667
4 0.256250 0.458333 0.346875 0.458333 0.346875 0.529167 0.256250 0.529167
4 0.507812 0.522917 0.556250 0.522917 0.556250 0.568750 0.507812 0.568750
4 0.592187 0.522917 0.628125 0.522917 0.628125 0.568750 0.592187 0.568750
4 0.287500 0.585417 0.389062 0.585417 0.389062 0.685417 0.287500 0.685417
8 0.000000 0.627083 0.095312 0.627083 0.095312 0.795833 0.000000 0.795833
4 0.642188 0.762500 0.645313 0.762500 0.645313 0.764583 0.642188 0.764583
4 0.640625 0.777083 0.687500 0.777083 0.687500 0.841667 0.640625 0.841667
4 0.917188 0.908333 1.000000 0.908333 1.000000 1.000000 0.917188 1.000000