4 0.371875 0.329167 0.400000 0.329167 0.400000 0.366667 0.371875 0.366667
4 0.490625 0.343750 0.512500 0.343750 0.512500 0.381250 0.490625 0.381250
4 0.467187 0.362500 0.490625 0.362500 0.490625 0.391667 0.467187 0.391667
10 0.509375 0.364583 0.534375 0.364583 0.534375 0.404167 0.509375 0.404167
4 0.475000 0.385417 0.498437 0.385417 0.498437 0.412500 0.475000 0.412500
4 0.551562 0.387500 0.582812 0.387500 0.582812 0.427083 0.551562 0.427083
4 0.520313 0.400000 0.548438 0.400000 0.548438 0.433333 0.520313 0.433333
4 0.471875 0.406250 0.503125 0.406250 0.503125 0.435417 0.471875 0.435417
10 0.600000 0.402083 0.662500 0.402083 0.662500 0.495833 0.600000 0.495833
4 0.490625 0.431250 0.531250 0.431250 0.531250 0.487500 0.490625 0.487500
4 0.543750 0.433333 0.590625 0.433333 0.590625 0.487500 0.543750 0.487500
4 0.590625 0.487500 0.664062 0.487500 0.664062 0.608333 0.590625 0.608333
4 0.512500 0.541667 0.582812 0.541667 0.582812 0.643750 0.512500 0.643750
4 0.637500 0.568750 0.723437 0.568750 0.723437 0.695833 0.637500 0.695833
9 0.765625 0.629167 1.000000 0.629167 1.000000 0.987500 0.765625 0.987500