10 0.315625 0.358333 0.357813 0.358333 0.357813 0.422917 0.315625 0.422917
4 0.401562 0.377083 0.428125 0.377083 0.428125 0.406250 0.401562 0.406250
4 0.510938 0.372917 0.543750 0.372917 0.543750 0.433333 0.510938 0.433333
4 0.473438 0.400000 0.506250 0.400000 0.506250 0.439583 0.473438 0.439583
11 0.534375 0.381250 0.598437 0.381250 0.598437 0.514583 0.534375 0.514583
4 0.596875 0.425000 0.648438 0.425000 0.648438 0.487500 0.596875 0.487500
4 0.356250 0.452083 0.398438 0.452083 0.398438 0.510417 0.356250 0.510417
4 0.490625 0.468750 0.542187 0.468750 0.542187 0.541667 0.490625 0.541667
4 0.176563 0.633333 0.279687 0.633333 0.279687 0.741667 0.176563 0.741667
4 0.754687 0.670833 0.885938 0.670833 0.885938 0.827083 0.754687 0.827083
4 0.553125 0.793750 0.682812 0.793750 0.682812 0.972917 0.553125 0.972917