10 0.307812 0.364583 0.354687 0.364583 0.354687 0.420833 0.307812 0.420833
4 0.509375 0.377083 0.539062 0.377083 0.539062 0.416667 0.509375 0.416667
4 0.401562 0.383333 0.428125 0.383333 0.428125 0.412500 0.401562 0.412500
4 0.468750 0.391667 0.501563 0.391667 0.501563 0.431250 0.468750 0.431250
11 0.528125 0.393750 0.592187 0.393750 0.592187 0.487500 0.528125 0.487500
4 0.585938 0.416667 0.629687 0.416667 0.629687 0.470833 0.585938 0.470833
4 0.484375 0.450000 0.529688 0.450000 0.529688 0.506250 0.484375 0.506250
4 0.335938 0.487500 0.385938 0.487500 0.385938 0.545833 0.335938 0.545833
4 0.675000 0.579167 0.775000 0.579167 0.775000 0.712500 0.675000 0.712500
4 0.534375 0.679167 0.637500 0.679167 0.637500 0.825000 0.534375 0.825000
4 0.000000 0.831250 0.178125 0.831250 0.178125 1.000000 0.000000 1.000000