9 0.285938 0.383333 0.340625 0.383333 0.340625 0.452083 0.285938 0.452083
9 0.234375 0.406250 0.290625 0.406250 0.290625 0.472917 0.234375 0.472917
4 0.378125 0.425000 0.420313 0.425000 0.420313 0.477083 0.378125 0.477083
4 0.328125 0.431250 0.359375 0.431250 0.359375 0.479167 0.328125 0.479167
4 0.359375 0.445833 0.410937 0.445833 0.410937 0.504167 0.359375 0.504167
9 0.192187 0.447917 0.312500 0.447917 0.312500 0.614583 0.192187 0.614583
4 0.346875 0.510417 0.407812 0.510417 0.407812 0.583333 0.346875 0.583333
4 0.315625 0.560417 0.389063 0.560417 0.389063 0.647917 0.315625 0.647917
4 0.287500 0.593750 0.376563 0.593750 0.376563 0.725000 0.287500 0.725000
8 0.040625 0.502083 0.260937 0.502083 0.260937 0.818750 0.040625 0.818750
4 0.529687 0.612500 0.629688 0.612500 0.629688 0.752083 0.529687 0.752083
4 0.243750 0.677083 0.350000 0.677083 0.350000 0.845833 0.243750 0.845833
4 0.192187 0.810417 0.328125 0.810417 0.328125 1.000000 0.192187 1.000000