7 0.298437 0.397917 0.332813 0.397917 0.332813 0.439583 0.298437 0.439583
4 0.345313 0.406250 0.375000 0.406250 0.375000 0.441667 0.345313 0.441667
6 0.392188 0.416667 0.421875 0.416667 0.421875 0.456250 0.392188 0.456250
4 0.323438 0.435417 0.351562 0.435417 0.351562 0.462500 0.323438 0.462500
4 0.321875 0.454167 0.353125 0.454167 0.353125 0.493750 0.321875 0.493750
4 0.379688 0.450000 0.415625 0.450000 0.415625 0.497917 0.379688 0.497917
9 0.196875 0.445833 0.260937 0.445833 0.260937 0.533333 0.196875 0.533333
9 0.250000 0.475000 0.317187 0.475000 0.317187 0.568750 0.250000 0.568750
4 0.357812 0.500000 0.407813 0.500000 0.407813 0.556250 0.357812 0.556250
7 0.129688 0.487500 0.207813 0.487500 0.207813 0.583333 0.129688 0.583333
9 0.745313 0.502083 0.890625 0.502083 0.890625 0.720833 0.745313 0.720833
9 0.017187 0.541667 0.134375 0.541667 0.134375 0.716667 0.017187 0.716667
7 0.110937 0.575000 0.239062 0.575000 0.239062 0.750000 0.110937 0.750000
4 0.270313 0.700000 0.364063 0.700000 0.364063 0.827083 0.270313 0.827083