4 0.464062 0.385417 0.517188 0.385417 0.517188 0.443750 0.464062 0.443750
4 0.393750 0.400000 0.418750 0.400000 0.418750 0.441667 0.393750 0.441667
8 0.275000 0.389583 0.325000 0.389583 0.325000 0.462500 0.275000 0.462500
4 0.342187 0.416667 0.376563 0.416667 0.376563 0.450000 0.342187 0.450000
9 0.201563 0.402083 0.268750 0.402083 0.268750 0.479167 0.201563 0.479167
4 0.320312 0.445833 0.359375 0.445833 0.359375 0.502083 0.320312 0.502083
4 0.498438 0.441667 0.543750 0.441667 0.543750 0.525000 0.498438 0.525000
4 0.354687 0.460417 0.415625 0.460417 0.415625 0.533333 0.354687 0.533333
9 0.075000 0.456250 0.207813 0.456250 0.207813 0.543750 0.075000 0.543750
9 0.181250 0.447917 0.321875 0.447917 0.321875 0.631250 0.181250 0.631250
4 0.346875 0.514583 0.410938 0.514583 0.410938 0.587500 0.346875 0.587500
4 0.304688 0.568750 0.385938 0.568750 0.385938 0.631250 0.304688 0.631250
8 0.000000 0.495833 0.262500 0.495833 0.262500 0.850000 0.000000 0.850000
4 0.287500 0.608333 0.396875 0.608333 0.396875 0.750000 0.287500 0.750000
7 0.842188 0.564583 1.000000 0.564583 1.000000 0.920833 0.842188 0.920833
9 0.689063 0.577083 0.871875 0.577083 0.871875 0.914583 0.689063 0.914583
4 0.234375 0.677083 0.356250 0.677083 0.356250 0.820833 0.234375 0.820833
4 0.195313 0.814583 0.339063 0.814583 0.339063 1.000000 0.195313 1.000000