4 0.303125 0.383333 0.323437 0.383333 0.323437 0.416667 0.303125 0.416667
4 0.479687 0.387500 0.504687 0.387500 0.504687 0.416667 0.479687 0.416667
4 0.384375 0.404167 0.415625 0.404167 0.415625 0.433333 0.384375 0.433333
9 0.328125 0.393750 0.373437 0.393750 0.373437 0.454167 0.328125 0.454167
8 0.245312 0.395833 0.315625 0.395833 0.315625 0.481250 0.245312 0.481250
4 0.381250 0.429167 0.417187 0.429167 0.417187 0.472917 0.381250 0.472917
4 0.484375 0.427083 0.517187 0.427083 0.517187 0.483333 0.484375 0.483333
4 0.375000 0.447917 0.409375 0.447917 0.409375 0.495833 0.375000 0.495833
8 0.179688 0.422917 0.284375 0.422917 0.284375 0.522917 0.179688 0.522917
4 0.314063 0.450000 0.353125 0.450000 0.353125 0.500000 0.314063 0.500000
4 0.287500 0.479167 0.329688 0.479167 0.329688 0.527083 0.287500 0.527083
4 0.351562 0.477083 0.398438 0.477083 0.398438 0.531250 0.351562 0.531250
4 0.256250 0.514583 0.306250 0.514583 0.306250 0.593750 0.256250 0.593750
4 0.350000 0.522917 0.395313 0.522917 0.395313 0.585417 0.350000 0.585417
4 0.317188 0.568750 0.379688 0.568750 0.379688 0.645833 0.317188 0.645833
9 0.079688 0.504167 0.268750 0.504167 0.268750 0.752083 0.079688 0.752083
4 0.278125 0.616667 0.365625 0.616667 0.365625 0.737500 0.278125 0.737500
9 0.000000 0.572917 0.084375 0.572917 0.084375 0.831250 0.000000 0.831250
4 0.221875 0.727083 0.339062 0.727083 0.339062 0.875000 0.221875 0.875000