7 0.564063 0.400000 0.604687 0.400000 0.604687 0.445833 0.564063 0.445833
4 0.396875 0.402083 0.435937 0.402083 0.435937 0.452083 0.396875 0.452083
4 0.529687 0.406250 0.565625 0.406250 0.565625 0.447917 0.529687 0.447917
4 0.476562 0.410417 0.518750 0.410417 0.518750 0.454167 0.476562 0.454167
7 0.320312 0.402083 0.367188 0.402083 0.367188 0.479167 0.320312 0.479167
9 0.223437 0.393750 0.306250 0.393750 0.306250 0.500000 0.223437 0.500000
4 0.534375 0.429167 0.571875 0.429167 0.571875 0.475000 0.534375 0.475000
7 0.290625 0.433333 0.348438 0.433333 0.348438 0.520833 0.290625 0.520833
4 0.356250 0.452083 0.421875 0.452083 0.421875 0.502083 0.356250 0.502083
4 0.573438 0.464583 0.643750 0.464583 0.643750 0.545833 0.573438 0.545833
9 0.126562 0.437500 0.243750 0.437500 0.243750 0.593750 0.126562 0.593750
4 0.353125 0.500000 0.409375 0.500000 0.409375 0.564583 0.353125 0.564583
4 0.501563 0.487500 0.567188 0.487500 0.567188 0.585417 0.501563 0.585417
4 0.095312 0.512500 0.146875 0.512500 0.146875 0.583333 0.095312 0.583333
4 0.693750 0.516667 0.792187 0.516667 0.792187 0.639583 0.693750 0.639583
4 0.090625 0.570833 0.173437 0.570833 0.173437 0.670833 0.090625 0.670833
4 0.298438 0.570833 0.376563 0.570833 0.376563 0.683333 0.298438 0.683333
4 0.639063 0.579167 0.734375 0.579167 0.734375 0.716667 0.639063 0.716667
9 0.090625 0.558333 0.278125 0.558333 0.278125 0.802083 0.090625 0.802083
4 0.000000 0.652083 0.050000 0.652083 0.050000 0.791667 0.000000 0.791667
4 0.000000 0.818750 0.106250 0.818750 0.106250 0.983333 0.000000 0.983333
4 0.600000 0.812500 0.764062 0.812500 0.764062 1.000000 0.600000 1.000000
4 0.178125 0.870833 0.359375 0.870833 0.359375 1.000000 0.178125 1.000000