7 0.309375 0.404167 0.365625 0.404167 0.365625 0.466667 0.309375 0.466667
0 0.479688 0.389583 0.539062 0.389583 0.539062 0.481250 0.479688 0.481250
4 0.368750 0.450000 0.407813 0.450000 0.407813 0.493750 0.368750 0.493750
7 0.221875 0.439583 0.275000 0.439583 0.275000 0.527083 0.221875 0.527083
0 0.260937 0.425000 0.339062 0.425000 0.339062 0.550000 0.260937 0.550000
4 0.362500 0.481250 0.404688 0.481250 0.404688 0.522917 0.362500 0.522917
4 0.500000 0.472917 0.546875 0.472917 0.546875 0.545833 0.500000 0.545833
7 0.145313 0.483333 0.231250 0.483333 0.231250 0.562500 0.145313 0.562500
4 0.345312 0.514583 0.395313 0.514583 0.395313 0.575000 0.345312 0.575000
8 0.676563 0.462500 0.818750 0.462500 0.818750 0.635417 0.676563 0.635417
4 0.317188 0.568750 0.381250 0.568750 0.381250 0.633333 0.317188 0.633333
9 0.001563 0.547917 0.128125 0.547917 0.128125 0.716667 0.001563 0.716667
8 0.078125 0.533333 0.273438 0.533333 0.273438 0.779167 0.078125 0.779167
4 0.289062 0.600000 0.375000 0.600000 0.375000 0.712500 0.289062 0.712500
4 0.551562 0.664583 0.651563 0.664583 0.651563 0.833333 0.551562 0.833333
0 0.775000 0.625000 1.000000 0.625000 1.000000 1.000000 0.775000 1.000000
6 0.231250 0.741667 0.348438 0.741667 0.348438 0.922917 0.231250 0.922917