7 0.270313 0.395833 0.321875 0.395833 0.321875 0.468750 0.270313 0.468750
0 0.310937 0.387500 0.373437 0.387500 0.373437 0.479167 0.310937 0.479167
9 0.234375 0.429167 0.282813 0.429167 0.282813 0.472917 0.234375 0.472917
4 0.482812 0.435417 0.525000 0.435417 0.525000 0.485417 0.482812 0.485417
4 0.368750 0.450000 0.407813 0.450000 0.407813 0.493750 0.368750 0.493750
8 0.245312 0.433333 0.337500 0.433333 0.337500 0.566667 0.245312 0.566667
9 0.173438 0.447917 0.245312 0.447917 0.245312 0.556250 0.173438 0.556250
4 0.362500 0.481250 0.404688 0.481250 0.404688 0.522917 0.362500 0.522917
4 0.579688 0.470833 0.631250 0.470833 0.631250 0.547917 0.579688 0.547917
4 0.348437 0.510417 0.398438 0.510417 0.398438 0.570833 0.348437 0.570833
4 0.506250 0.518750 0.564063 0.518750 0.564063 0.597917 0.506250 0.597917
4 0.320312 0.554167 0.384375 0.554167 0.384375 0.618750 0.320312 0.618750
9 0.153125 0.547917 0.270313 0.547917 0.270313 0.708333 0.153125 0.708333
4 0.293750 0.597917 0.368750 0.597917 0.368750 0.697917 0.293750 0.697917
8 0.000000 0.500000 0.139063 0.500000 0.139063 0.825000 0.000000 0.825000
6 0.282813 0.660417 0.376563 0.660417 0.376563 0.791667 0.282813 0.791667
4 0.235938 0.764583 0.351562 0.764583 0.351562 0.931250 0.235938 0.931250