7 0.264063 0.400000 0.315625 0.400000 0.315625 0.472917 0.264063 0.472917
0 0.303125 0.395833 0.365625 0.395833 0.365625 0.493750 0.303125 0.493750
4 0.551562 0.431250 0.593750 0.431250 0.593750 0.497917 0.551562 0.497917
9 0.221875 0.435417 0.281250 0.435417 0.281250 0.497917 0.221875 0.497917
4 0.368750 0.450000 0.407813 0.450000 0.407813 0.493750 0.368750 0.493750
4 0.496875 0.445833 0.528125 0.445833 0.528125 0.500000 0.496875 0.500000
4 0.362500 0.481250 0.404688 0.481250 0.404688 0.522917 0.362500 0.522917
9 0.154688 0.464583 0.237500 0.464583 0.237500 0.570833 0.154688 0.570833
1 0.226562 0.452083 0.325000 0.452083 0.325000 0.587500 0.226562 0.587500
4 0.348437 0.510417 0.398438 0.510417 0.398438 0.570833 0.348437 0.570833
4 0.320312 0.554167 0.384375 0.554167 0.384375 0.618750 0.320312 0.618750
7 0.753125 0.547917 0.867188 0.547917 0.867188 0.695833 0.753125 0.695833
4 0.293750 0.597917 0.368750 0.597917 0.368750 0.697917 0.293750 0.697917
9 0.098438 0.568750 0.250000 0.568750 0.250000 0.768750 0.098438 0.768750
8 0.000000 0.527083 0.103125 0.527083 0.103125 0.854167 0.000000 0.854167
6 0.276562 0.660417 0.370312 0.660417 0.370312 0.791667 0.276562 0.791667
11 0.689063 0.560417 0.985938 0.560417 0.985938 1.000000 0.689063 1.000000
4 0.562500 0.706250 0.689062 0.706250 0.689062 0.916667 0.562500 0.916667
4 0.223437 0.789583 0.345312 0.789583 0.345312 0.956250 0.223437 0.956250