4 0.470313 0.370833 0.492188 0.370833 0.492188 0.404167 0.470313 0.404167
4 0.375000 0.372917 0.395312 0.372917 0.395312 0.410417 0.375000 0.410417
4 0.393750 0.393750 0.423437 0.393750 0.423437 0.427083 0.393750 0.427083
4 0.478125 0.387500 0.506250 0.387500 0.506250 0.433333 0.478125 0.433333
9 0.331250 0.368750 0.381250 0.368750 0.381250 0.454167 0.331250 0.454167
4 0.393750 0.408333 0.425000 0.408333 0.425000 0.445833 0.393750 0.445833
8 0.581250 0.389583 0.640625 0.389583 0.640625 0.475000 0.581250 0.475000
4 0.382812 0.420833 0.415625 0.420833 0.415625 0.462500 0.382812 0.462500
8 0.268750 0.395833 0.353125 0.395833 0.353125 0.537500 0.268750 0.537500
4 0.500000 0.443750 0.550000 0.443750 0.550000 0.508333 0.500000 0.508333
4 0.362500 0.460417 0.414062 0.460417 0.414062 0.522917 0.362500 0.522917
7 0.143750 0.458333 0.248438 0.458333 0.248438 0.579167 0.143750 0.579167
4 0.334375 0.491667 0.403125 0.491667 0.403125 0.577083 0.334375 0.577083
9 0.171875 0.487500 0.287500 0.487500 0.287500 0.654167 0.171875 0.654167
7 0.031250 0.516667 0.160938 0.516667 0.160938 0.704167 0.031250 0.704167
4 0.289062 0.593750 0.370313 0.593750 0.370313 0.729167 0.289062 0.729167
7 0.662500 0.595833 0.767188 0.595833 0.767188 0.760417 0.662500 0.760417
1 0.953125 0.641667 1.000000 0.641667 1.000000 0.947917 0.953125 0.947917
0 0.000000 0.760417 0.096875 0.760417 0.096875 1.000000 0.000000 1.000000
4 0.215625 0.789583 0.357813 0.789583 0.357813 0.977083 0.215625 0.977083
4 0.656250 0.937500 0.800000 0.937500 0.800000 0.995833 0.656250 0.995833