4 0.385937 0.406250 0.418750 0.406250 0.418750 0.450000 0.385937 0.450000
8 0.310937 0.393750 0.367188 0.393750 0.367188 0.475000 0.310937 0.475000
9 0.250000 0.406250 0.298438 0.406250 0.298438 0.481250 0.250000 0.481250
4 0.367188 0.466667 0.409375 0.466667 0.409375 0.516667 0.367188 0.516667
9 0.273438 0.447917 0.337500 0.447917 0.337500 0.539583 0.273438 0.539583
8 0.125000 0.427083 0.253125 0.427083 0.253125 0.581250 0.125000 0.581250
4 0.353125 0.491667 0.403125 0.491667 0.403125 0.552083 0.353125 0.552083
4 0.320312 0.554167 0.378125 0.554167 0.378125 0.620833 0.320312 0.620833
11 0.000000 0.525000 0.156250 0.525000 0.156250 0.743750 0.000000 0.743750
4 0.293750 0.595833 0.368750 0.595833 0.368750 0.695833 0.293750 0.695833
6 0.281250 0.654167 0.367188 0.654167 0.367188 0.781250 0.281250 0.781250
4 0.560937 0.656250 0.654687 0.656250 0.654687 0.806250 0.560937 0.806250
4 0.237500 0.762500 0.350000 0.762500 0.350000 0.912500 0.237500 0.912500