4 0.309375 0.393750 0.343750 0.393750 0.343750 0.437500 0.309375 0.437500
4 0.348438 0.406250 0.379688 0.406250 0.379688 0.443750 0.348438 0.443750
4 0.393750 0.412500 0.423437 0.412500 0.423437 0.447917 0.393750 0.447917
4 0.481250 0.410417 0.515625 0.410417 0.515625 0.454167 0.481250 0.454167
4 0.579688 0.425000 0.618750 0.425000 0.618750 0.468750 0.579688 0.468750
4 0.260937 0.429167 0.298437 0.429167 0.298437 0.468750 0.260937 0.468750
4 0.323437 0.443750 0.356250 0.443750 0.356250 0.485417 0.323437 0.485417
4 0.373438 0.460417 0.410938 0.460417 0.410938 0.502083 0.373438 0.502083
4 0.298437 0.464583 0.340625 0.464583 0.340625 0.520833 0.298437 0.520833
4 0.504687 0.477083 0.551562 0.477083 0.551562 0.547917 0.504687 0.547917
9 0.121875 0.445833 0.243750 0.445833 0.243750 0.608333 0.121875 0.608333
4 0.356250 0.497917 0.398438 0.497917 0.398438 0.556250 0.356250 0.556250
7 0.228125 0.472917 0.312500 0.472917 0.312500 0.593750 0.228125 0.593750
4 0.595313 0.502083 0.651562 0.502083 0.651562 0.572917 0.595313 0.572917
4 0.362500 0.525000 0.417187 0.525000 0.417187 0.606250 0.362500 0.606250
7 0.696875 0.522917 0.839062 0.522917 0.839062 0.745833 0.696875 0.745833
7 0.137500 0.566667 0.253125 0.566667 0.253125 0.720833 0.137500 0.720833
4 0.278125 0.606250 0.365625 0.606250 0.365625 0.708333 0.278125 0.708333
9 0.000000 0.558333 0.100000 0.558333 0.100000 0.775000 0.000000 0.775000
4 0.242187 0.750000 0.340625 0.750000 0.340625 0.870833 0.242187 0.870833
9 0.001562 0.658333 0.185938 0.658333 0.185938 0.995833 0.001562 0.995833
4 0.759375 0.793750 0.898438 0.793750 0.898438 1.000000 0.759375 1.000000
4 0.159375 0.883333 0.301563 0.883333 0.301563 1.000000 0.159375 1.000000