9 0.337500 0.372917 0.381250 0.372917 0.381250 0.437500 0.337500 0.437500
4 0.385937 0.427083 0.415625 0.427083 0.415625 0.458333 0.385937 0.458333
8 0.292188 0.395833 0.359375 0.395833 0.359375 0.508333 0.292188 0.508333
4 0.487500 0.435417 0.521875 0.435417 0.521875 0.485417 0.487500 0.485417
4 0.371875 0.452083 0.414062 0.452083 0.414062 0.508333 0.371875 0.508333
7 0.189063 0.456250 0.260937 0.456250 0.260937 0.554167 0.189063 0.554167
4 0.356250 0.483333 0.403125 0.483333 0.403125 0.539583 0.356250 0.539583
9 0.223437 0.477083 0.312500 0.477083 0.312500 0.589583 0.223437 0.589583
8 0.671875 0.468750 0.779688 0.468750 0.779688 0.606250 0.671875 0.606250
4 0.514062 0.504167 0.560937 0.504167 0.560937 0.587500 0.514062 0.587500
7 0.106250 0.518750 0.196875 0.518750 0.196875 0.622917 0.106250 0.622917
4 0.323437 0.564583 0.381250 0.564583 0.381250 0.645833 0.323437 0.645833
4 0.275000 0.675000 0.364063 0.675000 0.364063 0.802083 0.275000 0.802083