4 0.265625 0.429167 0.296875 0.429167 0.296875 0.470833 0.265625 0.470833
4 0.321875 0.435417 0.353125 0.435417 0.353125 0.477083 0.321875 0.477083
8 0.195312 0.422917 0.273438 0.422917 0.273438 0.543750 0.195312 0.543750
4 0.295312 0.462500 0.337500 0.462500 0.337500 0.518750 0.295312 0.518750
4 0.351562 0.481250 0.396875 0.481250 0.396875 0.545833 0.351562 0.545833
4 0.498437 0.479167 0.545312 0.479167 0.545312 0.547917 0.498437 0.547917
4 0.256250 0.516667 0.310937 0.516667 0.310937 0.583333 0.256250 0.583333
8 0.050000 0.472917 0.217188 0.472917 0.217188 0.654167 0.050000 0.654167
4 0.332813 0.552083 0.393750 0.552083 0.393750 0.635417 0.332813 0.635417
4 0.206250 0.570833 0.281250 0.570833 0.281250 0.668750 0.206250 0.668750
4 0.539062 0.568750 0.607813 0.568750 0.607813 0.672917 0.539062 0.672917
4 0.271875 0.645833 0.362500 0.645833 0.362500 0.752083 0.271875 0.752083