7 0.273438 0.395833 0.318750 0.395833 0.318750 0.462500 0.273438 0.462500
0 0.315625 0.389583 0.375000 0.389583 0.375000 0.477083 0.315625 0.477083
9 0.234375 0.429167 0.282813 0.429167 0.282813 0.472917 0.234375 0.472917
4 0.368750 0.450000 0.407813 0.450000 0.407813 0.493750 0.368750 0.493750
4 0.485937 0.443750 0.531250 0.443750 0.531250 0.506250 0.485937 0.506250
8 0.242188 0.429167 0.339063 0.429167 0.339063 0.556250 0.242188 0.556250
9 0.182812 0.445833 0.254688 0.445833 0.254688 0.554167 0.182812 0.554167
4 0.362500 0.481250 0.404688 0.481250 0.404688 0.522917 0.362500 0.522917
4 0.585938 0.479167 0.643750 0.479167 0.643750 0.568750 0.585938 0.568750
4 0.348437 0.510417 0.398438 0.510417 0.398438 0.570833 0.348437 0.570833
4 0.510937 0.537500 0.576562 0.537500 0.576562 0.631250 0.510937 0.631250
4 0.320312 0.554167 0.384375 0.554167 0.384375 0.618750 0.320312 0.618750
9 0.151562 0.531250 0.275000 0.531250 0.275000 0.697917 0.151562 0.697917
4 0.293750 0.597917 0.368750 0.597917 0.368750 0.697917 0.293750 0.697917
8 0.000000 0.497917 0.145313 0.497917 0.145313 0.822917 0.000000 0.822917
6 0.282813 0.660417 0.376563 0.660417 0.376563 0.791667 0.282813 0.791667
4 0.235938 0.764583 0.351562 0.764583 0.351562 0.931250 0.235938 0.931250