7 0.300000 0.395833 0.334375 0.395833 0.334375 0.447917 0.300000 0.447917
4 0.387500 0.412500 0.420313 0.412500 0.420313 0.450000 0.387500 0.450000
7 0.248437 0.431250 0.303125 0.431250 0.303125 0.495833 0.248437 0.495833
4 0.309375 0.447917 0.346875 0.447917 0.346875 0.493750 0.309375 0.493750
6 0.376562 0.452083 0.410938 0.452083 0.410938 0.502083 0.376562 0.502083
4 0.276562 0.489583 0.315625 0.489583 0.315625 0.529167 0.276562 0.529167
4 0.356250 0.500000 0.400000 0.500000 0.400000 0.562500 0.356250 0.562500
4 0.587500 0.493750 0.645313 0.493750 0.645313 0.575000 0.587500 0.575000
4 0.267188 0.520833 0.321875 0.520833 0.321875 0.577083 0.267188 0.577083
9 0.120313 0.491667 0.215625 0.491667 0.215625 0.612500 0.120313 0.612500
4 0.314062 0.589583 0.387500 0.589583 0.387500 0.670833 0.314062 0.670833
7 0.000000 0.566667 0.114062 0.566667 0.114062 0.731250 0.000000 0.731250
9 0.117188 0.587500 0.245312 0.587500 0.245312 0.764583 0.117188 0.764583