8 0.310937 0.375000 0.373437 0.375000 0.373437 0.462500 0.310937 0.462500
4 0.482812 0.400000 0.507812 0.400000 0.507812 0.437500 0.482812 0.437500
4 0.385937 0.422917 0.415625 0.422917 0.415625 0.454167 0.385937 0.454167
9 0.589063 0.420833 0.632812 0.420833 0.632812 0.477083 0.589063 0.477083
4 0.378125 0.443750 0.414062 0.443750 0.414062 0.479167 0.378125 0.479167
7 0.237500 0.437500 0.292187 0.437500 0.292187 0.514583 0.237500 0.514583
4 0.370312 0.454167 0.404688 0.454167 0.404688 0.502083 0.370312 0.502083
9 0.273438 0.443750 0.337500 0.443750 0.337500 0.527083 0.273438 0.527083
4 0.495312 0.475000 0.548438 0.475000 0.548438 0.537500 0.495312 0.537500
7 0.182812 0.475000 0.245312 0.475000 0.245312 0.539583 0.182812 0.539583
4 0.357812 0.500000 0.400000 0.500000 0.400000 0.554167 0.357812 0.554167
7 0.095313 0.512500 0.195312 0.512500 0.195312 0.622917 0.095313 0.622917
4 0.328125 0.560417 0.392188 0.560417 0.392188 0.639583 0.328125 0.639583
0 0.129687 0.502083 0.298438 0.502083 0.298438 0.727083 0.129687 0.727083
4 0.270313 0.662500 0.356250 0.662500 0.356250 0.768750 0.270313 0.768750
4 0.175000 0.827083 0.328125 0.827083 0.328125 1.000000 0.175000 1.000000