8 0.296875 0.358333 0.346875 0.358333 0.346875 0.435417 0.296875 0.435417
4 0.393750 0.414583 0.423437 0.414583 0.423437 0.447917 0.393750 0.447917
8 0.306250 0.387500 0.368750 0.387500 0.368750 0.483333 0.306250 0.483333
11 0.243750 0.381250 0.314063 0.381250 0.314063 0.491667 0.243750 0.491667
4 0.482813 0.418750 0.510938 0.418750 0.510938 0.456250 0.482813 0.456250
4 0.376562 0.445833 0.410938 0.445833 0.410938 0.491667 0.376562 0.491667
4 0.503125 0.456250 0.535937 0.456250 0.535937 0.508333 0.503125 0.508333
9 0.576562 0.425000 0.660938 0.425000 0.660938 0.585417 0.576562 0.585417
4 0.284375 0.483333 0.334375 0.483333 0.334375 0.539583 0.284375 0.539583
7 0.182813 0.475000 0.248438 0.475000 0.248438 0.570833 0.182813 0.570833
4 0.350000 0.497917 0.400000 0.497917 0.400000 0.556250 0.350000 0.556250
4 0.509375 0.500000 0.560937 0.500000 0.560937 0.585417 0.509375 0.585417
4 0.114062 0.516667 0.175000 0.516667 0.175000 0.572917 0.114062 0.572917
6 0.318750 0.558333 0.385937 0.558333 0.385937 0.652083 0.318750 0.652083
7 0.054688 0.566667 0.162500 0.566667 0.162500 0.712500 0.054688 0.712500
4 0.281250 0.670833 0.371875 0.670833 0.371875 0.795833 0.281250 0.795833
4 0.114062 0.683333 0.221875 0.683333 0.221875 0.785417 0.114062 0.785417
4 0.562500 0.725000 0.665625 0.725000 0.665625 0.879167 0.562500 0.879167
7 0.879687 0.837500 1.000000 0.837500 1.000000 1.000000 0.879687 1.000000