8 0.478125 0.325000 0.493750 0.325000 0.493750 0.354167 0.478125 0.354167
4 0.460938 0.343750 0.471875 0.343750 0.471875 0.358333 0.460938 0.358333
9 0.323437 0.356250 0.357813 0.356250 0.357813 0.412500 0.323437 0.412500
7 0.350000 0.383333 0.379688 0.383333 0.379688 0.427083 0.350000 0.427083
4 0.387500 0.397917 0.412500 0.397917 0.412500 0.416667 0.387500 0.416667
7 0.287500 0.391667 0.329688 0.391667 0.329688 0.452083 0.287500 0.452083
4 0.526563 0.408333 0.551562 0.408333 0.551562 0.439583 0.526563 0.439583
4 0.384375 0.414583 0.412500 0.414583 0.412500 0.443750 0.384375 0.443750
4 0.251562 0.422917 0.285938 0.422917 0.285938 0.454167 0.251562 0.454167
9 0.321875 0.408333 0.365625 0.408333 0.365625 0.479167 0.321875 0.479167
4 0.384375 0.435417 0.415625 0.435417 0.415625 0.468750 0.384375 0.468750
4 0.375000 0.450000 0.409375 0.450000 0.409375 0.491667 0.375000 0.491667
4 0.248438 0.458333 0.285938 0.458333 0.285938 0.497917 0.248438 0.497917
4 0.298437 0.456250 0.339062 0.456250 0.339062 0.510417 0.298437 0.510417
4 0.356250 0.470833 0.398438 0.470833 0.398438 0.527083 0.356250 0.527083
4 0.260937 0.506250 0.306250 0.506250 0.306250 0.566667 0.260937 0.566667
4 0.234375 0.535417 0.300000 0.535417 0.300000 0.616667 0.234375 0.616667
4 0.318750 0.541667 0.385937 0.541667 0.385937 0.639583 0.318750 0.639583
8 0.001563 0.487500 0.175000 0.487500 0.175000 0.710417 0.001563 0.710417
4 0.154688 0.637500 0.245313 0.637500 0.245313 0.745833 0.154688 0.745833