4 0.490625 0.425000 0.521875 0.425000 0.521875 0.481250 0.490625 0.481250
9 0.300000 0.414583 0.356250 0.414583 0.356250 0.493750 0.300000 0.493750
8 0.550000 0.416667 0.610938 0.416667 0.610938 0.510417 0.550000 0.510417
4 0.371875 0.456250 0.406250 0.456250 0.406250 0.493750 0.371875 0.493750
4 0.362500 0.487500 0.404688 0.487500 0.404688 0.529167 0.362500 0.529167
7 0.164062 0.466667 0.242188 0.466667 0.242188 0.579167 0.164062 0.579167
0 0.200000 0.466667 0.321875 0.466667 0.321875 0.629167 0.200000 0.629167
4 0.340625 0.520833 0.395313 0.520833 0.395313 0.585417 0.340625 0.585417
4 0.500000 0.518750 0.556250 0.518750 0.556250 0.595833 0.500000 0.595833
9 0.064062 0.527083 0.173437 0.527083 0.173437 0.641667 0.064062 0.641667
4 0.300000 0.591667 0.370312 0.591667 0.370312 0.675000 0.300000 0.675000
4 0.556250 0.660417 0.656250 0.660417 0.656250 0.814583 0.556250 0.814583
4 0.254688 0.675000 0.356250 0.675000 0.356250 0.804167 0.254688 0.804167
8 0.003125 0.639583 0.212500 0.639583 0.212500 1.000000 0.003125 1.000000