8 0.351562 0.360417 0.393750 0.360417 0.393750 0.427083 0.351562 0.427083
11 0.304688 0.364583 0.350000 0.364583 0.350000 0.433333 0.304688 0.433333
4 0.501563 0.385417 0.528125 0.385417 0.528125 0.414583 0.501563 0.414583
4 0.389062 0.410417 0.423438 0.410417 0.423438 0.447917 0.389062 0.447917
4 0.345312 0.412500 0.378125 0.412500 0.378125 0.452083 0.345312 0.452083
7 0.268750 0.416667 0.312500 0.416667 0.312500 0.477083 0.268750 0.477083
4 0.482812 0.422917 0.517188 0.422917 0.517188 0.472917 0.482812 0.472917
4 0.378125 0.439583 0.410938 0.439583 0.410938 0.479167 0.378125 0.479167
7 0.206250 0.460417 0.265625 0.460417 0.265625 0.539583 0.206250 0.539583
6 0.359375 0.485417 0.404687 0.485417 0.404687 0.550000 0.359375 0.550000
4 0.271875 0.491667 0.320312 0.491667 0.320312 0.545833 0.271875 0.545833
9 0.603125 0.472917 0.682812 0.472917 0.682812 0.604167 0.603125 0.604167
4 0.334375 0.550000 0.393750 0.550000 0.393750 0.620833 0.334375 0.620833
4 0.215625 0.560417 0.276562 0.560417 0.276562 0.618750 0.215625 0.618750
9 0.026563 0.545833 0.153125 0.545833 0.153125 0.702083 0.026563 0.702083
4 0.184375 0.622917 0.268750 0.622917 0.268750 0.714583 0.184375 0.714583
4 0.267187 0.679167 0.362500 0.679167 0.362500 0.791667 0.267187 0.791667