4 0.571875 0.408333 0.600000 0.408333 0.600000 0.445833 0.571875 0.445833
9 0.240625 0.391667 0.307812 0.391667 0.307812 0.500000 0.240625 0.500000
4 0.540625 0.429167 0.576562 0.429167 0.576562 0.481250 0.540625 0.481250
4 0.370312 0.435417 0.404688 0.435417 0.404688 0.479167 0.370312 0.479167
4 0.325000 0.439583 0.357813 0.439583 0.357813 0.481250 0.325000 0.481250
4 0.489062 0.441667 0.523438 0.441667 0.523438 0.493750 0.489062 0.493750
4 0.190625 0.454167 0.242188 0.454167 0.242188 0.502083 0.190625 0.502083
4 0.190625 0.483333 0.235937 0.483333 0.235937 0.537500 0.190625 0.537500
9 0.256250 0.454167 0.339062 0.454167 0.339062 0.575000 0.256250 0.575000
4 0.360938 0.491667 0.407813 0.491667 0.407813 0.545833 0.360938 0.545833
4 0.498437 0.489583 0.548438 0.489583 0.548438 0.572917 0.498437 0.572917
7 0.589063 0.477083 0.664062 0.477083 0.664062 0.604167 0.589063 0.604167
4 0.051562 0.539583 0.128125 0.539583 0.128125 0.622917 0.051562 0.622917
4 0.306250 0.562500 0.376563 0.562500 0.376563 0.654167 0.306250 0.654167
4 0.506250 0.564583 0.564063 0.564583 0.564063 0.652083 0.506250 0.652083
4 0.071875 0.566667 0.153125 0.566667 0.153125 0.672917 0.071875 0.672917
4 0.146875 0.614583 0.234375 0.614583 0.234375 0.725000 0.146875 0.725000
0 0.696875 0.600000 1.000000 0.600000 1.000000 1.000000 0.696875 1.000000
4 0.039062 0.764583 0.201563 0.764583 0.201563 0.937500 0.039062 0.937500