7 0.337500 0.370833 0.364063 0.370833 0.364063 0.408333 0.337500 0.408333
8 0.510937 0.368750 0.556250 0.368750 0.556250 0.439583 0.510937 0.439583
4 0.362500 0.389583 0.389063 0.389583 0.389063 0.422917 0.362500 0.422917
4 0.403125 0.402083 0.426563 0.402083 0.426563 0.431250 0.403125 0.431250
4 0.484375 0.416667 0.512500 0.416667 0.512500 0.447917 0.484375 0.447917
9 0.278125 0.395833 0.320312 0.395833 0.320312 0.472917 0.278125 0.472917
4 0.582812 0.416667 0.609375 0.416667 0.609375 0.452083 0.582812 0.452083
9 0.332813 0.408333 0.371875 0.408333 0.371875 0.464583 0.332813 0.464583
4 0.389062 0.431250 0.421875 0.431250 0.421875 0.466667 0.389062 0.466667
7 0.229688 0.422917 0.281250 0.422917 0.281250 0.493750 0.229688 0.493750
7 0.278125 0.439583 0.328125 0.439583 0.328125 0.533333 0.278125 0.533333
9 0.178125 0.452083 0.246875 0.452083 0.246875 0.552083 0.178125 0.552083
4 0.493750 0.475000 0.542187 0.475000 0.542187 0.539583 0.493750 0.539583
4 0.345313 0.527083 0.398438 0.527083 0.398438 0.591667 0.345313 0.591667
9 0.206250 0.512500 0.293750 0.512500 0.293750 0.633333 0.206250 0.633333
4 0.301563 0.618750 0.384375 0.618750 0.384375 0.731250 0.301563 0.731250
4 0.098438 0.750000 0.215625 0.750000 0.215625 0.866667 0.098438 0.866667