4 0.475000 0.393750 0.498437 0.393750 0.498437 0.425000 0.475000 0.425000
9 0.331250 0.383333 0.378125 0.383333 0.378125 0.450000 0.331250 0.450000
4 0.551563 0.397917 0.579688 0.397917 0.579688 0.437500 0.551563 0.437500
8 0.276562 0.395833 0.321875 0.395833 0.321875 0.466667 0.276562 0.466667
8 0.215625 0.412500 0.289062 0.412500 0.289062 0.491667 0.215625 0.491667
4 0.373438 0.445833 0.410938 0.445833 0.410938 0.491667 0.373438 0.491667
4 0.310937 0.447917 0.350000 0.447917 0.350000 0.500000 0.310937 0.500000
4 0.506250 0.447917 0.540625 0.447917 0.540625 0.500000 0.506250 0.500000
4 0.362500 0.468750 0.398438 0.468750 0.398438 0.502083 0.362500 0.502083
4 0.289062 0.472917 0.331250 0.472917 0.331250 0.527083 0.289062 0.527083
4 0.354687 0.472917 0.395313 0.472917 0.395313 0.535417 0.354687 0.535417
4 0.270312 0.506250 0.312500 0.506250 0.312500 0.575000 0.270312 0.575000
4 0.346875 0.522917 0.393750 0.522917 0.393750 0.583333 0.346875 0.583333
9 0.112500 0.485417 0.278125 0.485417 0.278125 0.710417 0.112500 0.710417
4 0.315625 0.577083 0.375000 0.577083 0.375000 0.635417 0.315625 0.635417
9 0.000000 0.520833 0.134375 0.520833 0.134375 0.714583 0.000000 0.714583
4 0.289062 0.612500 0.375000 0.612500 0.375000 0.727083 0.289062 0.727083
4 0.534375 0.610417 0.620313 0.610417 0.620313 0.762500 0.534375 0.762500
4 0.237500 0.695833 0.343750 0.695833 0.343750 0.831250 0.237500 0.831250