8 0.276562 0.393750 0.337500 0.393750 0.337500 0.456250 0.276562 0.456250
4 0.343750 0.412500 0.378125 0.412500 0.378125 0.468750 0.343750 0.468750
4 0.484375 0.422917 0.515625 0.422917 0.515625 0.475000 0.484375 0.475000
4 0.323437 0.437500 0.357813 0.437500 0.357813 0.489583 0.323437 0.489583
4 0.359375 0.458333 0.407813 0.458333 0.407813 0.525000 0.359375 0.525000
9 0.173437 0.447917 0.317187 0.447917 0.317187 0.633333 0.173437 0.633333
4 0.345312 0.495833 0.401562 0.495833 0.401562 0.618750 0.345312 0.618750
4 0.517188 0.514583 0.568750 0.514583 0.568750 0.604167 0.517188 0.604167
4 0.306250 0.550000 0.396875 0.550000 0.396875 0.677083 0.306250 0.677083
4 0.270313 0.612500 0.384375 0.612500 0.384375 0.741667 0.270313 0.741667
8 0.018750 0.514583 0.260937 0.514583 0.260937 0.852083 0.018750 0.852083
4 0.242187 0.666667 0.356250 0.666667 0.356250 0.835417 0.242187 0.835417
4 0.195313 0.816667 0.331250 0.816667 0.331250 1.000000 0.195313 1.000000