8 0.320312 0.366667 0.357812 0.366667 0.357812 0.418750 0.320312 0.418750
8 0.292187 0.383333 0.342188 0.383333 0.342188 0.439583 0.292187 0.439583
9 0.245312 0.397917 0.300000 0.397917 0.300000 0.470833 0.245312 0.470833
4 0.339063 0.427083 0.367188 0.427083 0.367188 0.466667 0.339063 0.466667
9 0.178125 0.429167 0.270313 0.429167 0.270313 0.522917 0.178125 0.522917
4 0.346875 0.500000 0.403125 0.500000 0.403125 0.572917 0.346875 0.572917
9 0.187500 0.447917 0.314063 0.447917 0.314063 0.629167 0.187500 0.629167
4 0.317188 0.562500 0.381250 0.562500 0.381250 0.637500 0.317188 0.637500
4 0.279687 0.604167 0.384375 0.604167 0.384375 0.704167 0.279687 0.704167
8 0.043750 0.500000 0.270313 0.500000 0.270313 0.818750 0.043750 0.818750
4 0.239063 0.670833 0.357813 0.670833 0.357813 0.831250 0.239063 0.831250
9 0.000000 0.743750 0.126562 0.743750 0.126562 1.000000 0.000000 1.000000
4 0.212500 0.806250 0.334375 0.806250 0.334375 1.000000 0.212500 1.000000