9 0.331250 0.368750 0.381250 0.368750 0.381250 0.443750 0.331250 0.443750
4 0.385937 0.427083 0.415625 0.427083 0.415625 0.458333 0.385937 0.458333
8 0.285938 0.393750 0.353125 0.393750 0.353125 0.512500 0.285938 0.512500
4 0.367188 0.462500 0.409375 0.462500 0.409375 0.518750 0.367188 0.518750
8 0.645312 0.441667 0.742188 0.441667 0.742188 0.566667 0.645312 0.566667
7 0.182812 0.458333 0.254688 0.458333 0.254688 0.556250 0.182812 0.556250
4 0.501563 0.472917 0.545312 0.472917 0.545312 0.541667 0.501563 0.541667
4 0.356250 0.483333 0.403125 0.483333 0.403125 0.539583 0.356250 0.539583
9 0.212500 0.477083 0.306250 0.477083 0.306250 0.597917 0.212500 0.597917
7 0.092188 0.525000 0.189062 0.525000 0.189062 0.637500 0.092188 0.637500
4 0.314062 0.579167 0.379688 0.579167 0.379688 0.664583 0.314062 0.664583
4 0.271875 0.687500 0.368750 0.687500 0.368750 0.816667 0.271875 0.816667
4 0.607813 0.762500 0.742188 0.762500 0.742188 0.981250 0.607813 0.981250