7 0.507812 0.339583 0.531250 0.339583 0.531250 0.370833 0.507812 0.370833
7 0.490625 0.350000 0.510937 0.350000 0.510937 0.379167 0.490625 0.379167
4 0.465625 0.358333 0.479687 0.358333 0.479687 0.377083 0.465625 0.377083
7 0.379688 0.358333 0.403125 0.358333 0.403125 0.391667 0.379688 0.391667
8 0.529687 0.356250 0.557812 0.356250 0.557812 0.402083 0.529687 0.402083
4 0.498437 0.375000 0.514062 0.375000 0.514062 0.406250 0.498437 0.406250
4 0.478125 0.389583 0.498437 0.389583 0.498437 0.416667 0.478125 0.416667
4 0.360937 0.402083 0.379688 0.402083 0.379688 0.422917 0.360937 0.422917
4 0.396875 0.397917 0.420312 0.397917 0.420312 0.433333 0.396875 0.433333
4 0.490625 0.418750 0.515625 0.418750 0.515625 0.458333 0.490625 0.458333
9 0.293750 0.400000 0.362500 0.400000 0.362500 0.502083 0.293750 0.502083
4 0.385937 0.441667 0.415625 0.441667 0.415625 0.477083 0.385937 0.477083
7 0.237500 0.433333 0.279688 0.433333 0.279688 0.495833 0.237500 0.495833
4 0.370313 0.472917 0.406250 0.472917 0.406250 0.512500 0.370313 0.512500
4 0.503125 0.487500 0.546875 0.487500 0.546875 0.554167 0.503125 0.554167
7 0.620313 0.502083 0.710938 0.502083 0.710938 0.650000 0.620313 0.650000
8 0.109375 0.481250 0.289062 0.481250 0.289062 0.750000 0.109375 0.750000
4 0.304688 0.575000 0.378125 0.575000 0.378125 0.675000 0.304688 0.675000
9 0.000000 0.604167 0.106250 0.604167 0.106250 0.735417 0.000000 0.735417
4 0.246875 0.677083 0.343750 0.677083 0.343750 0.802083 0.246875 0.802083
9 0.742188 0.608333 1.000000 0.608333 1.000000 1.000000 0.742188 1.000000
9 0.000000 0.731250 0.139063 0.731250 0.139063 1.000000 0.000000 1.000000
4 0.198438 0.829167 0.320312 0.829167 0.320312 0.991667 0.198438 0.991667