8 0.351562 0.360417 0.393750 0.360417 0.393750 0.427083 0.351562 0.427083
11 0.304688 0.364583 0.350000 0.364583 0.350000 0.433333 0.304688 0.433333
4 0.509375 0.391667 0.537500 0.391667 0.537500 0.427083 0.509375 0.427083
4 0.389062 0.410417 0.423438 0.410417 0.423438 0.447917 0.389062 0.447917
4 0.345312 0.412500 0.378125 0.412500 0.378125 0.452083 0.345312 0.452083
7 0.268750 0.416667 0.312500 0.416667 0.312500 0.477083 0.268750 0.477083
4 0.378125 0.439583 0.410938 0.439583 0.410938 0.479167 0.378125 0.479167
4 0.485938 0.443750 0.525000 0.443750 0.525000 0.502083 0.485938 0.502083
7 0.215625 0.456250 0.271875 0.456250 0.271875 0.529167 0.215625 0.529167
4 0.279688 0.483333 0.325000 0.483333 0.325000 0.535417 0.279688 0.535417
6 0.364062 0.481250 0.406250 0.481250 0.406250 0.543750 0.364062 0.543750
4 0.226562 0.545833 0.279687 0.545833 0.279687 0.604167 0.226562 0.604167
4 0.340625 0.541667 0.392187 0.541667 0.392187 0.612500 0.340625 0.612500
6 0.631250 0.504167 0.729687 0.504167 0.729687 0.672917 0.631250 0.672917
9 0.042188 0.533333 0.159375 0.533333 0.159375 0.677083 0.042188 0.677083
4 0.203125 0.606250 0.276562 0.606250 0.276562 0.687500 0.203125 0.687500
4 0.275000 0.662500 0.362500 0.662500 0.362500 0.768750 0.275000 0.768750