9 0.293750 0.366667 0.339062 0.366667 0.339062 0.445833 0.293750 0.445833
4 0.265625 0.387500 0.300000 0.387500 0.300000 0.441667 0.265625 0.441667
7 0.334375 0.395833 0.373437 0.395833 0.373437 0.447917 0.334375 0.447917
4 0.371875 0.404167 0.418750 0.404167 0.418750 0.462500 0.371875 0.462500
4 0.235937 0.404167 0.287500 0.404167 0.287500 0.479167 0.235937 0.479167
4 0.381250 0.431250 0.421875 0.431250 0.421875 0.479167 0.381250 0.479167
9 0.296875 0.422917 0.356250 0.422917 0.356250 0.506250 0.296875 0.506250
4 0.187500 0.445833 0.239063 0.445833 0.239063 0.504167 0.187500 0.504167
4 0.364063 0.441667 0.420313 0.441667 0.420313 0.516667 0.364063 0.516667
4 0.503125 0.462500 0.543750 0.462500 0.543750 0.520833 0.503125 0.520833
4 0.204687 0.454167 0.271875 0.454167 0.271875 0.531250 0.204687 0.531250
4 0.329687 0.475000 0.401562 0.475000 0.401562 0.564583 0.329687 0.564583
4 0.251562 0.493750 0.309375 0.493750 0.309375 0.577083 0.251562 0.577083
7 0.131250 0.468750 0.239063 0.468750 0.239063 0.608333 0.131250 0.608333
4 0.064062 0.533333 0.139063 0.533333 0.139063 0.616667 0.064062 0.616667
4 0.157812 0.631250 0.248438 0.631250 0.248438 0.739583 0.157812 0.739583
4 0.268750 0.666667 0.364063 0.666667 0.364063 0.775000 0.268750 0.775000
4 0.000000 0.735417 0.075000 0.735417 0.075000 0.868750 0.000000 0.868750
4 0.606250 0.768750 0.748437 0.768750 0.748437 0.997917 0.606250 0.997917