7 0.318750 0.375000 0.348438 0.375000 0.348438 0.425000 0.318750 0.425000
7 0.281250 0.410417 0.321875 0.410417 0.321875 0.464583 0.281250 0.464583
4 0.332813 0.418750 0.364063 0.418750 0.364063 0.462500 0.332813 0.462500
6 0.387500 0.435417 0.417187 0.435417 0.417187 0.475000 0.387500 0.475000
9 0.612500 0.410417 0.681250 0.410417 0.681250 0.514583 0.612500 0.514583
4 0.303125 0.454167 0.337500 0.454167 0.337500 0.489583 0.303125 0.489583
4 0.371875 0.462500 0.409375 0.462500 0.409375 0.510417 0.371875 0.510417
4 0.300000 0.472917 0.342188 0.472917 0.342188 0.522917 0.300000 0.522917
9 0.173437 0.458333 0.243750 0.458333 0.243750 0.560417 0.173437 0.560417
9 0.218750 0.500000 0.301562 0.500000 0.301562 0.616667 0.218750 0.616667
4 0.345313 0.529167 0.404687 0.529167 0.404687 0.595833 0.345313 0.595833
7 0.087500 0.512500 0.181250 0.512500 0.181250 0.641667 0.087500 0.641667
7 0.000000 0.685417 0.170313 0.685417 0.170313 0.943750 0.000000 0.943750
4 0.228125 0.793750 0.351562 0.793750 0.351562 0.945833 0.228125 0.945833