8 0.331250 0.366667 0.378125 0.366667 0.378125 0.450000 0.331250 0.450000
9 0.285938 0.412500 0.350000 0.412500 0.350000 0.493750 0.285938 0.493750
4 0.379688 0.435417 0.412500 0.435417 0.412500 0.481250 0.379688 0.481250
4 0.370312 0.456250 0.404688 0.456250 0.404688 0.493750 0.370312 0.493750
4 0.489063 0.454167 0.526563 0.454167 0.526563 0.502083 0.489063 0.502083
4 0.364063 0.483333 0.401562 0.483333 0.401562 0.533333 0.364063 0.533333
7 0.151562 0.477083 0.228125 0.477083 0.228125 0.591667 0.151562 0.591667
4 0.512500 0.510417 0.564063 0.510417 0.564063 0.585417 0.512500 0.585417
0 0.184375 0.477083 0.312500 0.477083 0.312500 0.647917 0.184375 0.647917
4 0.337500 0.531250 0.396875 0.531250 0.396875 0.597917 0.337500 0.597917
9 0.021875 0.550000 0.146875 0.550000 0.146875 0.685417 0.021875 0.685417
9 0.750000 0.564583 0.881250 0.564583 0.881250 0.710417 0.750000 0.710417
4 0.293750 0.614583 0.365625 0.614583 0.365625 0.704167 0.293750 0.704167
4 0.235937 0.710417 0.340625 0.710417 0.340625 0.854167 0.235937 0.854167
9 0.000000 0.670833 0.190625 0.670833 0.190625 1.000000 0.000000 1.000000