4 0.295313 0.416667 0.325000 0.416667 0.325000 0.456250 0.295313 0.456250
10 0.535938 0.416667 0.571875 0.416667 0.571875 0.468750 0.535938 0.468750
4 0.331250 0.422917 0.364063 0.422917 0.364063 0.468750 0.331250 0.468750
4 0.375000 0.433333 0.412500 0.433333 0.412500 0.477083 0.375000 0.477083
10 0.253125 0.435417 0.300000 0.435417 0.300000 0.487500 0.253125 0.487500
4 0.306250 0.450000 0.348438 0.450000 0.348438 0.495833 0.306250 0.495833
4 0.375000 0.466667 0.415625 0.466667 0.415625 0.516667 0.375000 0.516667
4 0.296875 0.481250 0.334375 0.481250 0.334375 0.525000 0.296875 0.525000
4 0.187500 0.500000 0.231250 0.500000 0.231250 0.554167 0.187500 0.554167
4 0.284375 0.497917 0.325000 0.497917 0.325000 0.564583 0.284375 0.564583
4 0.353125 0.502083 0.401562 0.502083 0.401562 0.566667 0.353125 0.566667
4 0.510937 0.514583 0.564063 0.514583 0.564063 0.579167 0.510937 0.579167
10 0.200000 0.500000 0.292187 0.500000 0.292187 0.625000 0.200000 0.625000
4 0.350000 0.541667 0.396875 0.541667 0.396875 0.597917 0.350000 0.597917
9 0.020312 0.491667 0.173438 0.491667 0.173438 0.662500 0.020312 0.662500
4 0.351562 0.570833 0.415625 0.570833 0.415625 0.656250 0.351562 0.656250
10 0.137500 0.560417 0.254688 0.560417 0.254688 0.720833 0.137500 0.720833
10 0.662500 0.550000 0.770313 0.550000 0.770313 0.752083 0.662500 0.752083
4 0.531250 0.593750 0.610937 0.593750 0.610937 0.714583 0.531250 0.714583
9 0.000000 0.589583 0.070312 0.589583 0.070312 0.777083 0.000000 0.777083
4 0.260937 0.639583 0.357813 0.639583 0.357813 0.745833 0.260937 0.745833
4 0.243750 0.745833 0.343750 0.745833 0.343750 0.870833 0.243750 0.870833
9 0.000000 0.658333 0.182812 0.658333 0.182812 1.000000 0.000000 1.000000
4 0.153125 0.883333 0.303125 0.883333 0.303125 1.000000 0.153125 1.000000