8 0.290625 0.370833 0.331250 0.370833 0.331250 0.445833 0.290625 0.445833
7 0.559375 0.389583 0.604688 0.389583 0.604688 0.445833 0.559375 0.445833
9 0.525000 0.389583 0.568750 0.389583 0.568750 0.466667 0.525000 0.466667
4 0.376562 0.420833 0.418750 0.420833 0.418750 0.466667 0.376562 0.466667
8 0.237500 0.400000 0.306250 0.400000 0.306250 0.491667 0.237500 0.491667
4 0.326563 0.433333 0.364063 0.433333 0.364063 0.481250 0.326563 0.481250
4 0.298438 0.466667 0.342187 0.466667 0.342187 0.516667 0.298438 0.516667
4 0.356250 0.472917 0.393750 0.472917 0.393750 0.529167 0.356250 0.529167
9 0.112500 0.447917 0.200000 0.447917 0.200000 0.560417 0.112500 0.560417
4 0.351562 0.510417 0.393750 0.510417 0.393750 0.589583 0.351562 0.589583
9 0.164062 0.460417 0.307812 0.460417 0.307812 0.650000 0.164062 0.650000
4 0.507812 0.508333 0.562500 0.508333 0.562500 0.610417 0.507812 0.610417
4 0.310937 0.562500 0.375000 0.562500 0.375000 0.631250 0.310937 0.631250
4 0.284375 0.597917 0.360937 0.597917 0.360937 0.706250 0.284375 0.706250
4 0.235938 0.681250 0.337500 0.681250 0.337500 0.810417 0.235938 0.810417
8 0.000000 0.556250 0.203125 0.556250 0.203125 1.000000 0.000000 1.000000
4 0.192188 0.827083 0.334375 0.827083 0.334375 1.000000 0.192188 1.000000