4 0.482813 0.406250 0.510938 0.406250 0.510938 0.447917 0.482813 0.447917
4 0.565625 0.408333 0.600000 0.408333 0.600000 0.456250 0.565625 0.456250
4 0.292187 0.470833 0.332813 0.470833 0.332813 0.516667 0.292187 0.516667
4 0.515625 0.487500 0.565625 0.487500 0.565625 0.568750 0.515625 0.568750
4 0.270312 0.506250 0.312500 0.506250 0.312500 0.577083 0.270312 0.577083
4 0.350000 0.522917 0.401562 0.522917 0.401562 0.587500 0.350000 0.587500
9 0.125000 0.481250 0.289062 0.481250 0.289062 0.700000 0.125000 0.700000
4 0.318750 0.570833 0.378125 0.570833 0.378125 0.631250 0.318750 0.631250
9 0.010938 0.508333 0.146875 0.508333 0.146875 0.702083 0.010938 0.702083
4 0.290625 0.602083 0.370312 0.602083 0.370312 0.716667 0.290625 0.716667
4 0.240625 0.689583 0.348438 0.689583 0.348438 0.831250 0.240625 0.831250