8 0.235937 0.404167 0.301563 0.404167 0.301563 0.495833 0.235937 0.495833
4 0.310938 0.454167 0.346875 0.454167 0.346875 0.502083 0.310938 0.502083
8 0.139062 0.441667 0.254688 0.441667 0.254688 0.562500 0.139062 0.562500
4 0.351562 0.481250 0.396875 0.481250 0.396875 0.543750 0.351562 0.543750
4 0.278125 0.487500 0.321875 0.487500 0.321875 0.539583 0.278125 0.539583
4 0.346875 0.522917 0.398438 0.522917 0.398438 0.593750 0.346875 0.593750
4 0.243750 0.529167 0.304688 0.529167 0.304688 0.612500 0.243750 0.612500
4 0.310937 0.575000 0.373437 0.575000 0.373437 0.658333 0.310937 0.658333
8 0.612500 0.466667 0.793750 0.466667 0.793750 0.770833 0.612500 0.770833
4 0.806250 0.622917 0.909375 0.622917 0.909375 0.752083 0.806250 0.752083
9 0.000000 0.541667 0.228125 0.541667 0.228125 0.895833 0.000000 0.895833
4 0.254687 0.656250 0.359375 0.656250 0.359375 0.810417 0.254687 0.810417
4 0.171875 0.820833 0.315625 0.820833 0.315625 1.000000 0.171875 1.000000