0 0.303125 0.395833 0.365625 0.395833 0.365625 0.493750 0.303125 0.493750
7 0.254688 0.410417 0.306250 0.410417 0.306250 0.483333 0.254688 0.483333
4 0.543750 0.422917 0.578125 0.422917 0.578125 0.479167 0.543750 0.479167
4 0.487500 0.431250 0.518750 0.431250 0.518750 0.485417 0.487500 0.485417
9 0.218750 0.435417 0.278125 0.435417 0.278125 0.508333 0.218750 0.508333
4 0.368750 0.450000 0.407813 0.450000 0.407813 0.493750 0.368750 0.493750
4 0.362500 0.481250 0.404688 0.481250 0.404688 0.522917 0.362500 0.522917
9 0.140625 0.470833 0.223438 0.470833 0.223438 0.585417 0.140625 0.585417
8 0.214062 0.460417 0.321875 0.460417 0.321875 0.595833 0.214062 0.595833
4 0.348437 0.510417 0.398438 0.510417 0.398438 0.570833 0.348437 0.570833
7 0.698437 0.504167 0.803125 0.504167 0.803125 0.635417 0.698437 0.635417
4 0.320312 0.554167 0.384375 0.554167 0.384375 0.618750 0.320312 0.618750
4 0.293750 0.597917 0.368750 0.597917 0.368750 0.697917 0.293750 0.697917
4 0.534375 0.597917 0.629687 0.597917 0.629687 0.739583 0.534375 0.739583
11 0.637500 0.518750 0.859375 0.518750 0.859375 0.852083 0.637500 0.852083
9 0.087500 0.591667 0.234375 0.591667 0.234375 0.793750 0.087500 0.793750
6 0.276562 0.660417 0.370312 0.660417 0.370312 0.791667 0.276562 0.791667
4 0.212500 0.804167 0.345313 0.804167 0.345313 0.975000 0.212500 0.975000