8 0.350000 0.368750 0.389062 0.368750 0.389062 0.425000 0.350000 0.425000
9 0.306250 0.379167 0.340625 0.379167 0.340625 0.437500 0.306250 0.437500
9 0.340625 0.387500 0.384375 0.387500 0.384375 0.447917 0.340625 0.447917
8 0.235938 0.383333 0.312500 0.383333 0.312500 0.483333 0.235938 0.483333
4 0.387500 0.431250 0.415625 0.431250 0.415625 0.470833 0.387500 0.470833
4 0.376562 0.456250 0.418750 0.456250 0.418750 0.508333 0.376562 0.508333
11 0.126562 0.431250 0.248438 0.431250 0.248438 0.612500 0.126562 0.612500
8 0.206250 0.452083 0.312500 0.452083 0.312500 0.627083 0.206250 0.627083
4 0.335938 0.520833 0.387500 0.520833 0.387500 0.575000 0.335938 0.575000
4 0.312500 0.564583 0.381250 0.564583 0.381250 0.647917 0.312500 0.647917
9 0.634375 0.531250 0.793750 0.531250 0.793750 0.764583 0.634375 0.764583
6 0.279688 0.656250 0.370312 0.656250 0.370312 0.777083 0.279688 0.777083
4 0.237500 0.762500 0.351562 0.762500 0.351562 0.908333 0.237500 0.908333