9 0.331250 0.347917 0.362500 0.347917 0.362500 0.393750 0.331250 0.393750
9 0.307813 0.362500 0.351562 0.362500 0.351562 0.431250 0.307813 0.431250
4 0.412500 0.391667 0.434375 0.391667 0.434375 0.418750 0.412500 0.418750
4 0.392188 0.395833 0.415625 0.395833 0.415625 0.425000 0.392188 0.425000
7 0.343750 0.387500 0.381250 0.387500 0.381250 0.437500 0.343750 0.437500
4 0.275000 0.397917 0.307812 0.397917 0.307812 0.435417 0.275000 0.435417
4 0.381250 0.414583 0.412500 0.414583 0.412500 0.450000 0.381250 0.450000
7 0.537500 0.385417 0.592187 0.385417 0.592187 0.479167 0.537500 0.479167
9 0.317188 0.410417 0.365625 0.410417 0.365625 0.489583 0.317188 0.489583
4 0.381250 0.429167 0.417187 0.429167 0.417187 0.475000 0.381250 0.475000
7 0.234375 0.422917 0.295312 0.422917 0.295312 0.510417 0.234375 0.510417
4 0.370312 0.452083 0.410938 0.452083 0.410938 0.497917 0.370312 0.497917
4 0.284375 0.468750 0.331250 0.468750 0.331250 0.535417 0.284375 0.535417
4 0.581250 0.485417 0.635938 0.485417 0.635938 0.552083 0.581250 0.552083
4 0.337500 0.500000 0.390625 0.500000 0.390625 0.568750 0.337500 0.568750
4 0.168750 0.518750 0.228125 0.518750 0.228125 0.589583 0.168750 0.589583
4 0.239063 0.537500 0.300000 0.537500 0.300000 0.616667 0.239063 0.616667
4 0.587500 0.541667 0.671875 0.541667 0.671875 0.652083 0.587500 0.652083
4 0.548438 0.602083 0.643750 0.602083 0.643750 0.745833 0.548438 0.745833
4 0.089062 0.685417 0.206250 0.685417 0.206250 0.841667 0.089062 0.841667
4 0.120313 0.854167 0.301563 0.854167 0.301563 1.000000 0.120313 1.000000