9 0.579688 0.385417 0.635937 0.385417 0.635937 0.481250 0.579688 0.481250
9 0.259375 0.404167 0.303125 0.404167 0.303125 0.479167 0.259375 0.479167
9 0.309375 0.425000 0.351562 0.425000 0.351562 0.500000 0.309375 0.500000
4 0.378125 0.456250 0.412500 0.456250 0.412500 0.500000 0.378125 0.500000
8 0.112500 0.447917 0.235938 0.447917 0.235938 0.612500 0.112500 0.612500
4 0.351562 0.500000 0.403125 0.500000 0.403125 0.568750 0.351562 0.568750
4 0.271875 0.516667 0.328125 0.516667 0.328125 0.570833 0.271875 0.570833
8 0.593750 0.497917 0.745313 0.497917 0.745313 0.689583 0.593750 0.689583
7 0.759375 0.529167 0.864063 0.529167 0.864063 0.691667 0.759375 0.691667
4 0.300000 0.622917 0.378125 0.622917 0.378125 0.731250 0.300000 0.731250
11 0.000000 0.620833 0.228125 0.620833 0.228125 1.000000 0.000000 1.000000
4 0.584375 0.795833 0.732812 0.795833 0.732812 1.000000 0.584375 1.000000
4 0.204688 0.810417 0.329688 0.810417 0.329688 1.000000 0.204688 1.000000