7 0.323437 0.400000 0.379688 0.400000 0.379688 0.462500 0.323437 0.462500
0 0.493750 0.406250 0.579688 0.406250 0.579688 0.533333 0.493750 0.533333
4 0.368750 0.450000 0.407813 0.450000 0.407813 0.493750 0.368750 0.493750
7 0.228125 0.431250 0.281250 0.431250 0.281250 0.518750 0.228125 0.518750
0 0.260937 0.425000 0.339062 0.425000 0.339062 0.550000 0.260937 0.550000
4 0.362500 0.481250 0.404688 0.481250 0.404688 0.522917 0.362500 0.522917
9 0.156250 0.475000 0.231250 0.475000 0.231250 0.552083 0.156250 0.552083
4 0.345312 0.514583 0.395313 0.514583 0.395313 0.575000 0.345312 0.575000
4 0.512500 0.520833 0.575000 0.520833 0.575000 0.612500 0.512500 0.612500
4 0.318750 0.564583 0.382812 0.564583 0.382812 0.629167 0.318750 0.629167
8 0.718750 0.495833 0.909375 0.495833 0.909375 0.729167 0.718750 0.729167
8 0.110937 0.508333 0.279687 0.508333 0.279687 0.725000 0.110937 0.725000
9 0.017188 0.535417 0.135937 0.535417 0.135937 0.710417 0.017188 0.710417
4 0.293750 0.604167 0.368750 0.604167 0.368750 0.704167 0.293750 0.704167
6 0.242188 0.718750 0.353125 0.718750 0.353125 0.885417 0.242188 0.885417