9 0.281250 0.372917 0.329688 0.372917 0.329688 0.450000 0.281250 0.450000
4 0.390625 0.410417 0.418750 0.410417 0.418750 0.454167 0.390625 0.454167
7 0.318750 0.410417 0.360938 0.410417 0.360938 0.468750 0.318750 0.468750
9 0.223438 0.395833 0.301563 0.395833 0.301563 0.514583 0.223438 0.514583
4 0.367188 0.447917 0.403125 0.447917 0.403125 0.495833 0.367188 0.495833
4 0.309375 0.454167 0.345312 0.454167 0.345312 0.500000 0.309375 0.500000
4 0.621875 0.460417 0.662500 0.460417 0.662500 0.514583 0.621875 0.514583
0 0.551562 0.422917 0.640625 0.422917 0.640625 0.562500 0.551562 0.562500
9 0.237500 0.472917 0.325000 0.472917 0.325000 0.604167 0.237500 0.604167
4 0.107813 0.504167 0.173437 0.504167 0.173437 0.577083 0.107813 0.577083
4 0.151563 0.531250 0.212500 0.531250 0.212500 0.595833 0.151563 0.595833
4 0.696875 0.527083 0.778125 0.527083 0.778125 0.614583 0.696875 0.614583
4 0.339063 0.539583 0.398438 0.539583 0.398438 0.612500 0.339063 0.612500
4 0.000000 0.641667 0.081250 0.641667 0.081250 0.783333 0.000000 0.783333
4 0.262500 0.656250 0.357813 0.656250 0.357813 0.779167 0.262500 0.779167
4 0.551562 0.660417 0.651563 0.660417 0.651563 0.829167 0.551562 0.829167
4 0.073438 0.683333 0.189063 0.683333 0.189063 0.839583 0.073438 0.839583
4 0.860937 0.683333 1.000000 0.683333 1.000000 0.845833 0.860937 0.845833
4 0.710938 0.675000 0.839063 0.675000 0.839063 0.860417 0.710938 0.860417