4 0.476562 0.377083 0.492188 0.377083 0.492188 0.402083 0.476562 0.402083
7 0.332813 0.379167 0.353125 0.379167 0.353125 0.412500 0.332813 0.412500
4 0.295312 0.381250 0.329688 0.381250 0.329688 0.416667 0.295312 0.416667
4 0.406250 0.395833 0.423438 0.395833 0.423438 0.422917 0.406250 0.422917
4 0.357812 0.393750 0.381250 0.393750 0.381250 0.435417 0.357812 0.435417
4 0.395312 0.420833 0.414062 0.420833 0.414062 0.456250 0.395312 0.456250
4 0.554688 0.422917 0.590625 0.422917 0.590625 0.468750 0.554688 0.468750
4 0.487500 0.422917 0.525000 0.422917 0.525000 0.475000 0.487500 0.475000
4 0.385937 0.433333 0.409375 0.433333 0.409375 0.477083 0.385937 0.477083
4 0.328125 0.435417 0.353125 0.435417 0.353125 0.491667 0.328125 0.491667
7 0.285937 0.425000 0.343750 0.425000 0.343750 0.520833 0.285937 0.520833
9 0.195312 0.418750 0.276562 0.418750 0.276562 0.545833 0.195312 0.545833
4 0.385937 0.462500 0.417187 0.462500 0.417187 0.520833 0.385937 0.520833
4 0.598437 0.500000 0.659375 0.500000 0.659375 0.591667 0.598437 0.591667
4 0.668750 0.504167 0.739062 0.504167 0.739062 0.595833 0.668750 0.595833
7 0.229687 0.489583 0.300000 0.489583 0.300000 0.612500 0.229687 0.612500
4 0.317188 0.527083 0.381250 0.527083 0.381250 0.616667 0.317188 0.616667
9 0.017188 0.489583 0.182812 0.489583 0.182812 0.722917 0.017188 0.722917
4 0.296875 0.587500 0.375000 0.587500 0.375000 0.697917 0.296875 0.697917
4 0.706250 0.695833 0.814063 0.695833 0.814063 0.845833 0.706250 0.845833
4 0.553125 0.695833 0.673438 0.695833 0.673438 0.870833 0.553125 0.870833
9 0.000000 0.625000 0.195312 0.625000 0.195312 0.960417 0.000000 0.960417
4 0.207813 0.768750 0.317188 0.768750 0.317188 0.970833 0.207813 0.970833