7 0.323437 0.387500 0.350000 0.387500 0.350000 0.422917 0.323437 0.422917
4 0.359375 0.393750 0.385938 0.393750 0.385938 0.429167 0.359375 0.429167
4 0.400000 0.400000 0.426563 0.400000 0.426563 0.431250 0.400000 0.431250
4 0.279688 0.412500 0.307812 0.412500 0.307812 0.447917 0.279688 0.447917
4 0.476562 0.414583 0.510938 0.414583 0.510938 0.460417 0.476562 0.460417
4 0.335938 0.425000 0.370313 0.425000 0.370313 0.464583 0.335938 0.464583
4 0.539062 0.431250 0.571875 0.431250 0.571875 0.475000 0.539062 0.475000
4 0.384375 0.433333 0.417187 0.433333 0.417187 0.475000 0.384375 0.475000
4 0.314063 0.447917 0.351562 0.447917 0.351562 0.504167 0.314063 0.504167
9 0.154688 0.431250 0.253125 0.431250 0.253125 0.564583 0.154688 0.564583
4 0.367188 0.472917 0.404687 0.472917 0.404687 0.527083 0.367188 0.527083
7 0.260937 0.454167 0.326563 0.454167 0.326563 0.554167 0.260937 0.554167
4 0.370312 0.495833 0.420313 0.495833 0.420313 0.570833 0.370312 0.570833
4 0.673438 0.512500 0.739063 0.512500 0.739063 0.600000 0.673438 0.600000
4 0.515625 0.518750 0.576563 0.518750 0.576563 0.597917 0.515625 0.597917
7 0.154688 0.543750 0.259375 0.543750 0.259375 0.695833 0.154688 0.695833
4 0.295313 0.583333 0.364063 0.583333 0.364063 0.691667 0.295313 0.691667
9 0.000000 0.522917 0.137500 0.522917 0.137500 0.752083 0.000000 0.752083
4 0.259375 0.695833 0.356250 0.695833 0.356250 0.816667 0.259375 0.816667
9 0.000000 0.654167 0.185938 0.654167 0.185938 1.000000 0.000000 1.000000
4 0.159375 0.862500 0.309375 0.862500 0.309375 1.000000 0.159375 1.000000