8 0.292187 0.383333 0.364063 0.383333 0.364063 0.508333 0.292187 0.508333
4 0.356250 0.460417 0.398438 0.460417 0.398438 0.518750 0.356250 0.518750
7 0.190625 0.454167 0.248438 0.454167 0.248438 0.527083 0.190625 0.527083
4 0.489062 0.454167 0.543750 0.454167 0.543750 0.533333 0.489062 0.533333
9 0.228125 0.447917 0.326562 0.447917 0.326562 0.587500 0.228125 0.587500
7 0.117188 0.502083 0.218750 0.502083 0.218750 0.610417 0.117188 0.610417
8 0.707813 0.472917 0.873437 0.472917 0.873437 0.683333 0.707813 0.683333
4 0.320312 0.543750 0.387500 0.543750 0.387500 0.635417 0.320312 0.635417
7 0.004688 0.579167 0.126562 0.579167 0.126562 0.689583 0.004688 0.689583
4 0.529687 0.583333 0.614063 0.583333 0.614063 0.722917 0.529687 0.722917
4 0.278125 0.645833 0.375000 0.645833 0.375000 0.768750 0.278125 0.768750
0 0.000000 0.618750 0.217188 0.618750 0.217188 0.989583 0.000000 0.989583
4 0.157812 0.864583 0.325000 0.864583 0.325000 0.995833 0.157812 0.995833