9 0.256250 0.383333 0.320312 0.383333 0.320312 0.479167 0.256250 0.479167
4 0.378125 0.422917 0.404688 0.422917 0.404688 0.460417 0.378125 0.460417
4 0.228125 0.427083 0.265625 0.427083 0.265625 0.466667 0.228125 0.466667
4 0.325000 0.439583 0.357813 0.439583 0.357813 0.481250 0.325000 0.481250
4 0.492188 0.435417 0.523438 0.435417 0.523438 0.487500 0.492188 0.487500
4 0.209375 0.458333 0.246875 0.458333 0.246875 0.504167 0.209375 0.504167
9 0.271875 0.435417 0.348438 0.435417 0.348438 0.545833 0.271875 0.545833
4 0.368750 0.470833 0.409375 0.470833 0.409375 0.518750 0.368750 0.518750
4 0.635937 0.472917 0.681250 0.472917 0.681250 0.525000 0.635937 0.525000
4 0.139063 0.495833 0.201563 0.495833 0.201563 0.547917 0.139063 0.547917
4 0.332813 0.522917 0.385937 0.522917 0.385937 0.602083 0.332813 0.602083
4 0.593750 0.520833 0.657812 0.520833 0.657812 0.606250 0.593750 0.606250
4 0.520312 0.533333 0.575000 0.533333 0.575000 0.620833 0.520312 0.620833
4 0.118750 0.535417 0.185938 0.535417 0.185938 0.618750 0.118750 0.618750
4 0.184375 0.572917 0.260937 0.572917 0.260937 0.668750 0.184375 0.668750
7 0.000000 0.597917 0.109375 0.597917 0.109375 0.787500 0.000000 0.787500
4 0.185938 0.654167 0.310937 0.654167 0.310937 0.777083 0.185938 0.777083
4 0.559375 0.714583 0.678125 0.714583 0.678125 0.933333 0.559375 0.933333
7 0.764062 0.714583 0.993750 0.714583 0.993750 1.000000 0.764062 1.000000