7 0.557813 0.381250 0.582812 0.381250 0.582812 0.435417 0.557813 0.435417
4 0.401562 0.393750 0.425000 0.393750 0.425000 0.431250 0.401562 0.431250
8 0.289062 0.381250 0.334375 0.381250 0.334375 0.460417 0.289062 0.460417
9 0.523438 0.391667 0.560938 0.391667 0.560938 0.452083 0.523438 0.452083
4 0.393750 0.414583 0.423437 0.414583 0.423437 0.458333 0.393750 0.458333
8 0.251562 0.395833 0.309375 0.395833 0.309375 0.479167 0.251562 0.479167
4 0.315625 0.437500 0.364063 0.437500 0.364063 0.475000 0.315625 0.475000
4 0.382812 0.433333 0.412500 0.433333 0.412500 0.485417 0.382812 0.485417
4 0.365625 0.466667 0.400000 0.466667 0.400000 0.493750 0.365625 0.493750
4 0.298437 0.466667 0.340625 0.466667 0.340625 0.522917 0.298437 0.522917
4 0.359375 0.477083 0.400000 0.477083 0.400000 0.529167 0.359375 0.529167
4 0.503125 0.468750 0.546875 0.468750 0.546875 0.545833 0.503125 0.545833
4 0.287500 0.493750 0.317188 0.493750 0.317188 0.575000 0.287500 0.575000
9 0.109375 0.468750 0.210938 0.468750 0.210938 0.608333 0.109375 0.608333
4 0.351562 0.514583 0.398438 0.514583 0.398438 0.589583 0.351562 0.589583
9 0.157812 0.462500 0.295312 0.462500 0.295312 0.650000 0.157812 0.650000
4 0.321875 0.558333 0.379688 0.558333 0.379688 0.631250 0.321875 0.631250
4 0.292187 0.597917 0.368750 0.597917 0.368750 0.714583 0.292187 0.714583
4 0.256250 0.683333 0.339062 0.683333 0.339062 0.797917 0.256250 0.797917
8 0.000000 0.572917 0.203125 0.572917 0.203125 1.000000 0.000000 1.000000
4 0.851562 0.695833 0.990625 0.695833 0.990625 0.879167 0.851562 0.879167
4 0.603125 0.816667 0.764062 0.816667 0.764062 1.000000 0.603125 1.000000