7 0.331250 0.377083 0.357813 0.377083 0.357813 0.414583 0.331250 0.414583
4 0.365625 0.383333 0.395313 0.383333 0.395313 0.418750 0.365625 0.418750
6 0.401562 0.395833 0.428125 0.395833 0.428125 0.420833 0.401562 0.420833
4 0.356250 0.404167 0.382812 0.404167 0.382812 0.437500 0.356250 0.437500
4 0.395313 0.416667 0.418750 0.416667 0.418750 0.445833 0.395313 0.445833
4 0.478125 0.410417 0.504687 0.410417 0.504687 0.452083 0.478125 0.452083
9 0.260937 0.410417 0.306250 0.410417 0.306250 0.475000 0.260937 0.475000
9 0.321875 0.422917 0.365625 0.422917 0.365625 0.481250 0.321875 0.481250
4 0.382812 0.445833 0.417188 0.445833 0.417188 0.487500 0.382812 0.487500
7 0.201562 0.447917 0.257812 0.447917 0.257812 0.522917 0.201562 0.522917
7 0.254687 0.460417 0.320312 0.460417 0.320312 0.564583 0.254687 0.564583
9 0.153125 0.468750 0.228125 0.468750 0.228125 0.570833 0.153125 0.570833
4 0.332813 0.554167 0.393750 0.554167 0.393750 0.629167 0.332813 0.629167
9 0.154688 0.556250 0.264062 0.556250 0.264062 0.712500 0.154688 0.712500
4 0.273438 0.681250 0.375000 0.681250 0.375000 0.810417 0.273438 0.810417
4 0.573437 0.712500 0.685937 0.712500 0.685937 0.893750 0.573437 0.893750
7 0.803125 0.800000 1.000000 0.800000 1.000000 1.000000 0.803125 1.000000