4 0.298438 0.400000 0.335938 0.400000 0.335938 0.445833 0.298438 0.445833
4 0.337500 0.425000 0.368750 0.425000 0.368750 0.458333 0.337500 0.458333
4 0.390625 0.431250 0.421875 0.431250 0.421875 0.470833 0.390625 0.470833
9 0.550000 0.410417 0.601562 0.410417 0.601562 0.500000 0.550000 0.500000
4 0.601562 0.437500 0.643750 0.437500 0.643750 0.485417 0.601562 0.485417
4 0.243750 0.450000 0.281250 0.450000 0.281250 0.489583 0.243750 0.489583
4 0.312500 0.456250 0.348437 0.456250 0.348437 0.500000 0.312500 0.500000
4 0.362500 0.477083 0.403125 0.477083 0.403125 0.527083 0.362500 0.527083
4 0.290625 0.479167 0.332813 0.479167 0.332813 0.535417 0.290625 0.535417
4 0.501563 0.495833 0.556250 0.495833 0.556250 0.568750 0.501563 0.568750
4 0.353125 0.510417 0.400000 0.510417 0.400000 0.568750 0.353125 0.568750
9 0.089062 0.447917 0.226562 0.447917 0.226562 0.633333 0.089062 0.633333
4 0.584375 0.506250 0.637500 0.506250 0.637500 0.581250 0.584375 0.581250
7 0.668750 0.479167 0.751563 0.479167 0.751563 0.614583 0.668750 0.614583
9 0.215625 0.487500 0.300000 0.487500 0.300000 0.608333 0.215625 0.608333
4 0.357813 0.543750 0.417187 0.543750 0.417187 0.625000 0.357813 0.625000
9 0.128125 0.560417 0.257812 0.560417 0.257812 0.718750 0.128125 0.718750
4 0.271875 0.618750 0.356250 0.618750 0.356250 0.718750 0.271875 0.718750
4 0.239062 0.745833 0.345312 0.745833 0.345312 0.868750 0.239062 0.868750
8 0.000000 0.654167 0.195312 0.654167 0.195312 1.000000 0.000000 1.000000
4 0.553125 0.743750 0.660938 0.743750 0.660938 0.925000 0.553125 0.925000
4 0.159375 0.879167 0.301563 0.879167 0.301563 1.000000 0.159375 1.000000