4 0.462500 0.358333 0.487500 0.358333 0.487500 0.383333 0.462500 0.383333
4 0.471875 0.381250 0.504687 0.381250 0.504687 0.418750 0.471875 0.418750
4 0.332812 0.418750 0.367188 0.418750 0.367188 0.481250 0.332812 0.481250
7 0.612500 0.437500 0.657813 0.437500 0.657813 0.518750 0.612500 0.518750
9 0.560937 0.429167 0.623437 0.429167 0.623437 0.535417 0.560937 0.535417
4 0.301563 0.454167 0.342188 0.454167 0.342188 0.512500 0.301563 0.512500
4 0.356250 0.472917 0.404688 0.472917 0.404688 0.527083 0.356250 0.527083
9 0.167187 0.460417 0.307812 0.460417 0.307812 0.631250 0.167187 0.631250
4 0.342187 0.508333 0.404687 0.508333 0.404687 0.600000 0.342187 0.600000
9 0.000000 0.510417 0.150000 0.510417 0.150000 0.650000 0.000000 0.650000
4 0.320312 0.562500 0.385938 0.562500 0.385938 0.637500 0.320312 0.637500
4 0.282812 0.597917 0.378125 0.597917 0.378125 0.735417 0.282812 0.735417
8 0.000000 0.537500 0.232813 0.537500 0.232813 0.954167 0.000000 0.954167
4 0.214063 0.683333 0.335938 0.683333 0.335938 0.839583 0.214063 0.839583
4 0.176562 0.820833 0.321875 0.820833 0.321875 0.993750 0.176562 0.993750