8 0.245313 0.400000 0.310938 0.400000 0.310938 0.491667 0.245313 0.491667
4 0.315625 0.452083 0.351562 0.452083 0.351562 0.500000 0.315625 0.500000
8 0.160938 0.425000 0.268750 0.425000 0.268750 0.547917 0.160938 0.547917
4 0.282813 0.483333 0.326562 0.483333 0.326562 0.535417 0.282813 0.535417
4 0.351562 0.481250 0.396875 0.481250 0.396875 0.543750 0.351562 0.543750
4 0.346875 0.522917 0.398438 0.522917 0.398438 0.593750 0.346875 0.593750
4 0.248437 0.520833 0.303125 0.520833 0.303125 0.597917 0.248437 0.597917
4 0.312500 0.568750 0.375000 0.568750 0.375000 0.652083 0.312500 0.652083
9 0.056250 0.514583 0.262500 0.514583 0.262500 0.785417 0.056250 0.785417
4 0.273438 0.622917 0.371875 0.622917 0.371875 0.756250 0.273438 0.756250
4 0.204687 0.747917 0.331250 0.747917 0.331250 0.925000 0.204687 0.925000