7 0.320312 0.387500 0.348437 0.387500 0.348437 0.425000 0.320312 0.425000
4 0.354687 0.397917 0.381250 0.397917 0.381250 0.429167 0.354687 0.429167
4 0.471875 0.400000 0.500000 0.400000 0.500000 0.433333 0.471875 0.433333
4 0.398438 0.404167 0.425000 0.404167 0.425000 0.435417 0.398438 0.435417
4 0.528125 0.414583 0.556250 0.414583 0.556250 0.452083 0.528125 0.452083
4 0.276563 0.414583 0.304688 0.414583 0.304688 0.456250 0.276563 0.456250
4 0.331250 0.429167 0.367188 0.429167 0.367188 0.470833 0.331250 0.470833
4 0.381250 0.437500 0.417187 0.437500 0.417187 0.481250 0.381250 0.481250
4 0.306250 0.456250 0.343750 0.456250 0.343750 0.512500 0.306250 0.512500
4 0.501563 0.470833 0.550000 0.470833 0.550000 0.529167 0.501563 0.529167
4 0.364063 0.479167 0.401562 0.479167 0.401562 0.531250 0.364063 0.531250
9 0.146875 0.437500 0.245313 0.437500 0.245313 0.575000 0.146875 0.575000
7 0.251563 0.462500 0.320312 0.462500 0.320312 0.558333 0.251563 0.558333
4 0.635938 0.479167 0.687500 0.479167 0.687500 0.541667 0.635938 0.541667
4 0.370312 0.500000 0.420313 0.500000 0.420313 0.575000 0.370312 0.575000
7 0.154688 0.543750 0.259375 0.543750 0.259375 0.695833 0.154688 0.695833
4 0.289062 0.595833 0.367188 0.595833 0.367188 0.691667 0.289062 0.691667
9 0.003125 0.537500 0.135937 0.537500 0.135937 0.766667 0.003125 0.766667
4 0.562500 0.658333 0.667188 0.658333 0.667188 0.829167 0.562500 0.829167
4 0.250000 0.716667 0.350000 0.716667 0.350000 0.845833 0.250000 0.845833
4 0.739062 0.735417 0.882812 0.735417 0.882812 0.895833 0.739062 0.895833
9 0.000000 0.654167 0.187500 0.654167 0.187500 1.000000 0.000000 1.000000
4 0.157812 0.875000 0.306250 0.875000 0.306250 1.000000 0.157812 1.000000