4 0.482812 0.360417 0.518750 0.360417 0.518750 0.391667 0.482812 0.391667
8 0.326562 0.364583 0.357812 0.364583 0.357812 0.416667 0.326562 0.416667
4 0.476562 0.379167 0.496875 0.379167 0.496875 0.412500 0.476562 0.412500
4 0.400000 0.387500 0.426563 0.387500 0.426563 0.425000 0.400000 0.425000
8 0.295313 0.381250 0.340625 0.381250 0.340625 0.443750 0.295313 0.443750
4 0.354687 0.402083 0.378125 0.402083 0.378125 0.435417 0.354687 0.435417
9 0.253125 0.400000 0.295313 0.400000 0.295313 0.452083 0.253125 0.452083
4 0.395312 0.414583 0.421875 0.414583 0.421875 0.464583 0.395312 0.464583
4 0.337500 0.427083 0.367188 0.427083 0.367188 0.460417 0.337500 0.460417
4 0.371875 0.433333 0.403125 0.433333 0.403125 0.479167 0.371875 0.479167
9 0.179688 0.431250 0.262500 0.431250 0.262500 0.533333 0.179688 0.533333
9 0.190625 0.447917 0.306250 0.447917 0.306250 0.608333 0.190625 0.608333
4 0.356250 0.495833 0.406250 0.495833 0.406250 0.568750 0.356250 0.568750
4 0.320312 0.558333 0.381250 0.558333 0.381250 0.622917 0.320312 0.622917
8 0.045313 0.491667 0.259375 0.491667 0.259375 0.795833 0.045313 0.795833
4 0.289062 0.604167 0.364062 0.604167 0.364062 0.718750 0.289062 0.718750
4 0.000000 0.643750 0.064062 0.643750 0.064062 0.760417 0.000000 0.760417
4 0.218750 0.693750 0.345313 0.693750 0.345313 0.831250 0.218750 0.831250
9 0.000000 0.745833 0.115625 0.745833 0.115625 1.000000 0.000000 1.000000
4 0.185938 0.837500 0.339063 0.837500 0.339063 0.985417 0.185938 0.985417