8 0.325000 0.377083 0.376562 0.377083 0.376562 0.460417 0.325000 0.460417
11 0.262500 0.379167 0.329687 0.379167 0.329687 0.472917 0.262500 0.472917
7 0.578125 0.406250 0.617188 0.406250 0.617188 0.470833 0.578125 0.470833
4 0.381250 0.435417 0.415625 0.435417 0.415625 0.472917 0.381250 0.472917
4 0.303125 0.460417 0.346875 0.460417 0.346875 0.506250 0.303125 0.506250
4 0.171875 0.470833 0.218750 0.470833 0.218750 0.522917 0.171875 0.522917
7 0.210938 0.454167 0.273438 0.454167 0.273438 0.539583 0.210938 0.539583
4 0.362500 0.477083 0.404688 0.477083 0.404688 0.535417 0.362500 0.535417
4 0.498437 0.489583 0.550000 0.489583 0.550000 0.556250 0.498437 0.556250
6 0.335938 0.535417 0.395312 0.535417 0.395312 0.618750 0.335938 0.618750
7 0.110937 0.529167 0.201563 0.529167 0.201563 0.647917 0.110937 0.647917
4 0.175000 0.604167 0.259375 0.604167 0.259375 0.693750 0.175000 0.693750
4 0.537500 0.595833 0.609375 0.595833 0.609375 0.710417 0.537500 0.710417
9 0.667187 0.529167 0.837500 0.529167 0.837500 0.831250 0.667187 0.831250
4 0.296875 0.637500 0.381250 0.637500 0.381250 0.741667 0.296875 0.741667
4 0.004687 0.802083 0.134375 0.802083 0.134375 0.941667 0.004687 0.941667
4 0.603125 0.797917 0.754688 0.797917 0.754688 1.000000 0.603125 1.000000
4 0.179688 0.866667 0.321875 0.866667 0.321875 1.000000 0.179688 1.000000