8 0.478125 0.325000 0.493750 0.325000 0.493750 0.354167 0.478125 0.354167
4 0.460938 0.343750 0.471875 0.343750 0.471875 0.358333 0.460938 0.358333
9 0.321875 0.358333 0.356250 0.358333 0.356250 0.414583 0.321875 0.414583
7 0.350000 0.383333 0.379688 0.383333 0.379688 0.427083 0.350000 0.427083
4 0.387500 0.397917 0.412500 0.397917 0.412500 0.416667 0.387500 0.416667
4 0.384375 0.414583 0.412500 0.414583 0.412500 0.443750 0.384375 0.443750
7 0.278125 0.406250 0.320312 0.406250 0.320312 0.466667 0.278125 0.466667
9 0.321875 0.408333 0.365625 0.408333 0.365625 0.479167 0.321875 0.479167
4 0.384375 0.435417 0.415625 0.435417 0.415625 0.468750 0.384375 0.468750
4 0.225000 0.441667 0.257812 0.441667 0.257812 0.477083 0.225000 0.477083
4 0.375000 0.450000 0.409375 0.450000 0.409375 0.491667 0.375000 0.491667
4 0.243750 0.462500 0.281250 0.462500 0.281250 0.502083 0.243750 0.502083
4 0.296875 0.460417 0.337500 0.460417 0.337500 0.514583 0.296875 0.514583
4 0.356250 0.470833 0.398438 0.470833 0.398438 0.527083 0.356250 0.527083
4 0.260937 0.506250 0.306250 0.506250 0.306250 0.566667 0.260937 0.566667
4 0.223437 0.550000 0.289062 0.550000 0.289062 0.631250 0.223437 0.631250
4 0.303125 0.568750 0.373437 0.568750 0.373437 0.675000 0.303125 0.675000
8 0.000000 0.508333 0.156250 0.508333 0.156250 0.747917 0.000000 0.747917
4 0.118750 0.677083 0.225000 0.677083 0.225000 0.795833 0.118750 0.795833