8 0.293750 0.375000 0.331250 0.375000 0.331250 0.445833 0.293750 0.445833
7 0.565625 0.379167 0.603125 0.379167 0.603125 0.441667 0.565625 0.441667
9 0.528125 0.391667 0.570312 0.391667 0.570312 0.468750 0.528125 0.468750
8 0.257812 0.395833 0.309375 0.395833 0.309375 0.479167 0.257812 0.479167
4 0.376563 0.433333 0.412500 0.433333 0.412500 0.466667 0.376563 0.466667
4 0.346875 0.460417 0.396875 0.460417 0.396875 0.529167 0.346875 0.529167
9 0.128125 0.454167 0.214062 0.454167 0.214062 0.577083 0.128125 0.577083
9 0.176562 0.454167 0.306250 0.454167 0.306250 0.641667 0.176562 0.641667
4 0.342187 0.510417 0.407813 0.510417 0.407813 0.591667 0.342187 0.591667
4 0.509375 0.535417 0.581250 0.535417 0.581250 0.652083 0.509375 0.652083
4 0.317188 0.566667 0.370312 0.566667 0.370312 0.629167 0.317188 0.629167
4 0.284375 0.597917 0.365625 0.597917 0.365625 0.700000 0.284375 0.700000
4 0.242187 0.681250 0.340625 0.681250 0.340625 0.825000 0.242187 0.825000
8 0.000000 0.550000 0.207813 0.550000 0.207813 1.000000 0.000000 1.000000
4 0.196875 0.820833 0.331250 0.820833 0.331250 0.989583 0.196875 0.989583