4 0.528125 0.402083 0.557813 0.402083 0.557813 0.437500 0.528125 0.437500
4 0.298438 0.414583 0.328125 0.414583 0.328125 0.454167 0.298438 0.454167
4 0.482812 0.416667 0.509375 0.416667 0.509375 0.456250 0.482812 0.456250
4 0.331250 0.416667 0.364063 0.416667 0.364063 0.464583 0.331250 0.464583
4 0.376563 0.431250 0.414062 0.431250 0.414062 0.470833 0.376563 0.470833
10 0.543750 0.429167 0.584375 0.429167 0.584375 0.481250 0.543750 0.481250
10 0.256250 0.433333 0.303125 0.433333 0.303125 0.485417 0.256250 0.485417
4 0.310938 0.450000 0.348438 0.450000 0.348438 0.491667 0.310938 0.491667
4 0.376562 0.464583 0.418750 0.464583 0.418750 0.506250 0.376562 0.506250
4 0.292188 0.479167 0.335938 0.479167 0.335938 0.525000 0.292188 0.525000
4 0.192188 0.491667 0.237500 0.491667 0.237500 0.547917 0.192188 0.547917
4 0.354687 0.502083 0.400000 0.502083 0.400000 0.550000 0.354687 0.550000
4 0.284375 0.497917 0.325000 0.497917 0.325000 0.564583 0.284375 0.564583
4 0.350000 0.541667 0.396875 0.541667 0.396875 0.589583 0.350000 0.589583
10 0.198437 0.506250 0.290625 0.506250 0.290625 0.631250 0.198437 0.631250
9 0.018750 0.491667 0.171875 0.491667 0.171875 0.662500 0.018750 0.662500
4 0.523438 0.545833 0.585938 0.545833 0.585938 0.631250 0.523438 0.631250
4 0.351562 0.570833 0.415625 0.570833 0.415625 0.656250 0.351562 0.656250
10 0.137500 0.560417 0.254688 0.560417 0.254688 0.720833 0.137500 0.720833
9 0.000000 0.589583 0.070312 0.589583 0.070312 0.777083 0.000000 0.777083
4 0.267188 0.639583 0.357812 0.639583 0.357812 0.743750 0.267188 0.743750
4 0.551562 0.666667 0.651563 0.666667 0.651563 0.837500 0.551562 0.837500
10 0.726562 0.641667 0.889063 0.641667 0.889063 0.927083 0.726562 0.927083
4 0.243750 0.745833 0.343750 0.745833 0.343750 0.870833 0.243750 0.870833
9 0.000000 0.658333 0.182812 0.658333 0.182812 1.000000 0.000000 1.000000
4 0.153125 0.883333 0.303125 0.883333 0.303125 1.000000 0.153125 1.000000