9 0.306250 0.379167 0.340625 0.379167 0.340625 0.437500 0.306250 0.437500
9 0.340625 0.387500 0.384375 0.387500 0.384375 0.447917 0.340625 0.447917
8 0.235938 0.383333 0.312500 0.383333 0.312500 0.483333 0.235938 0.483333
4 0.392188 0.418750 0.420312 0.418750 0.420312 0.458333 0.392188 0.458333
4 0.376562 0.456250 0.418750 0.456250 0.418750 0.508333 0.376562 0.508333
11 0.137500 0.422917 0.253125 0.422917 0.253125 0.597917 0.137500 0.597917
8 0.225000 0.441667 0.317188 0.441667 0.317188 0.606250 0.225000 0.606250
4 0.335938 0.520833 0.387500 0.520833 0.387500 0.575000 0.335938 0.575000
4 0.046875 0.554167 0.121875 0.554167 0.121875 0.616667 0.046875 0.616667
4 0.312500 0.564583 0.381250 0.564583 0.381250 0.647917 0.312500 0.647917
6 0.285938 0.643750 0.376562 0.643750 0.376562 0.764583 0.285938 0.764583
7 0.003125 0.610417 0.110937 0.610417 0.110937 0.797917 0.003125 0.797917
9 0.709375 0.625000 0.950000 0.625000 0.950000 0.985417 0.709375 0.985417
4 0.054688 0.745833 0.195312 0.745833 0.195312 0.891667 0.054688 0.891667
4 0.237500 0.762500 0.351562 0.762500 0.351562 0.908333 0.237500 0.908333