9 0.331250 0.368750 0.381250 0.368750 0.381250 0.443750 0.331250 0.443750
4 0.385937 0.427083 0.415625 0.427083 0.415625 0.458333 0.385937 0.458333
4 0.487500 0.425000 0.523438 0.425000 0.523438 0.483333 0.487500 0.483333
8 0.278125 0.397917 0.351562 0.397917 0.351562 0.520833 0.278125 0.520833
8 0.610938 0.404167 0.685937 0.404167 0.685937 0.516667 0.610938 0.516667
4 0.367188 0.462500 0.409375 0.462500 0.409375 0.518750 0.367188 0.518750
7 0.173438 0.468750 0.253125 0.468750 0.253125 0.566667 0.173438 0.566667
4 0.354687 0.491667 0.401562 0.491667 0.401562 0.547917 0.354687 0.547917
9 0.196875 0.485417 0.298438 0.485417 0.298438 0.618750 0.196875 0.618750
7 0.070312 0.539583 0.176563 0.539583 0.176563 0.664583 0.070312 0.664583
4 0.534375 0.558333 0.603125 0.558333 0.603125 0.654167 0.534375 0.654167
4 0.309375 0.587500 0.378125 0.587500 0.378125 0.679167 0.309375 0.679167
4 0.251563 0.729167 0.360938 0.729167 0.360938 0.868750 0.251563 0.868750