9 0.339062 0.347917 0.370312 0.347917 0.370312 0.395833 0.339062 0.395833
8 0.496875 0.347917 0.525000 0.347917 0.525000 0.400000 0.496875 0.400000
4 0.467188 0.364583 0.481250 0.364583 0.481250 0.389583 0.467188 0.389583
4 0.470312 0.385417 0.489063 0.385417 0.489063 0.410417 0.470312 0.410417
7 0.312500 0.379167 0.345313 0.379167 0.345313 0.422917 0.312500 0.422917
7 0.350000 0.383333 0.379688 0.383333 0.379688 0.427083 0.350000 0.427083
4 0.387500 0.397917 0.412500 0.397917 0.412500 0.416667 0.387500 0.416667
4 0.481250 0.410417 0.504687 0.410417 0.504687 0.439583 0.481250 0.439583
4 0.384375 0.414583 0.412500 0.414583 0.412500 0.443750 0.384375 0.443750
4 0.295312 0.414583 0.321875 0.414583 0.321875 0.447917 0.295312 0.447917
4 0.257812 0.416667 0.290625 0.416667 0.290625 0.450000 0.257812 0.450000
9 0.331250 0.404167 0.367188 0.404167 0.367188 0.466667 0.331250 0.466667
4 0.387500 0.433333 0.418750 0.433333 0.418750 0.466667 0.387500 0.466667
4 0.259375 0.445833 0.290625 0.445833 0.290625 0.483333 0.259375 0.483333
4 0.315625 0.439583 0.353125 0.439583 0.353125 0.491667 0.315625 0.491667
4 0.375000 0.447917 0.409375 0.447917 0.409375 0.489583 0.375000 0.489583
4 0.359375 0.468750 0.396875 0.468750 0.396875 0.520833 0.359375 0.520833
8 0.145313 0.439583 0.250000 0.439583 0.250000 0.570833 0.145313 0.570833
4 0.279687 0.483333 0.326562 0.483333 0.326562 0.539583 0.279687 0.539583
4 0.348438 0.489583 0.395313 0.489583 0.395313 0.552083 0.348438 0.552083
4 0.237500 0.547917 0.296875 0.547917 0.296875 0.612500 0.237500 0.612500
8 0.000000 0.522917 0.157812 0.522917 0.157812 0.745833 0.000000 0.745833
4 0.306250 0.616667 0.379688 0.616667 0.379688 0.714583 0.306250 0.714583
4 0.137500 0.656250 0.235937 0.656250 0.235937 0.789583 0.137500 0.789583
4 0.198437 0.795833 0.317188 0.795833 0.317188 0.941667 0.198437 0.941667