9 0.339062 0.347917 0.370312 0.347917 0.370312 0.395833 0.339062 0.395833
8 0.503125 0.354167 0.534375 0.354167 0.534375 0.408333 0.503125 0.408333
4 0.470313 0.379167 0.484375 0.379167 0.484375 0.404167 0.470313 0.404167
7 0.315625 0.379167 0.348438 0.379167 0.348438 0.422917 0.315625 0.422917
7 0.350000 0.383333 0.379688 0.383333 0.379688 0.427083 0.350000 0.427083
4 0.387500 0.397917 0.412500 0.397917 0.412500 0.416667 0.387500 0.416667
4 0.276562 0.406250 0.301563 0.406250 0.301563 0.433333 0.276562 0.433333
4 0.476562 0.408333 0.498437 0.408333 0.498437 0.439583 0.476562 0.439583
4 0.384375 0.414583 0.412500 0.414583 0.412500 0.443750 0.384375 0.443750
4 0.295312 0.414583 0.321875 0.414583 0.321875 0.447917 0.295312 0.447917
9 0.331250 0.404167 0.367188 0.404167 0.367188 0.466667 0.331250 0.466667
4 0.387500 0.433333 0.418750 0.433333 0.418750 0.466667 0.387500 0.466667
4 0.487500 0.433333 0.521875 0.433333 0.521875 0.479167 0.487500 0.479167
4 0.314063 0.431250 0.351562 0.431250 0.351562 0.483333 0.314063 0.483333
4 0.260937 0.443750 0.292187 0.443750 0.292187 0.481250 0.260937 0.481250
4 0.375000 0.447917 0.409375 0.447917 0.409375 0.489583 0.375000 0.489583
4 0.359375 0.468750 0.396875 0.468750 0.396875 0.520833 0.359375 0.520833
8 0.164062 0.431250 0.262500 0.431250 0.262500 0.560417 0.164062 0.560417
4 0.285938 0.477083 0.332813 0.477083 0.332813 0.533333 0.285938 0.533333
4 0.348438 0.489583 0.395313 0.489583 0.395313 0.552083 0.348438 0.552083
4 0.246875 0.535417 0.306250 0.535417 0.306250 0.600000 0.246875 0.600000
8 0.000000 0.502083 0.178125 0.502083 0.178125 0.706250 0.000000 0.706250
4 0.320312 0.591667 0.387500 0.591667 0.387500 0.683333 0.320312 0.683333
4 0.168750 0.620833 0.251562 0.620833 0.251562 0.743750 0.168750 0.743750
4 0.231250 0.731250 0.334375 0.731250 0.334375 0.856250 0.231250 0.856250