8 0.350000 0.368750 0.389062 0.368750 0.389062 0.425000 0.350000 0.425000
9 0.306250 0.379167 0.340625 0.379167 0.340625 0.437500 0.306250 0.437500
9 0.340625 0.387500 0.384375 0.387500 0.384375 0.447917 0.340625 0.447917
8 0.234375 0.383333 0.310937 0.383333 0.310937 0.483333 0.234375 0.483333
4 0.387500 0.431250 0.415625 0.431250 0.415625 0.470833 0.387500 0.470833
4 0.376562 0.456250 0.418750 0.456250 0.418750 0.508333 0.376562 0.508333
11 0.112500 0.431250 0.253125 0.431250 0.253125 0.622917 0.112500 0.622917
8 0.200000 0.460417 0.309375 0.460417 0.309375 0.635417 0.200000 0.635417
4 0.335938 0.520833 0.387500 0.520833 0.387500 0.575000 0.335938 0.575000
9 0.615625 0.500000 0.740625 0.500000 0.740625 0.702083 0.615625 0.702083
4 0.312500 0.564583 0.381250 0.564583 0.381250 0.647917 0.312500 0.647917
6 0.279688 0.656250 0.370312 0.656250 0.370312 0.777083 0.279688 0.777083
4 0.237500 0.762500 0.351562 0.762500 0.351562 0.908333 0.237500 0.908333