4 0.465625 0.362500 0.492188 0.362500 0.492188 0.400000 0.465625 0.400000
8 0.306250 0.370833 0.346875 0.370833 0.346875 0.435417 0.306250 0.435417
4 0.478125 0.387500 0.512500 0.387500 0.512500 0.441667 0.478125 0.441667
4 0.389062 0.408333 0.421875 0.408333 0.421875 0.454167 0.389062 0.454167
8 0.260937 0.402083 0.325000 0.402083 0.325000 0.475000 0.260937 0.475000
4 0.335938 0.418750 0.375000 0.418750 0.375000 0.466667 0.335938 0.466667
4 0.312500 0.447917 0.346875 0.447917 0.346875 0.504167 0.312500 0.504167
9 0.181250 0.435417 0.260937 0.435417 0.260937 0.527083 0.181250 0.527083
4 0.356250 0.468750 0.396875 0.468750 0.396875 0.527083 0.356250 0.527083
7 0.656250 0.456250 0.717188 0.456250 0.717188 0.583333 0.656250 0.583333
9 0.585938 0.458333 0.667188 0.458333 0.667188 0.604167 0.585938 0.604167
4 0.340625 0.516667 0.396875 0.516667 0.396875 0.575000 0.340625 0.575000
9 0.021875 0.493750 0.189062 0.493750 0.189062 0.672917 0.021875 0.672917
4 0.317188 0.543750 0.368750 0.543750 0.368750 0.631250 0.317188 0.631250
4 0.284375 0.589583 0.365625 0.589583 0.365625 0.706250 0.284375 0.706250
8 0.000000 0.539583 0.242188 0.539583 0.242188 0.912500 0.000000 0.912500
4 0.242188 0.672917 0.334375 0.672917 0.334375 0.820833 0.242188 0.820833
4 0.182813 0.814583 0.335938 0.814583 0.335938 0.997917 0.182813 0.997917