7 0.325000 0.379167 0.351562 0.379167 0.351562 0.416667 0.325000 0.416667
7 0.287500 0.408333 0.323437 0.408333 0.323437 0.454167 0.287500 0.454167
4 0.337500 0.418750 0.367188 0.418750 0.367188 0.454167 0.337500 0.454167
4 0.315625 0.437500 0.343750 0.437500 0.343750 0.464583 0.315625 0.464583
6 0.387500 0.431250 0.417187 0.431250 0.417187 0.470833 0.387500 0.470833
4 0.371875 0.462500 0.409375 0.462500 0.409375 0.510417 0.371875 0.510417
4 0.307813 0.468750 0.343750 0.468750 0.343750 0.510417 0.307813 0.510417
9 0.184375 0.452083 0.250000 0.452083 0.250000 0.547917 0.184375 0.547917
9 0.653125 0.433333 0.745313 0.433333 0.745313 0.575000 0.653125 0.575000
9 0.239063 0.487500 0.310938 0.487500 0.310938 0.595833 0.239063 0.595833
4 0.351562 0.520833 0.401563 0.520833 0.401563 0.581250 0.351562 0.581250
7 0.106250 0.500000 0.198437 0.500000 0.198437 0.604167 0.106250 0.604167
7 0.042187 0.635417 0.203125 0.635417 0.203125 0.847917 0.042187 0.847917
4 0.248437 0.752083 0.357812 0.752083 0.357812 0.893750 0.248437 0.893750