8 0.284375 0.377083 0.337500 0.377083 0.337500 0.450000 0.284375 0.450000
9 0.232813 0.406250 0.285938 0.406250 0.285938 0.470833 0.232813 0.470833
4 0.331250 0.437500 0.362500 0.437500 0.362500 0.479167 0.331250 0.479167
4 0.365625 0.450000 0.404687 0.450000 0.404687 0.508333 0.365625 0.508333
9 0.200000 0.447917 0.335938 0.447917 0.335938 0.612500 0.200000 0.612500
4 0.346875 0.512500 0.401562 0.512500 0.401562 0.606250 0.346875 0.606250
4 0.512500 0.535417 0.598437 0.535417 0.598437 0.643750 0.512500 0.643750
4 0.332813 0.552083 0.379688 0.552083 0.379688 0.650000 0.332813 0.650000
8 0.046875 0.500000 0.256250 0.500000 0.256250 0.818750 0.046875 0.818750
4 0.290625 0.608333 0.379688 0.608333 0.379688 0.716667 0.290625 0.716667
4 0.242188 0.683333 0.357812 0.683333 0.357812 0.820833 0.242188 0.820833
4 0.212500 0.829167 0.328125 0.829167 0.328125 0.979167 0.212500 0.979167