9 0.310937 0.370833 0.345313 0.370833 0.345313 0.429167 0.310937 0.429167
9 0.350000 0.377083 0.387500 0.377083 0.387500 0.431250 0.350000 0.431250
4 0.395313 0.406250 0.423437 0.406250 0.423437 0.445833 0.395313 0.445833
8 0.246875 0.377083 0.317188 0.377083 0.317188 0.477083 0.246875 0.477083
7 0.573437 0.412500 0.615625 0.412500 0.615625 0.458333 0.573437 0.458333
4 0.384375 0.445833 0.421875 0.445833 0.421875 0.487500 0.384375 0.487500
11 0.170312 0.397917 0.281250 0.397917 0.281250 0.560417 0.170312 0.560417
8 0.248437 0.420833 0.342187 0.420833 0.342187 0.572917 0.248437 0.572917
4 0.157812 0.479167 0.200000 0.479167 0.200000 0.529167 0.157812 0.529167
4 0.348438 0.497917 0.400000 0.497917 0.400000 0.552083 0.348438 0.552083
4 0.320312 0.552083 0.384375 0.552083 0.384375 0.633333 0.320312 0.633333
7 0.053125 0.558333 0.175000 0.558333 0.175000 0.702083 0.053125 0.702083
4 0.168750 0.616667 0.260937 0.616667 0.260937 0.714583 0.168750 0.714583
6 0.292187 0.629167 0.379688 0.629167 0.379688 0.754167 0.292187 0.754167
4 0.239062 0.760417 0.353125 0.760417 0.353125 0.906250 0.239062 0.906250