8 0.478125 0.325000 0.493750 0.325000 0.493750 0.354167 0.478125 0.354167
4 0.459375 0.339583 0.470313 0.339583 0.470313 0.354167 0.459375 0.354167
9 0.321875 0.358333 0.356250 0.358333 0.356250 0.414583 0.321875 0.414583
7 0.348438 0.385417 0.378125 0.385417 0.378125 0.429167 0.348438 0.429167
4 0.387500 0.397917 0.412500 0.397917 0.412500 0.416667 0.387500 0.416667
4 0.384375 0.414583 0.412500 0.414583 0.412500 0.443750 0.384375 0.443750
7 0.273438 0.402083 0.321875 0.402083 0.321875 0.468750 0.273438 0.468750
9 0.321875 0.408333 0.365625 0.408333 0.365625 0.479167 0.321875 0.479167
4 0.384375 0.435417 0.415625 0.435417 0.415625 0.468750 0.384375 0.468750
4 0.375000 0.450000 0.409375 0.450000 0.409375 0.491667 0.375000 0.491667
4 0.198437 0.458333 0.237500 0.458333 0.237500 0.493750 0.198437 0.493750
4 0.296875 0.460417 0.337500 0.460417 0.337500 0.514583 0.296875 0.514583
4 0.234375 0.466667 0.275000 0.466667 0.275000 0.516667 0.234375 0.516667
4 0.356250 0.475000 0.398438 0.475000 0.398438 0.531250 0.356250 0.531250
4 0.257812 0.514583 0.307813 0.514583 0.307813 0.577083 0.257812 0.577083
4 0.204688 0.568750 0.276562 0.568750 0.276562 0.654167 0.204688 0.654167
8 0.000000 0.539583 0.131250 0.539583 0.131250 0.793750 0.000000 0.793750
4 0.281250 0.610417 0.364062 0.610417 0.364062 0.733333 0.281250 0.733333
7 0.767188 0.625000 0.965625 0.625000 0.965625 0.977083 0.767188 0.977083
4 0.064062 0.741667 0.192187 0.741667 0.192187 0.879167 0.064062 0.879167