4 0.459375 0.333333 0.470313 0.333333 0.470313 0.352083 0.459375 0.352083
4 0.467188 0.347917 0.481250 0.347917 0.481250 0.366667 0.467188 0.366667
8 0.517188 0.341667 0.540625 0.341667 0.540625 0.379167 0.517188 0.379167
4 0.493750 0.356250 0.509375 0.356250 0.509375 0.379167 0.493750 0.379167
4 0.468750 0.364583 0.487500 0.364583 0.487500 0.383333 0.468750 0.383333
7 0.504687 0.368750 0.526563 0.368750 0.526563 0.408333 0.504687 0.408333
4 0.470312 0.383333 0.495312 0.383333 0.495312 0.412500 0.470312 0.412500
8 0.550000 0.364583 0.598437 0.364583 0.598437 0.437500 0.550000 0.437500
4 0.396875 0.400000 0.423438 0.400000 0.423438 0.429167 0.396875 0.429167
9 0.303125 0.385417 0.364063 0.385417 0.364063 0.487500 0.303125 0.487500
4 0.514062 0.422917 0.543750 0.422917 0.543750 0.466667 0.514062 0.466667
4 0.393750 0.429167 0.417187 0.429167 0.417187 0.464583 0.393750 0.464583
4 0.493750 0.441667 0.528125 0.441667 0.528125 0.502083 0.493750 0.502083
4 0.373438 0.454167 0.409375 0.454167 0.409375 0.500000 0.373438 0.500000
8 0.164062 0.441667 0.312500 0.441667 0.312500 0.681250 0.164062 0.681250
4 0.317187 0.537500 0.390625 0.537500 0.390625 0.633333 0.317187 0.633333
4 0.542187 0.575000 0.615625 0.575000 0.615625 0.685417 0.542187 0.685417
7 0.014063 0.564583 0.140625 0.564583 0.140625 0.710417 0.014063 0.710417
4 0.275000 0.612500 0.362500 0.612500 0.362500 0.729167 0.275000 0.729167
9 0.000000 0.675000 0.159375 0.675000 0.159375 1.000000 0.000000 1.000000
4 0.189062 0.806250 0.326562 0.806250 0.326562 0.993750 0.189062 0.993750