8 0.350000 0.368750 0.389062 0.368750 0.389062 0.425000 0.350000 0.425000
9 0.290625 0.381250 0.329688 0.381250 0.329688 0.445833 0.290625 0.445833
9 0.326563 0.400000 0.371875 0.400000 0.371875 0.466667 0.326563 0.466667
8 0.214063 0.389583 0.287500 0.389583 0.287500 0.502083 0.214063 0.502083
9 0.539062 0.412500 0.593750 0.412500 0.593750 0.491667 0.539062 0.491667
4 0.384375 0.441667 0.412500 0.441667 0.412500 0.481250 0.384375 0.481250
4 0.367188 0.472917 0.409375 0.472917 0.409375 0.525000 0.367188 0.525000
4 0.332813 0.535417 0.384375 0.535417 0.384375 0.589583 0.332813 0.589583
11 0.062500 0.456250 0.231250 0.456250 0.231250 0.668750 0.062500 0.668750
8 0.145313 0.497917 0.279687 0.497917 0.279687 0.718750 0.145313 0.718750
4 0.304688 0.585417 0.367188 0.585417 0.367188 0.662500 0.304688 0.662500
6 0.279688 0.656250 0.370312 0.656250 0.370312 0.777083 0.279688 0.777083
4 0.235937 0.762500 0.350000 0.762500 0.350000 0.908333 0.235937 0.908333