4 0.475000 0.408333 0.515625 0.408333 0.515625 0.458333 0.475000 0.458333
8 0.531250 0.408333 0.585938 0.408333 0.585938 0.483333 0.531250 0.483333
7 0.303125 0.416667 0.353125 0.416667 0.353125 0.500000 0.303125 0.500000
9 0.203125 0.435417 0.270313 0.435417 0.270313 0.527083 0.203125 0.527083
4 0.625000 0.458333 0.668750 0.458333 0.668750 0.520833 0.625000 0.520833
4 0.503125 0.483333 0.556250 0.483333 0.556250 0.547917 0.503125 0.547917
4 0.356250 0.491667 0.400000 0.491667 0.400000 0.558333 0.356250 0.558333
9 0.250000 0.472917 0.323438 0.472917 0.323438 0.579167 0.250000 0.579167
4 0.321875 0.566667 0.392188 0.566667 0.392188 0.662500 0.321875 0.662500
8 0.000000 0.512500 0.150000 0.512500 0.150000 0.754167 0.000000 0.754167
4 0.185938 0.637500 0.271875 0.637500 0.271875 0.733333 0.185938 0.733333
4 0.565625 0.708333 0.685937 0.708333 0.685937 0.889583 0.565625 0.889583
4 0.214063 0.781250 0.351562 0.781250 0.351562 0.964583 0.214063 0.964583