7 0.504688 0.352083 0.537500 0.352083 0.537500 0.400000 0.504688 0.400000
9 0.323437 0.352083 0.357813 0.352083 0.357813 0.402083 0.323437 0.402083
9 0.292187 0.364583 0.345312 0.364583 0.345312 0.443750 0.292187 0.443750
4 0.412500 0.391667 0.434375 0.391667 0.434375 0.418750 0.412500 0.418750
4 0.393750 0.395833 0.417187 0.395833 0.417187 0.425000 0.393750 0.425000
4 0.518750 0.400000 0.543750 0.400000 0.543750 0.433333 0.518750 0.433333
4 0.278125 0.400000 0.304688 0.400000 0.304688 0.435417 0.278125 0.435417
7 0.335938 0.389583 0.378125 0.389583 0.378125 0.447917 0.335938 0.447917
4 0.381250 0.410417 0.412500 0.410417 0.412500 0.445833 0.381250 0.445833
4 0.484375 0.406250 0.514062 0.406250 0.514062 0.454167 0.484375 0.454167
4 0.384375 0.429167 0.417187 0.429167 0.417187 0.458333 0.384375 0.458333
4 0.235937 0.425000 0.270313 0.425000 0.270313 0.464583 0.235937 0.464583
7 0.307812 0.412500 0.365625 0.412500 0.365625 0.497917 0.307812 0.497917
4 0.378125 0.439583 0.417187 0.439583 0.417187 0.487500 0.378125 0.487500
4 0.242188 0.441667 0.281250 0.441667 0.281250 0.493750 0.242188 0.493750
4 0.357812 0.462500 0.407813 0.462500 0.407813 0.522917 0.357812 0.522917
4 0.157812 0.477083 0.200000 0.477083 0.200000 0.535417 0.157812 0.535417
7 0.179688 0.458333 0.262500 0.458333 0.262500 0.562500 0.179688 0.562500
4 0.270313 0.481250 0.323437 0.481250 0.323437 0.552083 0.270313 0.552083
4 0.201563 0.568750 0.287500 0.568750 0.287500 0.668750 0.201563 0.668750
4 0.303125 0.566667 0.382812 0.566667 0.382812 0.670833 0.303125 0.670833
4 0.071875 0.600000 0.164062 0.600000 0.164062 0.702083 0.071875 0.702083
4 0.584375 0.702083 0.693750 0.702083 0.693750 0.877083 0.584375 0.877083