8 0.345312 0.366667 0.387500 0.366667 0.387500 0.435417 0.345312 0.435417
11 0.290625 0.368750 0.335938 0.368750 0.335938 0.443750 0.290625 0.443750
4 0.387500 0.418750 0.421875 0.418750 0.421875 0.456250 0.387500 0.456250
4 0.235937 0.431250 0.262500 0.431250 0.262500 0.466667 0.235937 0.466667
4 0.331250 0.427083 0.364063 0.427083 0.364063 0.470833 0.331250 0.470833
9 0.553125 0.412500 0.601562 0.412500 0.601562 0.493750 0.553125 0.493750
4 0.378125 0.447917 0.410938 0.447917 0.410938 0.491667 0.378125 0.491667
7 0.243750 0.437500 0.292187 0.437500 0.292187 0.504167 0.243750 0.504167
7 0.173437 0.481250 0.239062 0.481250 0.239062 0.575000 0.173437 0.575000
6 0.354687 0.500000 0.401562 0.500000 0.401562 0.570833 0.354687 0.570833
4 0.248438 0.514583 0.306250 0.514583 0.306250 0.585417 0.248438 0.585417
4 0.320312 0.579167 0.385938 0.579167 0.385938 0.668750 0.320312 0.668750
4 0.167187 0.614583 0.243750 0.614583 0.243750 0.695833 0.167187 0.695833
9 0.000000 0.583333 0.106250 0.583333 0.106250 0.764583 0.000000 0.764583
7 0.793750 0.602083 0.921875 0.602083 0.921875 0.789583 0.793750 0.789583
4 0.109375 0.710417 0.225000 0.710417 0.225000 0.835417 0.109375 0.835417
4 0.234375 0.739583 0.348437 0.739583 0.348437 0.879167 0.234375 0.879167