9 0.281250 0.368750 0.339063 0.368750 0.339063 0.456250 0.281250 0.456250
4 0.398438 0.397917 0.425000 0.397917 0.425000 0.435417 0.398438 0.435417
4 0.393750 0.427083 0.423437 0.427083 0.423437 0.460417 0.393750 0.460417
9 0.546875 0.393750 0.604688 0.393750 0.604688 0.495833 0.546875 0.495833
8 0.223438 0.391667 0.303125 0.391667 0.303125 0.510417 0.223438 0.510417
9 0.292187 0.400000 0.354687 0.400000 0.354687 0.508333 0.292187 0.508333
4 0.484375 0.431250 0.523438 0.431250 0.523438 0.485417 0.484375 0.485417
4 0.370312 0.464583 0.404688 0.464583 0.404688 0.510417 0.370312 0.510417
4 0.256250 0.508333 0.310937 0.508333 0.310937 0.566667 0.256250 0.566667
7 0.157812 0.495833 0.235937 0.495833 0.235937 0.600000 0.157812 0.600000
4 0.337500 0.518750 0.392188 0.518750 0.392188 0.589583 0.337500 0.589583
4 0.509375 0.520833 0.560937 0.520833 0.560937 0.591667 0.509375 0.591667
6 0.315625 0.583333 0.385937 0.583333 0.385937 0.683333 0.315625 0.683333
7 0.720312 0.575000 0.835938 0.575000 0.835938 0.708333 0.720312 0.708333
7 0.000000 0.602083 0.128125 0.602083 0.128125 0.762500 0.000000 0.762500
4 0.264062 0.706250 0.360938 0.706250 0.360938 0.839583 0.264062 0.839583
4 0.042188 0.752083 0.181250 0.752083 0.181250 0.908333 0.042188 0.908333