4 0.287500 0.402083 0.312500 0.402083 0.312500 0.435417 0.287500 0.435417
4 0.568750 0.404167 0.598438 0.404167 0.598438 0.447917 0.568750 0.447917
4 0.531250 0.404167 0.560938 0.404167 0.560938 0.452083 0.531250 0.452083
4 0.340625 0.420833 0.371875 0.420833 0.371875 0.456250 0.340625 0.456250
4 0.389063 0.425000 0.418750 0.425000 0.418750 0.462500 0.389063 0.462500
4 0.484375 0.439583 0.521875 0.439583 0.521875 0.487500 0.484375 0.487500
4 0.317187 0.443750 0.351562 0.443750 0.351562 0.495833 0.317187 0.495833
4 0.551562 0.454167 0.589063 0.454167 0.589063 0.502083 0.551562 0.502083
4 0.370312 0.462500 0.410938 0.462500 0.410938 0.514583 0.370312 0.514583
9 0.162500 0.429167 0.254688 0.429167 0.254688 0.562500 0.162500 0.562500
7 0.268750 0.445833 0.332813 0.445833 0.332813 0.547917 0.268750 0.547917
4 0.373437 0.487500 0.420312 0.487500 0.420312 0.550000 0.373437 0.550000
7 0.168750 0.529167 0.273438 0.529167 0.273438 0.681250 0.168750 0.681250
4 0.295313 0.577083 0.370312 0.577083 0.370312 0.668750 0.295313 0.668750
4 0.731250 0.570833 0.817187 0.570833 0.817187 0.681250 0.731250 0.681250
9 0.000000 0.516667 0.145313 0.516667 0.145313 0.745833 0.000000 0.745833
4 0.542188 0.591667 0.629687 0.591667 0.629687 0.708333 0.542188 0.708333
4 0.270312 0.679167 0.359375 0.679167 0.359375 0.783333 0.270312 0.783333
9 0.000000 0.654167 0.185938 0.654167 0.185938 1.000000 0.000000 1.000000
4 0.167188 0.856250 0.310937 0.856250 0.310937 1.000000 0.167188 1.000000