8 0.321875 0.377083 0.376563 0.377083 0.376563 0.462500 0.321875 0.462500
4 0.381250 0.422917 0.410938 0.422917 0.410938 0.454167 0.381250 0.454167
7 0.253125 0.427083 0.300000 0.427083 0.300000 0.487500 0.253125 0.487500
4 0.375000 0.445833 0.409375 0.445833 0.409375 0.493750 0.375000 0.493750
4 0.490625 0.441667 0.531250 0.441667 0.531250 0.497917 0.490625 0.497917
9 0.279687 0.431250 0.343750 0.431250 0.343750 0.514583 0.279687 0.514583
7 0.214062 0.456250 0.260937 0.456250 0.260937 0.514583 0.214062 0.514583
4 0.362500 0.493750 0.398438 0.493750 0.398438 0.541667 0.362500 0.541667
9 0.653125 0.477083 0.728125 0.477083 0.728125 0.568750 0.653125 0.568750
7 0.132812 0.491667 0.214062 0.491667 0.214062 0.600000 0.132812 0.600000
4 0.339062 0.531250 0.400000 0.531250 0.400000 0.606250 0.339062 0.606250
0 0.159375 0.489583 0.298438 0.489583 0.298438 0.681250 0.159375 0.681250
9 0.000000 0.575000 0.120313 0.575000 0.120313 0.729167 0.000000 0.729167
4 0.284375 0.622917 0.367188 0.622917 0.367188 0.712500 0.284375 0.712500
4 0.559375 0.668750 0.670312 0.668750 0.670312 0.837500 0.559375 0.837500
4 0.217188 0.754167 0.337500 0.754167 0.337500 0.908333 0.217188 0.908333