9 0.265625 0.379167 0.326562 0.379167 0.326562 0.466667 0.265625 0.466667
4 0.378125 0.422917 0.404688 0.422917 0.404688 0.460417 0.378125 0.460417
4 0.334375 0.429167 0.367188 0.429167 0.367188 0.470833 0.334375 0.470833
4 0.232813 0.435417 0.268750 0.435417 0.268750 0.477083 0.232813 0.477083
4 0.501563 0.443750 0.534375 0.443750 0.534375 0.491667 0.501563 0.491667
4 0.378125 0.452083 0.415625 0.452083 0.415625 0.495833 0.378125 0.495833
9 0.285938 0.429167 0.357813 0.429167 0.357813 0.529167 0.285938 0.529167
4 0.179688 0.458333 0.228125 0.458333 0.228125 0.508333 0.179688 0.508333
4 0.348437 0.495833 0.398438 0.495833 0.398438 0.558333 0.348437 0.558333
4 0.167188 0.497917 0.225000 0.497917 0.225000 0.575000 0.167188 0.575000
4 0.214062 0.537500 0.285938 0.537500 0.285938 0.633333 0.214062 0.633333
4 0.521875 0.535417 0.585938 0.535417 0.585938 0.639583 0.521875 0.639583
4 0.285938 0.566667 0.371875 0.566667 0.371875 0.660417 0.285938 0.660417
7 0.037500 0.545833 0.164062 0.545833 0.164062 0.697917 0.037500 0.697917
4 0.789062 0.629167 0.898438 0.629167 0.898438 0.752083 0.789062 0.752083
4 0.023438 0.766667 0.170313 0.766667 0.170313 0.937500 0.023438 0.937500
4 0.784375 0.827083 0.984375 0.827083 0.984375 1.000000 0.784375 1.000000