8 0.478125 0.325000 0.493750 0.325000 0.493750 0.354167 0.478125 0.354167
4 0.460938 0.343750 0.471875 0.343750 0.471875 0.358333 0.460938 0.358333
9 0.321875 0.358333 0.356250 0.358333 0.356250 0.414583 0.321875 0.414583
7 0.350000 0.383333 0.379688 0.383333 0.379688 0.427083 0.350000 0.427083
4 0.387500 0.397917 0.412500 0.397917 0.412500 0.416667 0.387500 0.416667
4 0.384375 0.414583 0.412500 0.414583 0.412500 0.443750 0.384375 0.443750
7 0.278125 0.406250 0.320312 0.406250 0.320312 0.466667 0.278125 0.466667
9 0.321875 0.408333 0.365625 0.408333 0.365625 0.479167 0.321875 0.479167
4 0.384375 0.435417 0.415625 0.435417 0.415625 0.468750 0.384375 0.468750
4 0.234375 0.435417 0.267188 0.435417 0.267188 0.470833 0.234375 0.470833
4 0.375000 0.450000 0.409375 0.450000 0.409375 0.491667 0.375000 0.491667
4 0.248438 0.458333 0.285938 0.458333 0.285938 0.497917 0.248438 0.497917
4 0.298437 0.456250 0.339062 0.456250 0.339062 0.510417 0.298437 0.510417
4 0.356250 0.470833 0.398438 0.470833 0.398438 0.527083 0.356250 0.527083
4 0.260937 0.506250 0.306250 0.506250 0.306250 0.566667 0.260937 0.566667
4 0.223437 0.550000 0.289062 0.550000 0.289062 0.631250 0.223437 0.631250
4 0.304688 0.562500 0.375000 0.562500 0.375000 0.668750 0.304688 0.668750
8 0.000000 0.508333 0.156250 0.508333 0.156250 0.747917 0.000000 0.747917
4 0.128125 0.662500 0.229687 0.662500 0.229687 0.772917 0.128125 0.772917