7 0.296875 0.393750 0.329688 0.393750 0.329688 0.433333 0.296875 0.433333
9 0.568750 0.377083 0.623437 0.377083 0.623437 0.470833 0.568750 0.470833
7 0.331250 0.397917 0.370312 0.397917 0.370312 0.452083 0.331250 0.452083
9 0.256250 0.408333 0.301563 0.408333 0.301563 0.491667 0.256250 0.491667
9 0.301562 0.433333 0.351562 0.433333 0.351562 0.504167 0.301562 0.504167
4 0.371875 0.460417 0.414062 0.460417 0.414062 0.506250 0.371875 0.506250
8 0.100000 0.454167 0.228125 0.454167 0.228125 0.616667 0.100000 0.616667
4 0.348438 0.504167 0.404688 0.504167 0.404688 0.570833 0.348438 0.570833
8 0.581250 0.472917 0.696875 0.472917 0.696875 0.625000 0.581250 0.625000
7 0.714062 0.491667 0.803125 0.491667 0.803125 0.629167 0.714062 0.629167
4 0.264062 0.529167 0.318750 0.529167 0.318750 0.595833 0.264062 0.595833
4 0.285938 0.643750 0.385937 0.643750 0.385937 0.760417 0.285938 0.760417
4 0.545312 0.639583 0.635937 0.639583 0.635937 0.797917 0.545312 0.797917
4 0.859375 0.708333 1.000000 0.708333 1.000000 0.870833 0.859375 0.870833
11 0.000000 0.625000 0.200000 0.625000 0.200000 1.000000 0.000000 1.000000
4 0.176563 0.854167 0.323437 0.854167 0.323437 1.000000 0.176563 1.000000