4 0.284375 0.420833 0.318750 0.420833 0.318750 0.466667 0.284375 0.466667
4 0.326562 0.427083 0.359375 0.427083 0.359375 0.475000 0.326562 0.475000
4 0.373438 0.443750 0.410938 0.443750 0.410938 0.483333 0.373438 0.483333
10 0.237500 0.441667 0.289062 0.441667 0.289062 0.500000 0.237500 0.500000
4 0.495312 0.452083 0.532813 0.452083 0.532813 0.495833 0.495312 0.495833
4 0.306250 0.456250 0.346875 0.456250 0.346875 0.495833 0.306250 0.495833
4 0.375000 0.470833 0.417188 0.470833 0.417188 0.516667 0.375000 0.516667
4 0.296875 0.487500 0.332812 0.487500 0.332812 0.525000 0.296875 0.525000
10 0.589062 0.454167 0.650000 0.454167 0.650000 0.562500 0.589062 0.562500
4 0.507812 0.491667 0.559375 0.491667 0.559375 0.564583 0.507812 0.564583
4 0.284375 0.497917 0.325000 0.497917 0.325000 0.564583 0.284375 0.564583
4 0.350000 0.508333 0.401562 0.508333 0.401562 0.560417 0.350000 0.560417
10 0.200000 0.500000 0.292187 0.500000 0.292187 0.625000 0.200000 0.625000
4 0.350000 0.541667 0.396875 0.541667 0.396875 0.593750 0.350000 0.593750
8 0.018750 0.491667 0.171875 0.491667 0.171875 0.662500 0.018750 0.662500
4 0.348438 0.564583 0.415625 0.564583 0.415625 0.656250 0.348438 0.656250
10 0.137500 0.558333 0.254688 0.558333 0.254688 0.718750 0.137500 0.718750
9 0.000000 0.589583 0.070312 0.589583 0.070312 0.777083 0.000000 0.777083
4 0.262500 0.639583 0.357813 0.639583 0.357813 0.745833 0.262500 0.745833
4 0.546875 0.670833 0.650000 0.670833 0.650000 0.839583 0.546875 0.839583
4 0.239062 0.745833 0.343750 0.745833 0.343750 0.872917 0.239062 0.872917
8 0.000000 0.658333 0.182812 0.658333 0.182812 1.000000 0.000000 1.000000
10 0.796875 0.731250 1.000000 0.731250 1.000000 1.000000 0.796875 1.000000
4 0.153125 0.883333 0.303125 0.883333 0.303125 1.000000 0.153125 1.000000