4 0.343750 0.360417 0.376563 0.360417 0.376563 0.402083 0.343750 0.402083
4 0.529687 0.366667 0.560937 0.366667 0.560937 0.400000 0.529687 0.400000
4 0.504687 0.375000 0.531250 0.375000 0.531250 0.402083 0.504687 0.402083
4 0.360938 0.397917 0.390625 0.397917 0.390625 0.422917 0.360938 0.422917
7 0.553125 0.389583 0.587500 0.389583 0.587500 0.435417 0.553125 0.435417
4 0.473438 0.393750 0.510938 0.393750 0.510938 0.445833 0.473438 0.445833
4 0.353125 0.404167 0.378125 0.404167 0.378125 0.445833 0.353125 0.445833
4 0.385937 0.406250 0.417187 0.406250 0.417187 0.443750 0.385937 0.443750
4 0.528125 0.416667 0.567187 0.416667 0.567187 0.464583 0.528125 0.464583
4 0.395313 0.420833 0.428125 0.420833 0.428125 0.462500 0.395313 0.462500
4 0.309375 0.412500 0.359375 0.412500 0.359375 0.477083 0.309375 0.477083
9 0.221875 0.389583 0.301563 0.389583 0.301563 0.514583 0.221875 0.514583
4 0.562500 0.447917 0.603125 0.447917 0.603125 0.510417 0.562500 0.510417
7 0.284375 0.439583 0.351562 0.439583 0.351562 0.527083 0.284375 0.527083
4 0.348438 0.466667 0.407812 0.466667 0.407812 0.520833 0.348438 0.520833
4 0.495312 0.464583 0.545312 0.464583 0.545312 0.535417 0.495312 0.535417
9 0.114063 0.441667 0.242188 0.441667 0.242188 0.604167 0.114063 0.604167
4 0.659375 0.489583 0.717187 0.489583 0.717187 0.570833 0.659375 0.570833
4 0.339062 0.510417 0.404688 0.510417 0.404688 0.587500 0.339062 0.587500
4 0.037500 0.531250 0.128125 0.531250 0.128125 0.631250 0.037500 0.631250
4 0.610937 0.537500 0.679688 0.537500 0.679688 0.633333 0.610937 0.633333
4 0.293750 0.585417 0.370312 0.585417 0.370312 0.691667 0.293750 0.691667
4 0.065625 0.597917 0.154688 0.597917 0.154688 0.693750 0.065625 0.693750
9 0.078125 0.568750 0.276562 0.568750 0.276562 0.831250 0.078125 0.831250
4 0.545312 0.660417 0.673438 0.660417 0.673438 0.856250 0.545312 0.856250
4 0.000000 0.860417 0.110937 0.860417 0.110937 1.000000 0.000000 1.000000
4 0.168750 0.900000 0.337500 0.900000 0.337500 1.000000 0.168750 1.000000