9 0.335938 0.372917 0.379687 0.372917 0.379687 0.437500 0.335938 0.437500
8 0.298438 0.381250 0.365625 0.381250 0.365625 0.485417 0.298438 0.485417
4 0.385937 0.422917 0.415625 0.422917 0.415625 0.454167 0.385937 0.454167
4 0.376563 0.452083 0.412500 0.452083 0.412500 0.487500 0.376563 0.487500
7 0.204688 0.433333 0.276562 0.433333 0.276562 0.531250 0.204688 0.531250
4 0.362500 0.470833 0.401562 0.470833 0.401562 0.520833 0.362500 0.520833
9 0.242188 0.454167 0.323438 0.454167 0.323438 0.562500 0.242188 0.562500
7 0.134375 0.495833 0.214062 0.495833 0.214062 0.581250 0.134375 0.581250
4 0.337500 0.529167 0.385937 0.529167 0.385937 0.604167 0.337500 0.604167
4 0.523438 0.560417 0.596875 0.560417 0.596875 0.666667 0.523438 0.666667
7 0.000000 0.560417 0.139063 0.560417 0.139063 0.691667 0.000000 0.691667
4 0.292187 0.631250 0.378125 0.631250 0.378125 0.737500 0.292187 0.737500
8 0.839063 0.564583 1.000000 0.564583 1.000000 0.931250 0.839063 0.931250
0 0.000000 0.581250 0.243750 0.581250 0.243750 0.960417 0.000000 0.960417
4 0.201562 0.793750 0.334375 0.793750 0.334375 0.952083 0.201562 0.952083