8 0.287500 0.375000 0.340625 0.375000 0.340625 0.441667 0.287500 0.441667
9 0.240625 0.404167 0.290625 0.404167 0.290625 0.458333 0.240625 0.458333
4 0.325000 0.433333 0.367188 0.433333 0.367188 0.477083 0.325000 0.477083
4 0.364063 0.450000 0.407812 0.450000 0.407812 0.491667 0.364063 0.491667
9 0.184375 0.443750 0.320312 0.443750 0.320312 0.610417 0.184375 0.610417
4 0.346875 0.504167 0.403125 0.504167 0.403125 0.577083 0.346875 0.577083
4 0.323437 0.560417 0.384375 0.560417 0.384375 0.635417 0.323437 0.635417
8 0.046875 0.495833 0.268750 0.495833 0.268750 0.812500 0.046875 0.812500
4 0.285938 0.604167 0.378125 0.604167 0.378125 0.720833 0.285938 0.720833
4 0.257812 0.687500 0.339063 0.687500 0.339063 0.827083 0.257812 0.827083
4 0.570312 0.781250 0.710938 0.781250 0.710938 0.952083 0.570312 0.952083
9 0.000000 0.764583 0.109375 0.764583 0.109375 1.000000 0.000000 1.000000
4 0.200000 0.822917 0.318750 0.822917 0.318750 0.991667 0.200000 0.991667