4 0.475000 0.406250 0.506250 0.406250 0.506250 0.439583 0.475000 0.439583
7 0.564063 0.391667 0.604687 0.391667 0.604687 0.458333 0.564063 0.458333
4 0.340625 0.406250 0.371875 0.406250 0.371875 0.447917 0.340625 0.447917
4 0.387500 0.418750 0.420313 0.418750 0.420313 0.454167 0.387500 0.454167
4 0.529687 0.416667 0.565625 0.416667 0.565625 0.456250 0.529687 0.456250
7 0.278125 0.416667 0.318750 0.416667 0.318750 0.464583 0.278125 0.464583
4 0.320312 0.437500 0.357812 0.437500 0.357812 0.477083 0.320312 0.477083
4 0.382812 0.450000 0.420312 0.450000 0.420312 0.493750 0.382812 0.493750
4 0.485938 0.456250 0.520313 0.456250 0.520313 0.504167 0.485938 0.504167
4 0.301563 0.470833 0.339062 0.470833 0.339062 0.514583 0.301563 0.514583
4 0.214062 0.470833 0.262500 0.470833 0.262500 0.520833 0.214062 0.520833
4 0.615625 0.468750 0.670312 0.468750 0.670312 0.531250 0.615625 0.531250
4 0.357813 0.489583 0.403125 0.489583 0.403125 0.537500 0.357813 0.537500
4 0.276562 0.491667 0.329687 0.491667 0.329687 0.558333 0.276562 0.558333
4 0.512500 0.508333 0.567187 0.508333 0.567187 0.587500 0.512500 0.587500
4 0.350000 0.531250 0.398438 0.531250 0.398438 0.591667 0.350000 0.591667
8 0.053125 0.468750 0.196875 0.468750 0.196875 0.660417 0.053125 0.660417
7 0.603125 0.516667 0.676563 0.516667 0.676563 0.618750 0.603125 0.618750
9 0.200000 0.504167 0.301563 0.504167 0.301563 0.635417 0.200000 0.635417
4 0.350000 0.562500 0.414062 0.562500 0.414062 0.652083 0.350000 0.652083
9 0.135937 0.562500 0.254688 0.562500 0.254688 0.718750 0.135937 0.718750
8 0.000000 0.577083 0.079687 0.577083 0.079687 0.766667 0.000000 0.766667
4 0.260937 0.637500 0.357813 0.637500 0.357813 0.741667 0.260937 0.741667
4 0.237500 0.743750 0.342188 0.743750 0.342188 0.875000 0.237500 0.875000
8 0.000000 0.652083 0.193750 0.652083 0.193750 1.000000 0.000000 1.000000
4 0.151562 0.881250 0.304688 0.881250 0.304688 1.000000 0.151562 1.000000