8 0.589063 0.391667 0.643750 0.391667 0.643750 0.472917 0.589063 0.472917
0 0.537500 0.395833 0.603125 0.395833 0.603125 0.493750 0.537500 0.493750
9 0.300000 0.414583 0.356250 0.414583 0.356250 0.493750 0.300000 0.493750
4 0.368750 0.450000 0.407813 0.450000 0.407813 0.493750 0.368750 0.493750
7 0.182812 0.454167 0.246875 0.454167 0.246875 0.550000 0.182812 0.550000
4 0.362500 0.481250 0.404688 0.481250 0.404688 0.522917 0.362500 0.522917
4 0.500000 0.470833 0.543750 0.470833 0.543750 0.533333 0.500000 0.533333
9 0.584375 0.466667 0.673438 0.466667 0.673438 0.587500 0.584375 0.587500
0 0.221875 0.456250 0.328125 0.456250 0.328125 0.602083 0.221875 0.602083
4 0.345312 0.516667 0.395313 0.516667 0.395313 0.583333 0.345312 0.583333
9 0.087500 0.512500 0.189062 0.512500 0.189062 0.612500 0.087500 0.612500
4 0.303125 0.581250 0.373437 0.581250 0.373437 0.658333 0.303125 0.658333
4 0.534375 0.627083 0.612500 0.627083 0.612500 0.754167 0.534375 0.754167
4 0.264062 0.660417 0.359375 0.660417 0.359375 0.787500 0.264062 0.787500
8 0.000000 0.612500 0.235937 0.612500 0.235937 0.991667 0.000000 0.991667