7 0.312500 0.387500 0.342187 0.387500 0.342187 0.437500 0.312500 0.437500
9 0.571875 0.379167 0.614063 0.379167 0.614063 0.452083 0.571875 0.452083
4 0.390625 0.412500 0.418750 0.412500 0.418750 0.439583 0.390625 0.439583
7 0.265625 0.420833 0.306250 0.420833 0.306250 0.479167 0.265625 0.479167
4 0.323437 0.433333 0.354687 0.433333 0.354687 0.477083 0.323437 0.477083
6 0.382812 0.441667 0.412500 0.441667 0.412500 0.489583 0.382812 0.489583
4 0.289062 0.468750 0.323438 0.468750 0.323438 0.504167 0.289062 0.504167
4 0.364063 0.487500 0.401562 0.487500 0.401562 0.535417 0.364063 0.535417
4 0.287500 0.493750 0.331250 0.493750 0.331250 0.550000 0.287500 0.550000
9 0.146875 0.470833 0.229688 0.470833 0.229688 0.583333 0.146875 0.583333
4 0.329688 0.562500 0.390625 0.562500 0.390625 0.635417 0.329688 0.635417
9 0.168750 0.539583 0.279687 0.539583 0.279687 0.683333 0.168750 0.683333
7 0.042187 0.539583 0.154688 0.539583 0.154688 0.683333 0.042187 0.683333
4 0.712500 0.654167 0.820312 0.654167 0.820312 0.812500 0.712500 0.812500