4 0.489063 0.366667 0.521875 0.366667 0.521875 0.400000 0.489063 0.400000
8 0.296875 0.370833 0.345313 0.370833 0.345313 0.441667 0.296875 0.441667
4 0.478125 0.387500 0.510937 0.387500 0.510937 0.439583 0.478125 0.439583
9 0.254688 0.393750 0.310938 0.393750 0.310938 0.458333 0.254688 0.458333
4 0.334375 0.418750 0.373437 0.418750 0.373437 0.468750 0.334375 0.468750
9 0.175000 0.414583 0.271875 0.414583 0.271875 0.485417 0.175000 0.485417
4 0.376562 0.431250 0.417187 0.431250 0.417187 0.483333 0.376562 0.483333
4 0.301563 0.464583 0.332813 0.464583 0.332813 0.541667 0.301563 0.541667
4 0.348438 0.491667 0.412500 0.491667 0.412500 0.564583 0.348438 0.564583
9 0.190625 0.443750 0.314062 0.443750 0.314062 0.616667 0.190625 0.616667
4 0.325000 0.539583 0.390625 0.539583 0.390625 0.620833 0.325000 0.620833
8 0.040625 0.460417 0.273438 0.460417 0.273438 0.818750 0.040625 0.818750
4 0.284375 0.591667 0.381250 0.591667 0.381250 0.731250 0.284375 0.731250
4 0.000000 0.614583 0.073438 0.614583 0.073438 0.743750 0.000000 0.743750
4 0.237500 0.681250 0.354687 0.681250 0.354687 0.829167 0.237500 0.829167
9 0.000000 0.729167 0.142187 0.729167 0.142187 1.000000 0.000000 1.000000
4 0.189062 0.816667 0.334375 0.816667 0.334375 1.000000 0.189062 1.000000