4 0.492188 0.400000 0.520312 0.400000 0.520312 0.439583 0.492188 0.439583
7 0.273438 0.395833 0.318750 0.395833 0.318750 0.462500 0.273438 0.462500
0 0.315625 0.389583 0.375000 0.389583 0.375000 0.477083 0.315625 0.477083
9 0.234375 0.429167 0.282813 0.429167 0.282813 0.472917 0.234375 0.472917
4 0.368750 0.450000 0.407813 0.450000 0.407813 0.493750 0.368750 0.493750
8 0.245312 0.429167 0.340625 0.429167 0.340625 0.556250 0.245312 0.556250
4 0.493750 0.464583 0.539062 0.464583 0.539062 0.527083 0.493750 0.527083
9 0.182812 0.445833 0.254688 0.445833 0.254688 0.554167 0.182812 0.554167
4 0.362500 0.481250 0.404688 0.481250 0.404688 0.522917 0.362500 0.522917
4 0.348437 0.510417 0.398438 0.510417 0.398438 0.570833 0.348437 0.570833
4 0.609375 0.510417 0.667188 0.510417 0.667188 0.600000 0.609375 0.600000
4 0.320312 0.554167 0.384375 0.554167 0.384375 0.618750 0.320312 0.618750
9 0.164062 0.541667 0.276562 0.541667 0.276562 0.691667 0.164062 0.691667
8 0.000000 0.497917 0.156250 0.497917 0.156250 0.777083 0.000000 0.777083
4 0.529687 0.591667 0.600000 0.591667 0.600000 0.702083 0.529687 0.702083
4 0.293750 0.597917 0.368750 0.597917 0.368750 0.697917 0.293750 0.697917
6 0.285938 0.654167 0.371875 0.654167 0.371875 0.781250 0.285938 0.781250
4 0.234375 0.764583 0.346875 0.764583 0.346875 0.914583 0.234375 0.914583