4 0.295313 0.404167 0.332813 0.404167 0.332813 0.450000 0.295313 0.450000
4 0.332813 0.425000 0.368750 0.425000 0.368750 0.462500 0.332813 0.462500
9 0.542188 0.404167 0.590625 0.404167 0.590625 0.485417 0.542188 0.485417
4 0.390625 0.431250 0.425000 0.431250 0.425000 0.468750 0.390625 0.468750
4 0.595312 0.435417 0.632812 0.435417 0.632812 0.477083 0.595312 0.477083
4 0.243750 0.450000 0.281250 0.450000 0.281250 0.489583 0.243750 0.489583
4 0.309375 0.460417 0.346875 0.460417 0.346875 0.502083 0.309375 0.502083
4 0.364063 0.477083 0.404688 0.477083 0.404688 0.527083 0.364063 0.527083
4 0.290625 0.479167 0.332813 0.479167 0.332813 0.535417 0.290625 0.535417
4 0.498438 0.483333 0.543750 0.483333 0.543750 0.545833 0.498438 0.545833
7 0.653125 0.462500 0.726562 0.462500 0.726562 0.581250 0.653125 0.581250
4 0.578125 0.489583 0.625000 0.489583 0.625000 0.558333 0.578125 0.558333
8 0.096875 0.456250 0.218750 0.456250 0.218750 0.618750 0.096875 0.618750
4 0.353125 0.510417 0.398438 0.510417 0.398438 0.575000 0.353125 0.575000
9 0.215625 0.487500 0.300000 0.487500 0.300000 0.608333 0.215625 0.608333
4 0.356250 0.547917 0.415625 0.547917 0.415625 0.631250 0.356250 0.631250
9 0.135937 0.566667 0.251563 0.566667 0.251563 0.720833 0.135937 0.720833
4 0.268750 0.625000 0.360937 0.625000 0.360937 0.731250 0.268750 0.731250
8 0.000000 0.587500 0.070312 0.587500 0.070312 0.783333 0.000000 0.783333
4 0.542187 0.683333 0.631250 0.683333 0.631250 0.822917 0.542187 0.822917
4 0.242187 0.750000 0.340625 0.750000 0.340625 0.870833 0.242187 0.870833
8 0.000000 0.662500 0.184375 0.662500 0.184375 1.000000 0.000000 1.000000
4 0.159375 0.883333 0.301563 0.883333 0.301563 1.000000 0.159375 1.000000