4 0.464062 0.358333 0.487500 0.358333 0.487500 0.389583 0.464062 0.389583
8 0.292187 0.379167 0.340625 0.379167 0.340625 0.439583 0.292187 0.439583
9 0.240625 0.397917 0.293750 0.397917 0.293750 0.456250 0.240625 0.456250
4 0.329687 0.422917 0.364063 0.422917 0.364063 0.477083 0.329687 0.477083
9 0.167187 0.439583 0.246875 0.439583 0.246875 0.495833 0.167187 0.495833
4 0.367188 0.445833 0.412500 0.445833 0.412500 0.497917 0.367188 0.497917
9 0.192188 0.447917 0.318750 0.447917 0.318750 0.620833 0.192188 0.620833
4 0.348438 0.500000 0.415625 0.500000 0.415625 0.595833 0.348438 0.595833
4 0.318750 0.550000 0.392188 0.550000 0.392188 0.633333 0.318750 0.633333
8 0.040625 0.502083 0.254687 0.502083 0.254687 0.818750 0.040625 0.818750
4 0.284375 0.600000 0.400000 0.600000 0.400000 0.725000 0.284375 0.725000
4 0.000000 0.683333 0.045312 0.683333 0.045312 0.777083 0.000000 0.777083
4 0.240625 0.668750 0.351562 0.668750 0.351562 0.829167 0.240625 0.829167
9 0.000000 0.760417 0.106250 0.760417 0.106250 1.000000 0.000000 1.000000
4 0.189062 0.822917 0.325000 0.822917 0.325000 1.000000 0.189062 1.000000
4 0.590625 0.879167 0.762500 0.879167 0.762500 0.987500 0.590625 0.987500