8 0.490625 0.341667 0.515625 0.341667 0.515625 0.387500 0.490625 0.387500
9 0.334375 0.350000 0.365625 0.350000 0.365625 0.397917 0.334375 0.397917
4 0.471875 0.383333 0.492188 0.383333 0.492188 0.406250 0.471875 0.406250
7 0.351562 0.383333 0.381250 0.383333 0.381250 0.427083 0.351562 0.427083
4 0.387500 0.397917 0.412500 0.397917 0.412500 0.416667 0.387500 0.416667
7 0.304688 0.391667 0.337500 0.391667 0.337500 0.435417 0.304688 0.435417
4 0.384375 0.414583 0.412500 0.414583 0.412500 0.443750 0.384375 0.443750
9 0.331250 0.404167 0.367188 0.404167 0.367188 0.466667 0.331250 0.466667
4 0.290625 0.420833 0.317188 0.420833 0.317188 0.454167 0.290625 0.454167
4 0.387500 0.433333 0.418750 0.433333 0.418750 0.466667 0.387500 0.466667
4 0.221875 0.445833 0.256250 0.445833 0.256250 0.479167 0.221875 0.479167
4 0.375000 0.447917 0.409375 0.447917 0.409375 0.489583 0.375000 0.489583
4 0.309375 0.443750 0.346875 0.443750 0.346875 0.495833 0.309375 0.495833
4 0.254687 0.458333 0.289062 0.458333 0.289062 0.500000 0.254687 0.500000
4 0.359375 0.468750 0.396875 0.468750 0.396875 0.520833 0.359375 0.520833
4 0.268750 0.491667 0.317188 0.491667 0.317188 0.554167 0.268750 0.554167
9 0.096875 0.452083 0.231250 0.452083 0.231250 0.604167 0.096875 0.604167
4 0.342188 0.497917 0.395313 0.497917 0.395313 0.570833 0.342188 0.570833
4 0.220313 0.566667 0.282813 0.566667 0.282813 0.643750 0.220313 0.643750
9 0.000000 0.556250 0.117188 0.556250 0.117188 0.816667 0.000000 0.816667
4 0.685937 0.641667 0.795312 0.641667 0.795312 0.770833 0.685937 0.770833
4 0.281250 0.679167 0.370313 0.679167 0.370313 0.800000 0.281250 0.800000
4 0.064062 0.727083 0.189062 0.727083 0.189062 0.889583 0.064062 0.889583
4 0.129687 0.937500 0.275000 0.937500 0.275000 1.000000 0.129687 1.000000