9 0.320312 0.377083 0.378125 0.377083 0.378125 0.460417 0.320312 0.460417
4 0.381250 0.433333 0.410938 0.433333 0.410938 0.464583 0.381250 0.464583
7 0.548438 0.435417 0.590625 0.435417 0.590625 0.500000 0.548438 0.500000
8 0.246875 0.412500 0.340625 0.412500 0.340625 0.568750 0.246875 0.568750
4 0.504687 0.477083 0.551562 0.477083 0.551562 0.545833 0.504687 0.545833
4 0.351562 0.483333 0.404687 0.483333 0.404687 0.560417 0.351562 0.560417
8 0.679688 0.452083 0.807813 0.452083 0.807813 0.635417 0.679688 0.635417
7 0.118750 0.495833 0.214062 0.495833 0.214062 0.593750 0.118750 0.593750
7 0.596875 0.485417 0.679688 0.485417 0.679688 0.633333 0.596875 0.633333
4 0.329688 0.533333 0.384375 0.533333 0.384375 0.604167 0.329688 0.604167
9 0.114062 0.533333 0.260937 0.533333 0.260937 0.718750 0.114062 0.718750
7 0.000000 0.602083 0.110937 0.602083 0.110937 0.754167 0.000000 0.754167
4 0.268750 0.683333 0.360937 0.683333 0.360937 0.808333 0.268750 0.808333
4 0.587500 0.693750 0.700000 0.693750 0.700000 0.889583 0.587500 0.889583