4 0.325000 0.360417 0.356250 0.360417 0.356250 0.393750 0.325000 0.393750
4 0.357813 0.391667 0.387500 0.391667 0.387500 0.431250 0.357813 0.431250
4 0.401563 0.406250 0.429688 0.406250 0.429688 0.439583 0.401563 0.439583
4 0.523438 0.400000 0.554688 0.400000 0.554688 0.450000 0.523438 0.450000
4 0.481250 0.404167 0.517188 0.404167 0.517188 0.454167 0.481250 0.454167
4 0.384375 0.412500 0.417187 0.412500 0.417187 0.454167 0.384375 0.454167
4 0.342187 0.412500 0.375000 0.412500 0.375000 0.462500 0.342187 0.462500
4 0.578125 0.412500 0.621875 0.412500 0.621875 0.466667 0.578125 0.466667
4 0.385937 0.418750 0.431250 0.418750 0.431250 0.475000 0.385937 0.475000
7 0.301563 0.410417 0.360937 0.410417 0.360937 0.497917 0.301563 0.497917
9 0.193750 0.408333 0.300000 0.408333 0.300000 0.527083 0.193750 0.527083
4 0.542188 0.433333 0.590625 0.433333 0.590625 0.504167 0.542188 0.504167
7 0.267187 0.447917 0.340625 0.447917 0.340625 0.545833 0.267187 0.545833
4 0.489063 0.458333 0.556250 0.458333 0.556250 0.556250 0.489063 0.556250
4 0.346875 0.483333 0.403125 0.483333 0.403125 0.556250 0.346875 0.556250
9 0.079687 0.464583 0.220312 0.464583 0.220312 0.631250 0.079687 0.631250
4 0.331250 0.537500 0.398438 0.537500 0.398438 0.616667 0.331250 0.616667
4 0.712500 0.593750 0.807812 0.593750 0.807812 0.720833 0.712500 0.720833
4 0.000000 0.610417 0.031250 0.610417 0.031250 0.714583 0.000000 0.714583
4 0.017188 0.631250 0.121875 0.631250 0.121875 0.741667 0.017188 0.741667
4 0.260937 0.652083 0.353125 0.652083 0.353125 0.777083 0.260937 0.777083
4 0.554688 0.650000 0.650000 0.650000 0.650000 0.793750 0.554688 0.793750
9 0.043750 0.589583 0.268750 0.589583 0.268750 0.895833 0.043750 0.895833
4 0.000000 0.922917 0.071875 0.922917 0.071875 1.000000 0.000000 1.000000