9 0.323437 0.352083 0.357813 0.352083 0.357813 0.402083 0.323437 0.402083
4 0.507812 0.379167 0.528125 0.379167 0.528125 0.412500 0.507812 0.412500
4 0.412500 0.391667 0.434375 0.391667 0.434375 0.418750 0.412500 0.418750
9 0.289062 0.366667 0.342187 0.366667 0.342187 0.445833 0.289062 0.445833
4 0.475000 0.389583 0.501563 0.389583 0.501563 0.422917 0.475000 0.422917
4 0.393750 0.395833 0.417187 0.395833 0.417187 0.425000 0.393750 0.425000
7 0.335938 0.389583 0.378125 0.389583 0.378125 0.447917 0.335938 0.447917
4 0.262500 0.410417 0.298437 0.410417 0.298437 0.445833 0.262500 0.445833
4 0.381250 0.410417 0.412500 0.410417 0.412500 0.445833 0.381250 0.445833
4 0.387500 0.429167 0.420313 0.429167 0.420313 0.458333 0.387500 0.458333
4 0.220312 0.439583 0.254688 0.439583 0.254688 0.479167 0.220312 0.479167
7 0.304688 0.420833 0.362500 0.420833 0.362500 0.506250 0.304688 0.506250
4 0.378125 0.445833 0.417187 0.445833 0.417187 0.493750 0.378125 0.493750
4 0.234375 0.454167 0.273438 0.454167 0.273438 0.506250 0.234375 0.506250
4 0.350000 0.477083 0.403125 0.477083 0.403125 0.539583 0.350000 0.539583
4 0.260937 0.491667 0.314062 0.491667 0.314062 0.562500 0.260937 0.562500
7 0.159375 0.477083 0.242188 0.477083 0.242188 0.581250 0.159375 0.581250
4 0.115625 0.500000 0.176562 0.500000 0.176562 0.570833 0.115625 0.570833
4 0.529688 0.539583 0.585938 0.539583 0.585938 0.625000 0.529688 0.625000
4 0.181250 0.600000 0.267188 0.600000 0.267188 0.700000 0.181250 0.700000
4 0.293750 0.610417 0.373438 0.610417 0.373438 0.714583 0.293750 0.714583
4 0.023438 0.654167 0.125000 0.654167 0.125000 0.768750 0.023438 0.768750