4 0.273438 0.416667 0.301562 0.416667 0.301562 0.458333 0.273438 0.458333
8 0.537500 0.383333 0.604687 0.383333 0.604687 0.506250 0.537500 0.506250
4 0.323437 0.435417 0.354687 0.435417 0.354687 0.477083 0.323437 0.477083
7 0.606250 0.416667 0.662500 0.416667 0.662500 0.512500 0.606250 0.512500
8 0.204687 0.420833 0.282813 0.420833 0.282813 0.541667 0.204687 0.541667
4 0.492188 0.454167 0.529688 0.454167 0.529688 0.508333 0.492188 0.508333
4 0.301562 0.458333 0.343750 0.458333 0.343750 0.514583 0.301562 0.514583
4 0.351562 0.481250 0.396875 0.481250 0.396875 0.545833 0.351562 0.545833
4 0.267187 0.506250 0.317188 0.506250 0.317188 0.566667 0.267187 0.566667
8 0.085938 0.454167 0.237500 0.454167 0.237500 0.625000 0.085938 0.625000
4 0.532812 0.510417 0.578125 0.510417 0.578125 0.589583 0.532812 0.589583
4 0.339062 0.537500 0.395313 0.537500 0.395313 0.616667 0.339062 0.616667
4 0.225000 0.545833 0.292187 0.545833 0.292187 0.637500 0.225000 0.637500
4 0.290625 0.612500 0.368750 0.612500 0.368750 0.706250 0.290625 0.706250
4 0.573438 0.716667 0.675000 0.716667 0.675000 0.904167 0.573438 0.904167
4 0.203125 0.752083 0.342187 0.752083 0.342187 0.954167 0.203125 0.954167