9 0.346875 0.368750 0.387500 0.368750 0.387500 0.425000 0.346875 0.425000
8 0.304688 0.379167 0.370313 0.379167 0.370313 0.481250 0.304688 0.481250
4 0.385937 0.422917 0.415625 0.422917 0.415625 0.454167 0.385937 0.454167
4 0.378125 0.443750 0.414062 0.443750 0.414062 0.479167 0.378125 0.479167
4 0.368750 0.460417 0.403125 0.460417 0.403125 0.508333 0.368750 0.508333
7 0.214063 0.447917 0.275000 0.447917 0.275000 0.529167 0.214063 0.529167
9 0.253125 0.452083 0.328125 0.452083 0.328125 0.543750 0.253125 0.543750
7 0.150000 0.491667 0.229687 0.491667 0.229687 0.577083 0.150000 0.577083
4 0.348438 0.514583 0.395313 0.514583 0.395313 0.585417 0.348438 0.585417
7 0.018750 0.539583 0.150000 0.539583 0.150000 0.660417 0.018750 0.660417
4 0.307812 0.602083 0.379688 0.602083 0.379688 0.697917 0.307812 0.697917
0 0.029687 0.552083 0.262500 0.552083 0.262500 0.854167 0.029687 0.854167
4 0.231250 0.745833 0.340625 0.745833 0.340625 0.870833 0.231250 0.870833
4 0.612500 0.877083 0.764062 0.877083 0.764062 1.000000 0.612500 1.000000