4 0.270313 0.422917 0.298437 0.422917 0.298437 0.464583 0.270313 0.464583
4 0.325000 0.435417 0.356250 0.435417 0.356250 0.477083 0.325000 0.477083
8 0.195312 0.422917 0.273438 0.422917 0.273438 0.543750 0.195312 0.543750
4 0.300000 0.458333 0.342188 0.458333 0.342188 0.514583 0.300000 0.514583
4 0.351562 0.481250 0.396875 0.481250 0.396875 0.545833 0.351562 0.545833
4 0.503125 0.497917 0.554688 0.497917 0.554688 0.568750 0.503125 0.568750
4 0.262500 0.508333 0.314062 0.508333 0.314062 0.575000 0.262500 0.575000
8 0.056250 0.472917 0.223437 0.472917 0.223437 0.650000 0.056250 0.650000
4 0.335938 0.550000 0.396875 0.550000 0.396875 0.633333 0.335938 0.633333
4 0.212500 0.566667 0.282813 0.566667 0.282813 0.658333 0.212500 0.658333
4 0.551563 0.604167 0.634375 0.604167 0.634375 0.729167 0.551563 0.729167
4 0.276563 0.639583 0.359375 0.639583 0.359375 0.745833 0.276563 0.745833