0 0.303125 0.395833 0.365625 0.395833 0.365625 0.493750 0.303125 0.493750
7 0.254688 0.410417 0.306250 0.410417 0.306250 0.483333 0.254688 0.483333
4 0.551562 0.431250 0.585938 0.431250 0.585938 0.487500 0.551562 0.487500
9 0.203125 0.437500 0.262500 0.437500 0.262500 0.500000 0.203125 0.500000
4 0.492188 0.441667 0.523438 0.441667 0.523438 0.495833 0.492188 0.495833
4 0.368750 0.450000 0.407813 0.450000 0.407813 0.493750 0.368750 0.493750
4 0.362500 0.481250 0.404688 0.481250 0.404688 0.522917 0.362500 0.522917
9 0.146875 0.466667 0.229688 0.466667 0.229688 0.572917 0.146875 0.572917
8 0.214062 0.460417 0.321875 0.460417 0.321875 0.595833 0.214062 0.595833
4 0.348437 0.510417 0.398438 0.510417 0.398438 0.570833 0.348437 0.570833
4 0.320312 0.554167 0.384375 0.554167 0.384375 0.618750 0.320312 0.618750
7 0.721875 0.522917 0.835938 0.522917 0.835938 0.670833 0.721875 0.670833
4 0.293750 0.597917 0.368750 0.597917 0.368750 0.697917 0.293750 0.697917
9 0.098437 0.589583 0.240625 0.589583 0.240625 0.789583 0.098437 0.789583
6 0.276562 0.660417 0.370312 0.660417 0.370312 0.791667 0.276562 0.791667
11 0.660937 0.531250 0.925000 0.531250 0.925000 0.925000 0.660937 0.925000
4 0.548437 0.645833 0.656250 0.645833 0.656250 0.816667 0.548437 0.816667
4 0.223437 0.789583 0.345312 0.789583 0.345312 0.956250 0.223437 0.956250