8 0.490625 0.341667 0.515625 0.341667 0.515625 0.387500 0.490625 0.387500
9 0.334375 0.350000 0.365625 0.350000 0.365625 0.397917 0.334375 0.397917
4 0.471875 0.383333 0.492188 0.383333 0.492188 0.406250 0.471875 0.406250
7 0.351562 0.383333 0.381250 0.383333 0.381250 0.427083 0.351562 0.427083
4 0.387500 0.397917 0.412500 0.397917 0.412500 0.416667 0.387500 0.416667
7 0.304688 0.391667 0.337500 0.391667 0.337500 0.435417 0.304688 0.435417
4 0.384375 0.414583 0.412500 0.414583 0.412500 0.443750 0.384375 0.443750
9 0.331250 0.404167 0.367188 0.404167 0.367188 0.466667 0.331250 0.466667
4 0.290625 0.420833 0.317188 0.420833 0.317188 0.454167 0.290625 0.454167
4 0.387500 0.433333 0.418750 0.433333 0.418750 0.466667 0.387500 0.466667
4 0.221875 0.445833 0.256250 0.445833 0.256250 0.479167 0.221875 0.479167
4 0.310938 0.441667 0.348438 0.441667 0.348438 0.493750 0.310938 0.493750
4 0.375000 0.447917 0.409375 0.447917 0.409375 0.489583 0.375000 0.489583
4 0.254687 0.458333 0.289062 0.458333 0.289062 0.500000 0.254687 0.500000
4 0.359375 0.468750 0.396875 0.468750 0.396875 0.520833 0.359375 0.520833
8 0.115625 0.450000 0.235937 0.450000 0.235937 0.591667 0.115625 0.591667
4 0.268750 0.491667 0.317188 0.491667 0.317188 0.554167 0.268750 0.554167
4 0.342188 0.497917 0.395313 0.497917 0.395313 0.570833 0.342188 0.570833
4 0.221875 0.562500 0.284375 0.562500 0.284375 0.639583 0.221875 0.639583
8 0.000000 0.543750 0.121875 0.543750 0.121875 0.814583 0.000000 0.814583
4 0.285937 0.664583 0.375000 0.664583 0.375000 0.785417 0.285937 0.785417
4 0.723438 0.697917 0.857812 0.697917 0.857812 0.854167 0.723438 0.854167
4 0.079688 0.714583 0.198437 0.714583 0.198437 0.868750 0.079688 0.868750
4 0.129688 0.912500 0.284375 0.912500 0.284375 1.000000 0.129688 1.000000