8 0.478125 0.325000 0.493750 0.325000 0.493750 0.354167 0.478125 0.354167
4 0.459375 0.343750 0.470313 0.343750 0.470313 0.358333 0.459375 0.358333
9 0.321875 0.358333 0.356250 0.358333 0.356250 0.414583 0.321875 0.414583
7 0.348438 0.385417 0.378125 0.385417 0.378125 0.429167 0.348438 0.429167
4 0.387500 0.397917 0.412500 0.397917 0.412500 0.416667 0.387500 0.416667
4 0.384375 0.414583 0.412500 0.414583 0.412500 0.443750 0.384375 0.443750
7 0.278125 0.406250 0.320312 0.406250 0.320312 0.466667 0.278125 0.466667
9 0.321875 0.408333 0.365625 0.408333 0.365625 0.479167 0.321875 0.479167
4 0.384375 0.435417 0.415625 0.435417 0.415625 0.468750 0.384375 0.468750
4 0.375000 0.450000 0.409375 0.450000 0.409375 0.491667 0.375000 0.491667
4 0.207812 0.454167 0.243750 0.454167 0.243750 0.489583 0.207812 0.489583
4 0.237500 0.464583 0.278125 0.464583 0.278125 0.510417 0.237500 0.510417
4 0.296875 0.460417 0.337500 0.460417 0.337500 0.514583 0.296875 0.514583
4 0.356250 0.475000 0.398438 0.475000 0.398438 0.531250 0.356250 0.531250
4 0.260937 0.506250 0.306250 0.506250 0.306250 0.566667 0.260937 0.566667
4 0.209375 0.562500 0.281250 0.562500 0.281250 0.647917 0.209375 0.647917
4 0.290625 0.597917 0.371875 0.597917 0.371875 0.714583 0.290625 0.714583
8 0.000000 0.533333 0.137500 0.533333 0.137500 0.785417 0.000000 0.785417
4 0.078125 0.725000 0.200000 0.725000 0.200000 0.854167 0.078125 0.854167
7 0.826563 0.700000 1.000000 0.700000 1.000000 1.000000 0.826563 1.000000