4 0.546875 0.381250 0.582812 0.381250 0.582812 0.418750 0.546875 0.418750
4 0.514063 0.387500 0.546875 0.387500 0.546875 0.427083 0.514063 0.427083
4 0.471875 0.395833 0.504687 0.395833 0.504687 0.441667 0.471875 0.441667
4 0.396875 0.402083 0.435937 0.402083 0.435937 0.452083 0.396875 0.452083
7 0.578125 0.410417 0.623438 0.410417 0.623438 0.466667 0.578125 0.466667
7 0.320312 0.402083 0.367188 0.402083 0.367188 0.479167 0.320312 0.479167
9 0.237500 0.389583 0.307812 0.389583 0.307812 0.493750 0.237500 0.493750
4 0.546875 0.427083 0.592188 0.427083 0.592188 0.472917 0.546875 0.472917
4 0.485938 0.427083 0.528125 0.427083 0.528125 0.483333 0.485938 0.483333
7 0.296875 0.425000 0.353125 0.425000 0.353125 0.512500 0.296875 0.512500
4 0.356250 0.445833 0.421875 0.445833 0.421875 0.495833 0.356250 0.495833
4 0.550000 0.452083 0.598437 0.452083 0.598437 0.510417 0.550000 0.510417
9 0.135937 0.439583 0.254688 0.439583 0.254688 0.583333 0.135937 0.583333
4 0.353125 0.489583 0.409375 0.489583 0.409375 0.554167 0.353125 0.554167
4 0.118750 0.502083 0.157812 0.502083 0.157812 0.566667 0.118750 0.566667
4 0.607812 0.512500 0.690625 0.512500 0.690625 0.612500 0.607812 0.612500
4 0.112500 0.539583 0.195312 0.539583 0.195312 0.639583 0.112500 0.639583
4 0.301563 0.547917 0.379688 0.547917 0.379688 0.660417 0.301563 0.660417
4 0.518750 0.554167 0.603125 0.554167 0.603125 0.681250 0.518750 0.681250
9 0.109375 0.545833 0.267188 0.545833 0.267188 0.775000 0.109375 0.775000
4 0.000000 0.593750 0.065625 0.593750 0.065625 0.739583 0.000000 0.739583
4 0.807812 0.625000 0.946875 0.625000 0.946875 0.802083 0.807812 0.802083
4 0.728125 0.720833 0.882812 0.720833 0.882812 0.927083 0.728125 0.927083
4 0.000000 0.777083 0.106250 0.777083 0.106250 0.941667 0.000000 0.941667
4 0.207812 0.810417 0.351562 0.810417 0.351562 0.987500 0.207812 0.987500