8 0.229687 0.412500 0.301563 0.412500 0.301563 0.506250 0.229687 0.506250
4 0.310938 0.454167 0.346875 0.454167 0.346875 0.502083 0.310938 0.502083
4 0.356250 0.479167 0.401562 0.479167 0.401562 0.541667 0.356250 0.541667
8 0.125000 0.443750 0.248437 0.443750 0.248437 0.583333 0.125000 0.583333
4 0.276563 0.497917 0.320312 0.497917 0.320312 0.550000 0.276563 0.550000
8 0.568750 0.427083 0.687500 0.427083 0.687500 0.625000 0.568750 0.625000
4 0.678125 0.502083 0.735938 0.502083 0.735938 0.572917 0.678125 0.572917
4 0.346875 0.527083 0.398438 0.527083 0.398438 0.597917 0.346875 0.597917
4 0.242188 0.533333 0.303125 0.533333 0.303125 0.616667 0.242188 0.616667
4 0.304688 0.587500 0.376563 0.587500 0.376563 0.670833 0.304688 0.670833
7 0.760937 0.535417 0.907813 0.535417 0.907813 0.752083 0.760937 0.752083
4 0.550000 0.643750 0.637500 0.643750 0.637500 0.762500 0.550000 0.762500
9 0.001563 0.562500 0.229687 0.562500 0.229687 0.916667 0.001563 0.916667
4 0.240625 0.689583 0.357812 0.689583 0.357812 0.852083 0.240625 0.852083