9 0.320312 0.377083 0.378125 0.377083 0.378125 0.460417 0.320312 0.460417
4 0.381250 0.433333 0.410938 0.433333 0.410938 0.464583 0.381250 0.464583
7 0.545312 0.427083 0.582813 0.427083 0.582813 0.483333 0.545312 0.483333
8 0.246875 0.412500 0.340625 0.412500 0.340625 0.568750 0.246875 0.568750
4 0.500000 0.468750 0.542188 0.468750 0.542188 0.525000 0.500000 0.525000
4 0.351562 0.483333 0.404687 0.483333 0.404687 0.560417 0.351562 0.560417
8 0.659375 0.443750 0.778125 0.443750 0.778125 0.614583 0.659375 0.614583
7 0.587500 0.472917 0.662500 0.472917 0.662500 0.604167 0.587500 0.604167
7 0.112500 0.502083 0.220313 0.502083 0.220313 0.606250 0.112500 0.606250
4 0.329688 0.533333 0.384375 0.533333 0.384375 0.604167 0.329688 0.604167
9 0.106250 0.533333 0.250000 0.533333 0.250000 0.741667 0.106250 0.741667
7 0.000000 0.600000 0.100000 0.600000 0.100000 0.777083 0.000000 0.777083
4 0.562500 0.637500 0.657812 0.637500 0.657812 0.791667 0.562500 0.791667
4 0.260937 0.691667 0.360937 0.691667 0.360937 0.818750 0.260937 0.818750