8 0.481250 0.327083 0.500000 0.327083 0.500000 0.364583 0.481250 0.364583
4 0.464062 0.354167 0.475000 0.354167 0.475000 0.368750 0.464062 0.368750
9 0.326562 0.356250 0.360938 0.356250 0.360938 0.412500 0.326562 0.412500
7 0.351562 0.383333 0.381250 0.383333 0.381250 0.427083 0.351562 0.427083
4 0.387500 0.397917 0.412500 0.397917 0.412500 0.416667 0.387500 0.416667
7 0.292187 0.387500 0.334375 0.387500 0.334375 0.447917 0.292187 0.447917
4 0.384375 0.414583 0.412500 0.414583 0.412500 0.443750 0.384375 0.443750
4 0.257812 0.414583 0.292188 0.414583 0.292188 0.445833 0.257812 0.445833
4 0.534375 0.414583 0.560937 0.414583 0.560937 0.450000 0.534375 0.450000
9 0.321875 0.408333 0.365625 0.408333 0.365625 0.479167 0.321875 0.479167
4 0.384375 0.437500 0.415625 0.437500 0.415625 0.470833 0.384375 0.470833
4 0.260937 0.447917 0.295313 0.447917 0.295313 0.487500 0.260937 0.487500
4 0.375000 0.450000 0.409375 0.450000 0.409375 0.491667 0.375000 0.491667
4 0.307812 0.452083 0.345312 0.452083 0.345312 0.504167 0.307812 0.504167
4 0.359375 0.468750 0.396875 0.468750 0.396875 0.520833 0.359375 0.520833
4 0.259375 0.489583 0.303125 0.489583 0.303125 0.545833 0.259375 0.545833
4 0.237500 0.533333 0.296875 0.533333 0.296875 0.606250 0.237500 0.606250
4 0.323438 0.533333 0.382812 0.533333 0.382812 0.618750 0.323438 0.618750
8 0.014063 0.485417 0.187500 0.485417 0.187500 0.681250 0.014063 0.681250
4 0.000000 0.595833 0.054688 0.595833 0.054688 0.683333 0.000000 0.683333
4 0.167187 0.627083 0.253125 0.627083 0.253125 0.725000 0.167187 0.725000
4 0.165625 0.933333 0.312500 0.933333 0.312500 1.000000 0.165625 1.000000