9 0.573438 0.377083 0.629687 0.377083 0.629687 0.472917 0.573438 0.472917
9 0.259375 0.404167 0.303125 0.404167 0.303125 0.479167 0.259375 0.479167
9 0.309375 0.425000 0.351562 0.425000 0.351562 0.500000 0.309375 0.500000
4 0.378125 0.456250 0.412500 0.456250 0.412500 0.500000 0.378125 0.500000
8 0.112500 0.447917 0.235938 0.447917 0.235938 0.612500 0.112500 0.612500
4 0.351562 0.500000 0.403125 0.500000 0.403125 0.568750 0.351562 0.568750
4 0.267187 0.520833 0.323437 0.520833 0.323437 0.585417 0.267187 0.585417
8 0.578125 0.470833 0.717188 0.470833 0.717188 0.662500 0.578125 0.662500
7 0.729688 0.497917 0.839063 0.497917 0.839063 0.660417 0.729688 0.660417
4 0.293750 0.631250 0.379688 0.631250 0.379688 0.752083 0.293750 0.752083
4 0.557813 0.700000 0.675000 0.700000 0.675000 0.900000 0.557813 0.900000
11 0.000000 0.620833 0.217188 0.620833 0.217188 1.000000 0.000000 1.000000
4 0.917188 0.745833 1.000000 0.745833 1.000000 0.954167 0.917188 0.954167
4 0.189062 0.831250 0.323437 0.831250 0.323437 1.000000 0.189062 1.000000