4 0.312500 0.370833 0.337500 0.370833 0.337500 0.402083 0.312500 0.402083
4 0.406250 0.395833 0.423438 0.395833 0.423438 0.422917 0.406250 0.422917
4 0.357812 0.393750 0.381250 0.393750 0.381250 0.435417 0.357812 0.435417
4 0.481250 0.402083 0.496875 0.402083 0.496875 0.427083 0.481250 0.427083
4 0.395312 0.420833 0.414062 0.420833 0.414062 0.456250 0.395312 0.456250
4 0.335938 0.418750 0.360938 0.418750 0.360938 0.475000 0.335938 0.475000
4 0.385937 0.433333 0.409375 0.433333 0.409375 0.477083 0.385937 0.477083
9 0.195312 0.406250 0.265625 0.406250 0.265625 0.516667 0.195312 0.516667
7 0.285937 0.425000 0.343750 0.425000 0.343750 0.520833 0.285937 0.520833
4 0.495312 0.450000 0.532813 0.450000 0.532813 0.502083 0.495312 0.502083
4 0.578125 0.456250 0.614062 0.456250 0.614062 0.502083 0.578125 0.502083
4 0.385937 0.452083 0.417187 0.452083 0.417187 0.510417 0.385937 0.510417
7 0.242188 0.458333 0.312500 0.458333 0.312500 0.581250 0.242188 0.581250
4 0.320312 0.522917 0.384375 0.522917 0.384375 0.612500 0.320312 0.612500
9 0.040625 0.479167 0.198437 0.479167 0.198437 0.672917 0.040625 0.672917
4 0.635937 0.554167 0.725000 0.554167 0.725000 0.691667 0.635937 0.691667
4 0.317188 0.583333 0.379688 0.583333 0.379688 0.666667 0.317188 0.666667
4 0.737500 0.575000 0.828125 0.575000 0.828125 0.689583 0.737500 0.689583
9 0.000000 0.620833 0.221875 0.620833 0.221875 0.939583 0.000000 0.939583
4 0.209375 0.754167 0.329688 0.754167 0.329688 0.918750 0.209375 0.918750