8 0.229687 0.412500 0.301563 0.412500 0.301563 0.506250 0.229687 0.506250
4 0.310938 0.454167 0.346875 0.454167 0.346875 0.502083 0.310938 0.502083
8 0.557813 0.410417 0.651563 0.410417 0.651563 0.575000 0.557813 0.575000
4 0.356250 0.479167 0.401562 0.479167 0.401562 0.541667 0.356250 0.541667
8 0.107813 0.450000 0.237500 0.450000 0.237500 0.597917 0.107813 0.597917
4 0.276563 0.497917 0.320312 0.497917 0.320312 0.550000 0.276563 0.550000
7 0.690625 0.481250 0.793750 0.481250 0.793750 0.639583 0.690625 0.639583
4 0.346875 0.527083 0.398438 0.527083 0.398438 0.597917 0.346875 0.597917
4 0.235938 0.537500 0.296875 0.537500 0.296875 0.620833 0.235938 0.620833
4 0.526563 0.558333 0.585938 0.558333 0.585938 0.641667 0.526563 0.641667
4 0.301563 0.600000 0.370312 0.600000 0.370312 0.679167 0.301563 0.679167
9 0.000000 0.572917 0.220312 0.572917 0.220312 0.952083 0.000000 0.952083
4 0.237500 0.702083 0.354687 0.702083 0.354687 0.864583 0.237500 0.864583
4 0.646875 0.708333 0.771875 0.708333 0.771875 0.895833 0.646875 0.895833