8 0.301563 0.366667 0.350000 0.366667 0.350000 0.425000 0.301563 0.425000
8 0.264063 0.381250 0.332813 0.381250 0.332813 0.454167 0.264063 0.454167
4 0.395313 0.402083 0.420313 0.402083 0.420313 0.443750 0.395313 0.443750
4 0.340625 0.414583 0.376562 0.414583 0.376562 0.456250 0.340625 0.456250
4 0.471875 0.387500 0.525000 0.387500 0.525000 0.483333 0.471875 0.483333
4 0.323437 0.427083 0.353125 0.427083 0.353125 0.489583 0.323437 0.489583
4 0.364063 0.445833 0.412500 0.445833 0.412500 0.554167 0.364063 0.554167
9 0.101562 0.462500 0.221875 0.462500 0.221875 0.579167 0.101562 0.579167
9 0.184375 0.452083 0.318750 0.452083 0.318750 0.622917 0.184375 0.622917
4 0.492187 0.485417 0.564062 0.485417 0.564062 0.589583 0.492187 0.589583
4 0.335938 0.518750 0.415625 0.518750 0.415625 0.587500 0.335938 0.587500
4 0.309375 0.550000 0.381250 0.550000 0.381250 0.643750 0.309375 0.643750
4 0.287500 0.595833 0.367188 0.595833 0.367188 0.722917 0.287500 0.722917
8 0.018750 0.512500 0.265625 0.512500 0.265625 0.858333 0.018750 0.858333
4 0.223437 0.677083 0.351562 0.677083 0.351562 0.814583 0.223437 0.814583
4 0.185938 0.825000 0.323438 0.825000 0.323438 1.000000 0.185938 1.000000