4 0.481250 0.347917 0.496875 0.347917 0.496875 0.370833 0.481250 0.370833
4 0.470313 0.362500 0.490625 0.362500 0.490625 0.395833 0.470313 0.395833
8 0.292187 0.375000 0.340625 0.375000 0.340625 0.441667 0.292187 0.441667
9 0.242188 0.404167 0.292188 0.404167 0.292188 0.475000 0.242188 0.475000
4 0.335938 0.429167 0.364062 0.429167 0.364062 0.472917 0.335938 0.472917
9 0.168750 0.431250 0.251562 0.431250 0.251562 0.493750 0.168750 0.493750
4 0.367188 0.439583 0.415625 0.439583 0.415625 0.502083 0.367188 0.502083
9 0.196875 0.452083 0.320312 0.452083 0.320312 0.602083 0.196875 0.602083
4 0.354687 0.506250 0.403125 0.506250 0.403125 0.583333 0.354687 0.583333
4 0.326563 0.552083 0.385937 0.552083 0.385937 0.629167 0.326563 0.629167
4 0.295312 0.585417 0.368750 0.585417 0.368750 0.710417 0.295312 0.710417
8 0.037500 0.506250 0.273438 0.506250 0.273438 0.816667 0.037500 0.816667
4 0.000000 0.689583 0.054688 0.689583 0.054688 0.779167 0.000000 0.779167
4 0.229687 0.685417 0.356250 0.685417 0.356250 0.820833 0.229687 0.820833
9 0.000000 0.739583 0.106250 0.739583 0.106250 1.000000 0.000000 1.000000
4 0.185938 0.814583 0.331250 0.814583 0.331250 0.995833 0.185938 0.995833