9 0.325000 0.366667 0.354687 0.366667 0.354687 0.416667 0.325000 0.416667
9 0.512500 0.364583 0.550000 0.364583 0.550000 0.427083 0.512500 0.427083
9 0.356250 0.372917 0.393750 0.372917 0.393750 0.427083 0.356250 0.427083
8 0.260937 0.368750 0.323437 0.368750 0.323437 0.462500 0.260937 0.462500
4 0.395313 0.406250 0.423437 0.406250 0.423437 0.445833 0.395313 0.445833
4 0.476562 0.408333 0.503125 0.408333 0.503125 0.443750 0.476562 0.443750
7 0.592188 0.435417 0.640625 0.435417 0.640625 0.483333 0.592188 0.483333
4 0.382812 0.439583 0.420312 0.439583 0.420312 0.481250 0.382812 0.481250
8 0.268750 0.412500 0.345312 0.412500 0.345312 0.539583 0.268750 0.539583
11 0.187500 0.412500 0.279687 0.412500 0.279687 0.552083 0.187500 0.552083
4 0.351562 0.485417 0.398438 0.485417 0.398438 0.539583 0.351562 0.539583
4 0.325000 0.539583 0.389063 0.539583 0.389063 0.620833 0.325000 0.620833
7 0.081250 0.541667 0.185938 0.541667 0.185938 0.677083 0.081250 0.677083
4 0.201563 0.577083 0.279687 0.577083 0.279687 0.660417 0.201563 0.660417
6 0.296875 0.620833 0.376563 0.620833 0.376563 0.735417 0.296875 0.735417
4 0.245312 0.739583 0.356250 0.739583 0.356250 0.885417 0.245312 0.885417