4 0.462500 0.347917 0.487500 0.347917 0.487500 0.370833 0.462500 0.370833
8 0.301563 0.372917 0.350000 0.372917 0.350000 0.425000 0.301563 0.425000
4 0.396875 0.393750 0.426563 0.393750 0.426563 0.433333 0.396875 0.433333
8 0.282812 0.383333 0.331250 0.383333 0.331250 0.456250 0.282812 0.456250
4 0.345313 0.408333 0.381250 0.408333 0.381250 0.454167 0.345313 0.454167
9 0.228125 0.400000 0.292187 0.400000 0.292187 0.477083 0.228125 0.477083
4 0.325000 0.437500 0.359375 0.437500 0.359375 0.479167 0.325000 0.479167
4 0.357813 0.454167 0.410938 0.454167 0.410938 0.510417 0.357813 0.510417
9 0.121875 0.433333 0.234375 0.433333 0.234375 0.537500 0.121875 0.537500
4 0.492187 0.454167 0.540625 0.454167 0.540625 0.535417 0.492187 0.535417
9 0.187500 0.439583 0.312500 0.439583 0.312500 0.612500 0.187500 0.612500
4 0.354688 0.514583 0.398438 0.514583 0.398438 0.600000 0.354688 0.600000
4 0.321875 0.558333 0.384375 0.558333 0.384375 0.652083 0.321875 0.652083
7 0.004687 0.564583 0.128125 0.564583 0.128125 0.750000 0.004687 0.750000
8 0.035938 0.497917 0.262500 0.497917 0.262500 0.829167 0.035938 0.829167
4 0.290625 0.597917 0.370312 0.597917 0.370312 0.731250 0.290625 0.731250
4 0.548438 0.639583 0.650000 0.639583 0.650000 0.825000 0.548438 0.825000
4 0.231250 0.681250 0.354687 0.681250 0.354687 0.850000 0.231250 0.850000
4 0.190625 0.812500 0.353125 0.812500 0.353125 1.000000 0.190625 1.000000