8 0.295312 0.381250 0.337500 0.381250 0.337500 0.447917 0.295312 0.447917
9 0.520313 0.379167 0.568750 0.379167 0.568750 0.458333 0.520313 0.458333
8 0.232813 0.397917 0.314063 0.397917 0.314063 0.487500 0.232813 0.487500
4 0.381250 0.433333 0.414062 0.433333 0.414062 0.475000 0.381250 0.475000
4 0.323437 0.435417 0.357813 0.435417 0.357813 0.481250 0.323437 0.481250
4 0.300000 0.468750 0.340625 0.468750 0.340625 0.512500 0.300000 0.512500
4 0.354687 0.477083 0.401562 0.477083 0.401562 0.533333 0.354687 0.533333
4 0.503125 0.479167 0.554688 0.479167 0.554688 0.566667 0.503125 0.566667
9 0.114062 0.460417 0.209375 0.460417 0.209375 0.587500 0.114062 0.587500
4 0.346875 0.520833 0.396875 0.520833 0.396875 0.585417 0.346875 0.585417
7 0.154688 0.460417 0.292188 0.460417 0.292188 0.654167 0.154688 0.654167
4 0.312500 0.568750 0.381250 0.568750 0.381250 0.643750 0.312500 0.643750
4 0.289062 0.604167 0.370313 0.604167 0.370313 0.722917 0.289062 0.722917
4 0.239063 0.685417 0.342188 0.685417 0.342188 0.831250 0.239063 0.831250
9 0.000000 0.558333 0.196875 0.558333 0.196875 1.000000 0.000000 1.000000
4 0.187500 0.825000 0.334375 0.825000 0.334375 1.000000 0.187500 1.000000