11 0.260938 0.379167 0.328125 0.379167 0.328125 0.472917 0.260938 0.472917
8 0.320312 0.383333 0.375000 0.383333 0.375000 0.468750 0.320312 0.468750
7 0.571875 0.404167 0.609375 0.404167 0.609375 0.462500 0.571875 0.462500
4 0.381250 0.435417 0.415625 0.435417 0.415625 0.472917 0.381250 0.472917
4 0.300000 0.466667 0.343750 0.466667 0.343750 0.512500 0.300000 0.512500
4 0.493750 0.475000 0.540625 0.475000 0.540625 0.531250 0.493750 0.531250
4 0.362500 0.477083 0.404688 0.477083 0.404688 0.535417 0.362500 0.535417
4 0.157812 0.481250 0.204687 0.481250 0.204687 0.533333 0.157812 0.533333
7 0.201563 0.464583 0.264062 0.464583 0.264062 0.554167 0.201563 0.554167
6 0.334375 0.541667 0.393750 0.541667 0.393750 0.627083 0.334375 0.627083
7 0.100000 0.531250 0.195312 0.531250 0.195312 0.652083 0.100000 0.652083
4 0.529687 0.556250 0.590625 0.556250 0.590625 0.658333 0.529687 0.658333
9 0.645312 0.497917 0.792188 0.497917 0.792188 0.760417 0.645312 0.760417
4 0.170312 0.612500 0.254688 0.612500 0.254688 0.712500 0.170312 0.712500
4 0.296875 0.637500 0.381250 0.637500 0.381250 0.741667 0.296875 0.741667
4 0.571875 0.706250 0.689063 0.706250 0.689063 0.908333 0.571875 0.908333