0 0.334375 0.375000 0.381250 0.375000 0.381250 0.443750 0.334375 0.443750
7 0.276562 0.395833 0.321875 0.395833 0.321875 0.462500 0.276562 0.462500
4 0.382812 0.418750 0.415625 0.418750 0.415625 0.462500 0.382812 0.462500
8 0.290625 0.410417 0.356250 0.410417 0.356250 0.495833 0.290625 0.495833
9 0.237500 0.412500 0.290625 0.412500 0.290625 0.495833 0.237500 0.495833
4 0.367188 0.466667 0.409375 0.466667 0.409375 0.516667 0.367188 0.516667
9 0.257812 0.470833 0.323438 0.470833 0.323438 0.566667 0.257812 0.566667
8 0.087500 0.433333 0.231250 0.433333 0.231250 0.620833 0.087500 0.620833
4 0.509375 0.491667 0.562500 0.491667 0.562500 0.570833 0.509375 0.570833
4 0.348437 0.502083 0.398438 0.502083 0.398438 0.562500 0.348437 0.562500
4 0.320312 0.554167 0.378125 0.554167 0.378125 0.620833 0.320312 0.620833
4 0.293750 0.595833 0.368750 0.595833 0.368750 0.695833 0.293750 0.695833
11 0.000000 0.575000 0.106250 0.575000 0.106250 0.818750 0.000000 0.818750
6 0.284375 0.654167 0.370312 0.654167 0.370312 0.781250 0.284375 0.781250
4 0.557813 0.670833 0.668750 0.670833 0.668750 0.833333 0.557813 0.833333
4 0.237500 0.762500 0.350000 0.762500 0.350000 0.912500 0.237500 0.912500