8 0.539062 0.362500 0.579687 0.362500 0.579687 0.422917 0.539062 0.422917
4 0.504687 0.397917 0.531250 0.397917 0.531250 0.437500 0.504687 0.437500
4 0.484375 0.410417 0.512500 0.410417 0.512500 0.456250 0.484375 0.456250
9 0.296875 0.389583 0.364062 0.389583 0.364062 0.491667 0.296875 0.491667
4 0.390625 0.431250 0.417188 0.431250 0.417188 0.470833 0.390625 0.470833
7 0.248438 0.425000 0.293750 0.425000 0.293750 0.495833 0.248438 0.495833
4 0.375000 0.460417 0.409375 0.460417 0.409375 0.506250 0.375000 0.506250
4 0.507812 0.466667 0.550000 0.466667 0.550000 0.522917 0.507812 0.522917
8 0.128125 0.464583 0.300000 0.464583 0.300000 0.697917 0.128125 0.697917
4 0.312500 0.552083 0.384375 0.552083 0.384375 0.652083 0.312500 0.652083
9 0.000000 0.570833 0.137500 0.570833 0.137500 0.741667 0.000000 0.741667
4 0.268750 0.643750 0.356250 0.643750 0.356250 0.762500 0.268750 0.762500
4 0.535937 0.635417 0.635938 0.635417 0.635938 0.787500 0.535937 0.787500
7 0.718750 0.672917 0.951563 0.672917 0.951563 0.966667 0.718750 0.966667
9 0.000000 0.695833 0.153125 0.695833 0.153125 1.000000 0.000000 1.000000
4 0.196875 0.825000 0.329688 0.825000 0.329688 1.000000 0.196875 1.000000