4 0.303125 0.375000 0.337500 0.375000 0.337500 0.410417 0.303125 0.410417
7 0.332813 0.379167 0.353125 0.379167 0.353125 0.412500 0.332813 0.412500
4 0.406250 0.395833 0.423438 0.395833 0.423438 0.422917 0.406250 0.422917
4 0.357812 0.393750 0.381250 0.393750 0.381250 0.435417 0.357812 0.435417
4 0.481250 0.402083 0.496875 0.402083 0.496875 0.427083 0.481250 0.427083
4 0.395312 0.420833 0.414062 0.420833 0.414062 0.456250 0.395312 0.456250
4 0.335938 0.418750 0.360938 0.418750 0.360938 0.475000 0.335938 0.475000
4 0.385937 0.433333 0.409375 0.433333 0.409375 0.477083 0.385937 0.477083
4 0.568750 0.437500 0.604687 0.437500 0.604687 0.483333 0.568750 0.483333
4 0.485937 0.439583 0.523438 0.439583 0.523438 0.491667 0.485937 0.491667
7 0.285937 0.425000 0.343750 0.425000 0.343750 0.520833 0.285937 0.520833
9 0.195312 0.418750 0.276562 0.418750 0.276562 0.541667 0.195312 0.541667
4 0.385937 0.452083 0.417187 0.452083 0.417187 0.510417 0.385937 0.510417
7 0.240625 0.475000 0.312500 0.475000 0.312500 0.583333 0.240625 0.583333
4 0.317188 0.529167 0.381250 0.529167 0.381250 0.608333 0.317188 0.608333
9 0.032813 0.477083 0.192188 0.477083 0.192188 0.679167 0.032813 0.679167
4 0.617188 0.525000 0.690625 0.525000 0.690625 0.647917 0.617188 0.647917
4 0.709375 0.547917 0.785938 0.547917 0.785938 0.652083 0.709375 0.652083
4 0.312500 0.595833 0.384375 0.595833 0.384375 0.679167 0.312500 0.679167
9 0.000000 0.639583 0.221875 0.639583 0.221875 0.945833 0.000000 0.945833
4 0.214063 0.764583 0.328125 0.764583 0.328125 0.925000 0.214063 0.925000
4 0.790625 0.839583 0.950000 0.839583 0.950000 1.000000 0.790625 1.000000
4 0.603125 0.875000 0.773438 0.875000 0.773438 1.000000 0.603125 1.000000