7 0.590625 0.397917 0.637500 0.397917 0.637500 0.472917 0.590625 0.472917
7 0.264063 0.412500 0.307812 0.412500 0.307812 0.468750 0.264063 0.468750
8 0.525000 0.395833 0.592187 0.395833 0.592187 0.489583 0.525000 0.489583
4 0.478125 0.425000 0.510937 0.425000 0.510937 0.470833 0.478125 0.470833
7 0.307812 0.422917 0.356250 0.422917 0.356250 0.493750 0.307812 0.493750
9 0.214063 0.429167 0.271875 0.429167 0.271875 0.527083 0.214063 0.527083
4 0.629688 0.466667 0.678125 0.466667 0.678125 0.527083 0.629688 0.527083
4 0.357813 0.489583 0.401562 0.489583 0.401562 0.547917 0.357813 0.547917
9 0.254688 0.470833 0.325000 0.470833 0.325000 0.577083 0.254688 0.577083
4 0.510937 0.500000 0.568750 0.500000 0.568750 0.568750 0.510937 0.568750
4 0.329687 0.566667 0.395313 0.566667 0.395313 0.650000 0.329687 0.650000
8 0.001562 0.493750 0.157812 0.493750 0.157812 0.725000 0.001562 0.725000
4 0.189063 0.629167 0.273438 0.629167 0.273438 0.718750 0.189063 0.718750
4 0.225000 0.770833 0.357812 0.770833 0.357812 0.937500 0.225000 0.937500
4 0.595313 0.797917 0.740625 0.797917 0.740625 1.000000 0.595313 1.000000