8 0.289062 0.379167 0.339063 0.379167 0.339063 0.450000 0.289062 0.450000
4 0.332813 0.427083 0.360937 0.427083 0.360937 0.489583 0.332813 0.489583
4 0.371875 0.445833 0.409375 0.445833 0.409375 0.508333 0.371875 0.508333
9 0.192188 0.447917 0.318750 0.447917 0.318750 0.612500 0.192188 0.612500
4 0.345312 0.508333 0.395313 0.508333 0.395313 0.583333 0.345312 0.583333
4 0.317188 0.558333 0.381250 0.558333 0.381250 0.637500 0.317188 0.637500
8 0.042187 0.502083 0.265625 0.502083 0.265625 0.810417 0.042187 0.810417
4 0.285938 0.604167 0.373438 0.604167 0.373438 0.720833 0.285938 0.720833
4 0.000000 0.695833 0.034375 0.695833 0.034375 0.775000 0.000000 0.775000
4 0.551563 0.675000 0.681250 0.675000 0.681250 0.829167 0.551563 0.829167
4 0.237500 0.689583 0.354687 0.689583 0.354687 0.837500 0.237500 0.837500
9 0.000000 0.764583 0.101562 0.764583 0.101562 1.000000 0.000000 1.000000
4 0.192187 0.820833 0.329688 0.820833 0.329688 1.000000 0.192187 1.000000