9 0.309375 0.404167 0.365625 0.404167 0.365625 0.466667 0.309375 0.466667
4 0.487500 0.431250 0.526563 0.431250 0.526563 0.487500 0.487500 0.487500
4 0.368750 0.450000 0.407813 0.450000 0.407813 0.493750 0.368750 0.493750
8 0.637500 0.429167 0.734375 0.429167 0.734375 0.537500 0.637500 0.537500
7 0.206250 0.445833 0.265625 0.445833 0.265625 0.537500 0.206250 0.537500
4 0.362500 0.481250 0.404688 0.481250 0.404688 0.522917 0.362500 0.522917
0 0.248438 0.439583 0.337500 0.439583 0.337500 0.570833 0.248438 0.570833
9 0.126562 0.491667 0.212500 0.491667 0.212500 0.570833 0.126562 0.570833
4 0.345312 0.514583 0.395313 0.514583 0.395313 0.575000 0.345312 0.575000
4 0.512500 0.527083 0.570312 0.527083 0.570312 0.620833 0.512500 0.620833
4 0.317188 0.568750 0.381250 0.568750 0.381250 0.633333 0.317188 0.633333
0 0.645313 0.493750 0.834375 0.493750 0.834375 0.745833 0.645313 0.745833
9 0.000000 0.566667 0.118750 0.566667 0.118750 0.764583 0.000000 0.764583
4 0.281250 0.618750 0.367188 0.618750 0.367188 0.725000 0.281250 0.725000
8 0.039063 0.550000 0.259375 0.550000 0.259375 0.847917 0.039063 0.847917
4 0.596875 0.750000 0.717187 0.750000 0.717187 0.950000 0.596875 0.950000
6 0.217188 0.779167 0.346875 0.779167 0.346875 0.972917 0.217188 0.972917