8 0.229687 0.412500 0.301563 0.412500 0.301563 0.506250 0.229687 0.506250
4 0.310938 0.454167 0.346875 0.454167 0.346875 0.502083 0.310938 0.502083
4 0.356250 0.479167 0.401562 0.479167 0.401562 0.541667 0.356250 0.541667
8 0.125000 0.443750 0.248437 0.443750 0.248437 0.583333 0.125000 0.583333
4 0.276563 0.497917 0.320312 0.497917 0.320312 0.550000 0.276563 0.550000
8 0.582812 0.435417 0.707812 0.435417 0.707812 0.652083 0.582812 0.652083
4 0.701562 0.522917 0.764062 0.522917 0.764062 0.600000 0.701562 0.600000
4 0.346875 0.527083 0.398438 0.527083 0.398438 0.597917 0.346875 0.597917
4 0.242188 0.533333 0.303125 0.533333 0.303125 0.616667 0.242188 0.616667
4 0.304688 0.587500 0.376563 0.587500 0.376563 0.670833 0.304688 0.670833
7 0.798438 0.572917 0.987500 0.572917 0.987500 0.837500 0.798438 0.837500
9 0.001563 0.547917 0.229687 0.547917 0.229687 0.902083 0.001563 0.902083
4 0.248438 0.677083 0.353125 0.677083 0.353125 0.831250 0.248438 0.831250
4 0.573437 0.716667 0.681250 0.716667 0.681250 0.864583 0.573437 0.864583
4 0.145313 0.872917 0.301563 0.872917 0.301563 1.000000 0.145313 1.000000