8 0.607812 0.408333 0.662500 0.408333 0.662500 0.489583 0.607812 0.489583
9 0.303125 0.418750 0.359375 0.418750 0.359375 0.481250 0.303125 0.481250
4 0.484375 0.427083 0.521875 0.427083 0.521875 0.487500 0.484375 0.487500
0 0.546875 0.412500 0.621875 0.412500 0.621875 0.529167 0.546875 0.529167
4 0.368750 0.450000 0.407813 0.450000 0.407813 0.493750 0.368750 0.493750
7 0.184375 0.454167 0.248437 0.454167 0.248437 0.550000 0.184375 0.550000
4 0.362500 0.481250 0.404688 0.481250 0.404688 0.522917 0.362500 0.522917
0 0.228125 0.452083 0.332813 0.452083 0.332813 0.597917 0.228125 0.597917
4 0.512500 0.497917 0.560937 0.497917 0.560937 0.570833 0.512500 0.570833
4 0.345312 0.516667 0.395313 0.516667 0.395313 0.583333 0.345312 0.583333
9 0.098437 0.508333 0.193750 0.508333 0.193750 0.608333 0.098437 0.608333
9 0.614063 0.489583 0.720313 0.489583 0.720313 0.652083 0.614063 0.652083
4 0.303125 0.581250 0.373437 0.581250 0.373437 0.658333 0.303125 0.658333
4 0.268750 0.654167 0.356250 0.654167 0.356250 0.762500 0.268750 0.762500
8 0.000000 0.593750 0.232813 0.593750 0.232813 0.947917 0.000000 0.947917
4 0.562500 0.718750 0.671875 0.718750 0.671875 0.910417 0.562500 0.910417