7 0.321875 0.385417 0.353125 0.385417 0.353125 0.422917 0.321875 0.422917
4 0.357813 0.387500 0.387500 0.387500 0.387500 0.422917 0.357813 0.422917
6 0.396875 0.404167 0.426563 0.404167 0.426563 0.437500 0.396875 0.437500
4 0.343750 0.414583 0.370313 0.414583 0.370313 0.447917 0.343750 0.447917
4 0.390625 0.425000 0.421875 0.425000 0.421875 0.464583 0.390625 0.464583
9 0.243750 0.418750 0.292187 0.418750 0.292187 0.491667 0.243750 0.491667
9 0.306250 0.431250 0.351562 0.431250 0.351562 0.506250 0.306250 0.506250
4 0.373437 0.462500 0.414062 0.462500 0.414062 0.510417 0.373437 0.510417
7 0.185938 0.452083 0.248438 0.452083 0.248438 0.535417 0.185938 0.535417
4 0.503125 0.487500 0.553125 0.487500 0.553125 0.556250 0.503125 0.556250
9 0.120313 0.485417 0.209375 0.485417 0.209375 0.610417 0.120313 0.610417
7 0.218750 0.489583 0.295312 0.489583 0.295312 0.606250 0.218750 0.606250
7 0.678125 0.508333 0.759375 0.508333 0.759375 0.595833 0.678125 0.595833
7 0.632812 0.545833 0.726562 0.545833 0.726562 0.681250 0.632812 0.681250
4 0.315625 0.585417 0.389063 0.585417 0.389063 0.677083 0.315625 0.677083
7 0.073438 0.616667 0.231250 0.616667 0.231250 0.827083 0.073438 0.827083
4 0.239062 0.756250 0.367188 0.756250 0.367188 0.912500 0.239062 0.912500