9 0.331250 0.347917 0.365625 0.347917 0.365625 0.397917 0.331250 0.397917
7 0.515625 0.362500 0.546875 0.362500 0.546875 0.416667 0.515625 0.416667
9 0.293750 0.364583 0.346875 0.364583 0.346875 0.443750 0.293750 0.443750
4 0.412500 0.391667 0.434375 0.391667 0.434375 0.418750 0.412500 0.418750
4 0.393750 0.395833 0.417187 0.395833 0.417187 0.425000 0.393750 0.425000
4 0.281250 0.395833 0.307813 0.395833 0.307813 0.431250 0.281250 0.431250
7 0.335938 0.389583 0.378125 0.389583 0.378125 0.447917 0.335938 0.447917
4 0.381250 0.410417 0.412500 0.410417 0.412500 0.445833 0.381250 0.445833
4 0.531250 0.414583 0.570312 0.414583 0.570312 0.468750 0.531250 0.468750
4 0.240625 0.422917 0.275000 0.422917 0.275000 0.462500 0.240625 0.462500
4 0.384375 0.429167 0.417187 0.429167 0.417187 0.458333 0.384375 0.458333
9 0.307812 0.412500 0.365625 0.412500 0.365625 0.497917 0.307812 0.497917
4 0.256250 0.433333 0.295312 0.433333 0.295312 0.485417 0.256250 0.485417
4 0.378125 0.435417 0.417187 0.435417 0.417187 0.483333 0.378125 0.483333
4 0.490625 0.441667 0.537500 0.441667 0.537500 0.504167 0.490625 0.504167
4 0.179688 0.447917 0.221875 0.447917 0.221875 0.506250 0.179688 0.506250
4 0.357812 0.462500 0.407813 0.462500 0.407813 0.522917 0.357812 0.522917
7 0.201562 0.445833 0.281250 0.445833 0.281250 0.541667 0.201562 0.541667
4 0.275000 0.475000 0.328125 0.475000 0.328125 0.545833 0.275000 0.545833
4 0.315625 0.537500 0.387500 0.537500 0.387500 0.625000 0.315625 0.625000
4 0.209375 0.550000 0.295312 0.550000 0.295312 0.650000 0.209375 0.650000
4 0.109375 0.550000 0.201562 0.550000 0.201562 0.652083 0.109375 0.652083
4 0.000000 0.868750 0.115625 0.868750 0.115625 1.000000 0.000000 1.000000