9 0.304688 0.416667 0.360938 0.416667 0.360938 0.479167 0.304688 0.479167
8 0.607812 0.408333 0.673438 0.408333 0.673438 0.506250 0.607812 0.506250
4 0.368750 0.450000 0.407813 0.450000 0.407813 0.493750 0.368750 0.493750
4 0.487500 0.441667 0.528125 0.441667 0.528125 0.502083 0.487500 0.502083
0 0.557813 0.412500 0.645312 0.412500 0.645312 0.543750 0.557813 0.543750
7 0.193750 0.454167 0.253125 0.454167 0.253125 0.545833 0.193750 0.545833
4 0.362500 0.481250 0.404688 0.481250 0.404688 0.522917 0.362500 0.522917
0 0.232813 0.450000 0.332813 0.450000 0.332813 0.589583 0.232813 0.589583
4 0.345312 0.516667 0.395313 0.516667 0.395313 0.583333 0.345312 0.583333
9 0.103125 0.508333 0.195312 0.508333 0.195312 0.593750 0.103125 0.593750
4 0.521875 0.518750 0.576562 0.518750 0.576562 0.604167 0.521875 0.604167
9 0.628125 0.504167 0.754687 0.504167 0.754687 0.700000 0.628125 0.700000
4 0.312500 0.572917 0.376563 0.572917 0.376563 0.645833 0.312500 0.645833
4 0.273438 0.647917 0.360938 0.647917 0.360938 0.758333 0.273438 0.758333
8 0.000000 0.587500 0.245312 0.587500 0.245312 0.931250 0.000000 0.931250
4 0.589063 0.797917 0.721875 0.797917 0.721875 1.000000 0.589063 1.000000
6 0.178125 0.843750 0.326562 0.843750 0.326562 1.000000 0.178125 1.000000