7 0.304688 0.393750 0.339063 0.393750 0.339063 0.435417 0.304688 0.435417
4 0.478125 0.400000 0.506250 0.400000 0.506250 0.435417 0.478125 0.435417
4 0.353125 0.402083 0.382812 0.402083 0.382812 0.437500 0.353125 0.437500
6 0.392188 0.416667 0.421875 0.416667 0.421875 0.456250 0.392188 0.456250
7 0.579687 0.412500 0.617188 0.412500 0.617188 0.462500 0.579687 0.462500
4 0.331250 0.433333 0.362500 0.433333 0.362500 0.472917 0.331250 0.472917
7 0.551562 0.431250 0.598437 0.431250 0.598437 0.500000 0.551562 0.500000
4 0.379688 0.450000 0.415625 0.450000 0.415625 0.497917 0.379688 0.497917
9 0.207813 0.437500 0.268750 0.437500 0.268750 0.525000 0.207813 0.525000
9 0.275000 0.452083 0.334375 0.452083 0.334375 0.539583 0.275000 0.539583
4 0.365625 0.491667 0.409375 0.491667 0.409375 0.541667 0.365625 0.541667
7 0.150000 0.475000 0.220312 0.475000 0.220312 0.566667 0.150000 0.566667
4 0.503125 0.487500 0.548438 0.487500 0.548438 0.556250 0.503125 0.556250
9 0.056250 0.520833 0.162500 0.520833 0.162500 0.681250 0.056250 0.681250
7 0.160938 0.545833 0.260937 0.545833 0.260937 0.685417 0.160938 0.685417
4 0.285938 0.658333 0.370312 0.658333 0.370312 0.770833 0.285938 0.770833