8 0.332813 0.362500 0.389063 0.362500 0.389063 0.443750 0.332813 0.443750
4 0.396875 0.389583 0.429688 0.389583 0.429688 0.433333 0.396875 0.433333
9 0.271875 0.385417 0.320312 0.385417 0.320312 0.460417 0.271875 0.460417
9 0.306250 0.410417 0.360938 0.410417 0.360938 0.497917 0.306250 0.497917
8 0.182812 0.402083 0.281250 0.402083 0.281250 0.533333 0.182812 0.533333
4 0.375000 0.454167 0.417188 0.454167 0.417188 0.504167 0.375000 0.504167
4 0.357812 0.483333 0.407813 0.483333 0.407813 0.543750 0.357812 0.543750
4 0.323437 0.539583 0.381250 0.539583 0.381250 0.606250 0.323437 0.606250
11 0.003125 0.475000 0.210938 0.475000 0.210938 0.747917 0.003125 0.747917
4 0.293750 0.589583 0.368750 0.589583 0.368750 0.689583 0.293750 0.689583
8 0.057812 0.545833 0.253125 0.545833 0.253125 0.852083 0.057812 0.852083
6 0.281250 0.652083 0.367188 0.652083 0.367188 0.779167 0.281250 0.779167
4 0.237500 0.762500 0.350000 0.762500 0.350000 0.912500 0.237500 0.912500