8 0.482812 0.331250 0.507812 0.331250 0.507812 0.377083 0.482812 0.377083
4 0.468750 0.370833 0.481250 0.370833 0.481250 0.387500 0.468750 0.387500
9 0.328125 0.352083 0.362500 0.352083 0.362500 0.408333 0.328125 0.408333
7 0.351562 0.383333 0.381250 0.383333 0.381250 0.427083 0.351562 0.427083
4 0.387500 0.397917 0.412500 0.397917 0.412500 0.416667 0.387500 0.416667
7 0.292187 0.387500 0.334375 0.387500 0.334375 0.447917 0.292187 0.447917
4 0.384375 0.414583 0.412500 0.414583 0.412500 0.443750 0.384375 0.443750
9 0.329688 0.406250 0.365625 0.406250 0.365625 0.468750 0.329688 0.468750
4 0.281250 0.422917 0.315625 0.422917 0.315625 0.462500 0.281250 0.462500
4 0.387500 0.433333 0.418750 0.433333 0.418750 0.466667 0.387500 0.466667
4 0.375000 0.447917 0.409375 0.447917 0.409375 0.489583 0.375000 0.489583
4 0.309375 0.447917 0.346875 0.447917 0.346875 0.500000 0.309375 0.500000
4 0.254688 0.472917 0.292187 0.472917 0.292187 0.514583 0.254688 0.514583
4 0.359375 0.468750 0.396875 0.468750 0.396875 0.520833 0.359375 0.520833
4 0.589063 0.500000 0.645312 0.500000 0.645312 0.564583 0.589063 0.564583
4 0.340625 0.500000 0.395313 0.500000 0.395313 0.579167 0.340625 0.579167
4 0.254687 0.512500 0.304688 0.512500 0.304688 0.579167 0.254687 0.579167
8 0.062500 0.468750 0.212500 0.468750 0.212500 0.637500 0.062500 0.637500
4 0.198437 0.589583 0.273438 0.589583 0.273438 0.677083 0.198437 0.677083
8 0.000000 0.564583 0.076563 0.564583 0.076563 0.818750 0.000000 0.818750
4 0.245312 0.745833 0.356250 0.745833 0.356250 0.891667 0.245312 0.891667
4 0.000000 0.822917 0.134375 0.822917 0.134375 1.000000 0.000000 1.000000