4 0.506250 0.397917 0.543750 0.397917 0.543750 0.441667 0.506250 0.441667
4 0.345312 0.420833 0.371875 0.420833 0.371875 0.454167 0.345312 0.454167
4 0.381250 0.422917 0.414062 0.422917 0.414062 0.472917 0.381250 0.472917
4 0.503125 0.454167 0.546875 0.454167 0.546875 0.510417 0.503125 0.510417
4 0.310937 0.464583 0.345313 0.464583 0.345313 0.518750 0.310937 0.518750
9 0.217188 0.439583 0.317188 0.439583 0.317188 0.589583 0.217188 0.589583
4 0.364063 0.489583 0.407812 0.489583 0.407812 0.552083 0.364063 0.552083
4 0.332813 0.537500 0.385937 0.537500 0.385937 0.604167 0.332813 0.604167
8 0.021875 0.485417 0.276563 0.485417 0.276563 0.802083 0.021875 0.802083
4 0.290625 0.593750 0.371875 0.593750 0.371875 0.731250 0.290625 0.731250
4 0.246875 0.675000 0.346875 0.675000 0.346875 0.833333 0.246875 0.833333
9 0.000000 0.720833 0.139063 0.720833 0.139063 0.997917 0.000000 0.997917
4 0.192188 0.812500 0.342188 0.812500 0.342188 1.000000 0.192188 1.000000