8 0.487500 0.337500 0.512500 0.337500 0.512500 0.383333 0.487500 0.383333
9 0.334375 0.350000 0.365625 0.350000 0.365625 0.397917 0.334375 0.397917
4 0.471875 0.379167 0.489063 0.379167 0.489063 0.397917 0.471875 0.397917
7 0.351562 0.383333 0.381250 0.383333 0.381250 0.427083 0.351562 0.427083
4 0.387500 0.397917 0.412500 0.397917 0.412500 0.416667 0.387500 0.416667
7 0.304688 0.391667 0.337500 0.391667 0.337500 0.435417 0.304688 0.435417
4 0.384375 0.414583 0.412500 0.414583 0.412500 0.443750 0.384375 0.443750
9 0.331250 0.404167 0.367188 0.404167 0.367188 0.466667 0.331250 0.466667
4 0.289062 0.425000 0.315625 0.425000 0.315625 0.458333 0.289062 0.458333
4 0.387500 0.433333 0.418750 0.433333 0.418750 0.466667 0.387500 0.466667
4 0.312500 0.441667 0.350000 0.441667 0.350000 0.493750 0.312500 0.493750
4 0.375000 0.447917 0.409375 0.447917 0.409375 0.489583 0.375000 0.489583
4 0.256250 0.464583 0.293750 0.464583 0.293750 0.506250 0.256250 0.506250
4 0.359375 0.468750 0.396875 0.468750 0.396875 0.520833 0.359375 0.520833
4 0.265625 0.500000 0.314063 0.500000 0.314063 0.562500 0.265625 0.562500
4 0.340625 0.500000 0.395313 0.500000 0.395313 0.579167 0.340625 0.579167
8 0.078125 0.462500 0.221875 0.462500 0.221875 0.620833 0.078125 0.620833
4 0.632812 0.564583 0.714063 0.564583 0.714063 0.664583 0.632812 0.664583
4 0.212500 0.575000 0.282813 0.575000 0.282813 0.656250 0.212500 0.656250
8 0.000000 0.570833 0.101562 0.570833 0.101562 0.835417 0.000000 0.835417
4 0.267187 0.704167 0.364063 0.704167 0.364063 0.833333 0.267187 0.833333
4 0.032813 0.762500 0.168750 0.762500 0.168750 0.939583 0.032813 0.939583