4 0.465625 0.366667 0.487500 0.366667 0.487500 0.391667 0.465625 0.391667
7 0.507812 0.360417 0.535937 0.360417 0.535937 0.410417 0.507812 0.410417
4 0.359375 0.400000 0.389062 0.400000 0.389062 0.427083 0.359375 0.427083
9 0.270313 0.387500 0.318750 0.387500 0.318750 0.445833 0.270313 0.445833
4 0.343750 0.408333 0.373437 0.408333 0.373437 0.445833 0.343750 0.445833
9 0.225000 0.406250 0.290625 0.406250 0.290625 0.470833 0.225000 0.470833
4 0.387500 0.418750 0.418750 0.418750 0.418750 0.472917 0.387500 0.472917
4 0.323437 0.447917 0.350000 0.447917 0.350000 0.504167 0.323437 0.504167
4 0.540625 0.441667 0.603125 0.441667 0.603125 0.516667 0.540625 0.516667
9 0.228125 0.433333 0.331250 0.433333 0.331250 0.577083 0.228125 0.577083
4 0.364063 0.472917 0.410938 0.472917 0.410938 0.539583 0.364063 0.539583
4 0.335938 0.520833 0.392188 0.520833 0.392188 0.602083 0.335938 0.602083
8 0.042188 0.495833 0.267188 0.495833 0.267188 0.812500 0.042188 0.812500
4 0.279687 0.593750 0.373437 0.593750 0.373437 0.716667 0.279687 0.716667
4 0.548438 0.593750 0.635937 0.593750 0.635937 0.718750 0.548438 0.718750
4 0.232813 0.687500 0.339062 0.687500 0.339062 0.816667 0.232813 0.816667
9 0.000000 0.716667 0.131250 0.716667 0.131250 1.000000 0.000000 1.000000
4 0.189062 0.816667 0.334375 0.816667 0.334375 1.000000 0.189062 1.000000