4 0.265625 0.429167 0.296875 0.429167 0.296875 0.470833 0.265625 0.470833
4 0.321875 0.435417 0.353125 0.435417 0.353125 0.477083 0.321875 0.477083
8 0.195312 0.422917 0.273438 0.422917 0.273438 0.543750 0.195312 0.543750
4 0.295312 0.462500 0.337500 0.462500 0.337500 0.518750 0.295312 0.518750
4 0.493750 0.470833 0.534375 0.470833 0.534375 0.525000 0.493750 0.525000
4 0.351562 0.481250 0.396875 0.481250 0.396875 0.545833 0.351562 0.545833
4 0.256250 0.516667 0.310937 0.516667 0.310937 0.583333 0.256250 0.583333
8 0.035937 0.485417 0.209375 0.485417 0.209375 0.670833 0.035937 0.670833
4 0.525000 0.537500 0.589062 0.537500 0.589062 0.633333 0.525000 0.633333
4 0.332813 0.556250 0.393750 0.556250 0.393750 0.639583 0.332813 0.639583
4 0.203125 0.575000 0.278125 0.575000 0.278125 0.672917 0.203125 0.672917
4 0.268750 0.656250 0.359375 0.656250 0.359375 0.762500 0.268750 0.762500