8 0.481250 0.327083 0.500000 0.327083 0.500000 0.364583 0.481250 0.364583
4 0.464062 0.354167 0.475000 0.354167 0.475000 0.368750 0.464062 0.368750
9 0.326562 0.356250 0.360938 0.356250 0.360938 0.412500 0.326562 0.412500
7 0.351562 0.383333 0.381250 0.383333 0.381250 0.427083 0.351562 0.427083
4 0.387500 0.397917 0.412500 0.397917 0.412500 0.416667 0.387500 0.416667
7 0.292187 0.387500 0.334375 0.387500 0.334375 0.447917 0.292187 0.447917
4 0.384375 0.414583 0.412500 0.414583 0.412500 0.443750 0.384375 0.443750
4 0.257812 0.414583 0.292188 0.414583 0.292188 0.445833 0.257812 0.445833
4 0.539062 0.420833 0.570312 0.420833 0.570312 0.462500 0.539062 0.462500
9 0.321875 0.408333 0.365625 0.408333 0.365625 0.479167 0.321875 0.479167
4 0.384375 0.437500 0.415625 0.437500 0.415625 0.470833 0.384375 0.470833
4 0.260937 0.447917 0.295313 0.447917 0.295313 0.487500 0.260937 0.487500
4 0.375000 0.450000 0.409375 0.450000 0.409375 0.491667 0.375000 0.491667
4 0.304688 0.450000 0.342187 0.450000 0.342187 0.502083 0.304688 0.502083
4 0.359375 0.468750 0.396875 0.468750 0.396875 0.520833 0.359375 0.520833
4 0.259375 0.489583 0.303125 0.489583 0.303125 0.545833 0.259375 0.545833
4 0.243750 0.525000 0.303125 0.525000 0.303125 0.597917 0.243750 0.597917
4 0.325000 0.527083 0.384375 0.527083 0.384375 0.612500 0.325000 0.612500
8 0.020312 0.481250 0.193750 0.481250 0.193750 0.677083 0.020312 0.677083
4 0.006250 0.577083 0.079687 0.577083 0.079687 0.645833 0.006250 0.645833
4 0.171875 0.622917 0.257812 0.622917 0.257812 0.720833 0.171875 0.720833
4 0.165625 0.908333 0.318750 0.908333 0.318750 1.000000 0.165625 1.000000