9 0.337500 0.341667 0.368750 0.341667 0.368750 0.387500 0.337500 0.387500
9 0.309375 0.362500 0.353125 0.362500 0.353125 0.431250 0.309375 0.431250
4 0.300000 0.383333 0.323437 0.383333 0.323437 0.416667 0.300000 0.416667
4 0.412500 0.391667 0.434375 0.391667 0.434375 0.418750 0.412500 0.418750
7 0.346875 0.381250 0.384375 0.381250 0.384375 0.431250 0.346875 0.431250
4 0.392188 0.395833 0.415625 0.395833 0.415625 0.425000 0.392188 0.425000
4 0.381250 0.414583 0.412500 0.414583 0.412500 0.450000 0.381250 0.450000
7 0.256250 0.393750 0.317188 0.393750 0.317188 0.481250 0.256250 0.481250
9 0.317188 0.410417 0.365625 0.410417 0.365625 0.489583 0.317188 0.489583
4 0.381250 0.429167 0.417187 0.429167 0.417187 0.475000 0.381250 0.475000
4 0.370312 0.452083 0.410938 0.452083 0.410938 0.497917 0.370312 0.497917
4 0.292187 0.460417 0.339062 0.460417 0.339062 0.527083 0.292187 0.527083
4 0.350000 0.466667 0.403125 0.466667 0.403125 0.535417 0.350000 0.535417
4 0.212500 0.472917 0.262500 0.472917 0.262500 0.537500 0.212500 0.537500
4 0.148438 0.479167 0.206250 0.479167 0.206250 0.543750 0.148438 0.543750
4 0.248438 0.512500 0.309375 0.512500 0.309375 0.591667 0.248438 0.591667
7 0.626562 0.489583 0.726562 0.489583 0.726562 0.656250 0.626562 0.656250
4 0.176563 0.583333 0.270313 0.583333 0.270313 0.691667 0.176563 0.691667
8 0.000000 0.550000 0.107813 0.550000 0.107813 0.843750 0.000000 0.843750
4 0.235937 0.658333 0.356250 0.658333 0.356250 0.827083 0.235937 0.827083
4 0.000000 0.839583 0.148438 0.839583 0.148438 1.000000 0.000000 1.000000