4 0.304688 0.406250 0.334375 0.406250 0.334375 0.445833 0.304688 0.445833
4 0.337500 0.412500 0.371875 0.412500 0.371875 0.452083 0.337500 0.452083
4 0.384375 0.420833 0.417187 0.420833 0.417187 0.458333 0.384375 0.458333
7 0.267188 0.422917 0.314063 0.422917 0.314063 0.475000 0.267188 0.475000
4 0.479687 0.431250 0.510938 0.431250 0.510938 0.472917 0.479687 0.472917
4 0.315625 0.441667 0.356250 0.441667 0.356250 0.485417 0.315625 0.485417
4 0.579688 0.441667 0.626563 0.441667 0.626563 0.487500 0.579688 0.487500
4 0.381250 0.458333 0.420312 0.458333 0.420312 0.495833 0.381250 0.495833
4 0.300000 0.475000 0.340625 0.475000 0.340625 0.516667 0.300000 0.516667
4 0.500000 0.466667 0.539062 0.466667 0.539062 0.527083 0.500000 0.527083
4 0.214062 0.477083 0.254688 0.477083 0.254688 0.522917 0.214062 0.522917
4 0.356250 0.491667 0.403125 0.491667 0.403125 0.539583 0.356250 0.539583
7 0.576562 0.475000 0.639062 0.475000 0.639062 0.564583 0.576562 0.564583
4 0.284375 0.497917 0.325000 0.497917 0.325000 0.564583 0.284375 0.564583
4 0.350000 0.533333 0.396875 0.533333 0.396875 0.589583 0.350000 0.589583
8 0.045312 0.477083 0.198437 0.477083 0.198437 0.647917 0.045312 0.647917
7 0.198437 0.506250 0.290625 0.506250 0.290625 0.631250 0.198437 0.631250
4 0.351562 0.570833 0.415625 0.570833 0.415625 0.656250 0.351562 0.656250
7 0.137500 0.560417 0.254688 0.560417 0.254688 0.720833 0.137500 0.720833
9 0.000000 0.589583 0.070312 0.589583 0.070312 0.777083 0.000000 0.777083
4 0.267188 0.639583 0.357812 0.639583 0.357812 0.743750 0.267188 0.743750
4 0.243750 0.745833 0.343750 0.745833 0.343750 0.870833 0.243750 0.870833
9 0.000000 0.658333 0.182812 0.658333 0.182812 1.000000 0.000000 1.000000
4 0.153125 0.883333 0.303125 0.883333 0.303125 1.000000 0.153125 1.000000