4 0.343750 0.360417 0.376563 0.360417 0.376563 0.402083 0.343750 0.402083
4 0.529687 0.366667 0.560937 0.366667 0.560937 0.400000 0.529687 0.400000
4 0.500000 0.375000 0.526563 0.375000 0.526563 0.402083 0.500000 0.402083
7 0.550000 0.383333 0.584375 0.383333 0.584375 0.429167 0.550000 0.429167
4 0.473438 0.387500 0.504687 0.387500 0.504687 0.431250 0.473438 0.431250
4 0.368750 0.397917 0.390625 0.397917 0.390625 0.422917 0.368750 0.422917
4 0.385937 0.406250 0.417187 0.406250 0.417187 0.443750 0.385937 0.443750
4 0.520312 0.404167 0.550000 0.404167 0.550000 0.450000 0.520312 0.450000
4 0.346875 0.412500 0.371875 0.412500 0.371875 0.454167 0.346875 0.454167
4 0.395313 0.420833 0.428125 0.420833 0.428125 0.462500 0.395313 0.462500
4 0.309375 0.412500 0.359375 0.412500 0.359375 0.477083 0.309375 0.477083
9 0.221875 0.395833 0.290625 0.395833 0.290625 0.514583 0.221875 0.514583
4 0.542188 0.425000 0.593750 0.425000 0.593750 0.491667 0.542188 0.491667
4 0.476562 0.441667 0.535937 0.441667 0.535937 0.495833 0.476562 0.495833
7 0.282813 0.439583 0.350000 0.439583 0.350000 0.527083 0.282813 0.527083
4 0.348438 0.466667 0.407812 0.466667 0.407812 0.520833 0.348438 0.520833
4 0.626563 0.460417 0.684375 0.460417 0.684375 0.539583 0.626563 0.539583
4 0.581250 0.487500 0.643750 0.487500 0.643750 0.585417 0.581250 0.585417
9 0.100000 0.454167 0.253125 0.454167 0.253125 0.620833 0.100000 0.620833
4 0.339062 0.510417 0.404688 0.510417 0.404688 0.587500 0.339062 0.587500
4 0.029687 0.539583 0.120312 0.539583 0.120312 0.639583 0.029687 0.639583
4 0.517188 0.566667 0.623437 0.566667 0.623437 0.708333 0.517188 0.708333
4 0.050000 0.608333 0.139063 0.608333 0.139063 0.704167 0.050000 0.704167
4 0.282813 0.600000 0.365625 0.600000 0.365625 0.729167 0.282813 0.729167
9 0.056250 0.577083 0.254687 0.577083 0.254687 0.839583 0.056250 0.839583
4 0.000000 0.872917 0.110937 0.872917 0.110937 1.000000 0.000000 1.000000