7 0.314063 0.383333 0.343750 0.383333 0.343750 0.433333 0.314063 0.433333
4 0.392188 0.408333 0.420312 0.408333 0.420312 0.435417 0.392188 0.435417
9 0.582813 0.387500 0.634375 0.387500 0.634375 0.466667 0.582813 0.466667
7 0.265625 0.416667 0.306250 0.416667 0.306250 0.475000 0.265625 0.475000
4 0.323437 0.433333 0.354687 0.433333 0.354687 0.477083 0.323437 0.477083
6 0.382812 0.441667 0.412500 0.441667 0.412500 0.489583 0.382812 0.489583
4 0.289062 0.468750 0.323438 0.468750 0.323438 0.504167 0.289062 0.504167
4 0.371875 0.481250 0.409375 0.481250 0.409375 0.529167 0.371875 0.529167
4 0.287500 0.489583 0.331250 0.489583 0.331250 0.545833 0.287500 0.545833
9 0.151562 0.466667 0.234375 0.466667 0.234375 0.579167 0.151562 0.579167
4 0.334375 0.552083 0.398438 0.552083 0.398438 0.622917 0.334375 0.622917
9 0.184375 0.527083 0.292187 0.527083 0.292187 0.662500 0.184375 0.662500
7 0.050000 0.533333 0.154688 0.533333 0.154688 0.677083 0.050000 0.677083
4 0.825000 0.812500 1.000000 0.812500 1.000000 1.000000 0.825000 1.000000