9 0.331250 0.347917 0.365625 0.347917 0.365625 0.397917 0.331250 0.397917
9 0.306250 0.354167 0.359375 0.354167 0.359375 0.433333 0.306250 0.433333
4 0.289062 0.385417 0.315625 0.385417 0.315625 0.420833 0.289062 0.420833
4 0.412500 0.391667 0.434375 0.391667 0.434375 0.418750 0.412500 0.418750
4 0.393750 0.395833 0.417187 0.395833 0.417187 0.425000 0.393750 0.425000
7 0.342187 0.385417 0.384375 0.385417 0.384375 0.443750 0.342187 0.443750
7 0.529688 0.375000 0.578125 0.375000 0.578125 0.454167 0.529688 0.454167
4 0.381250 0.410417 0.412500 0.410417 0.412500 0.445833 0.381250 0.445833
4 0.381250 0.427083 0.414062 0.427083 0.414062 0.456250 0.381250 0.456250
4 0.240625 0.422917 0.275000 0.422917 0.275000 0.462500 0.240625 0.462500
4 0.270313 0.420833 0.309375 0.420833 0.309375 0.472917 0.270313 0.472917
9 0.307812 0.412500 0.365625 0.412500 0.365625 0.497917 0.307812 0.497917
4 0.382812 0.435417 0.421875 0.435417 0.421875 0.483333 0.382812 0.483333
4 0.204687 0.431250 0.246875 0.431250 0.246875 0.489583 0.204687 0.489583
4 0.364062 0.441667 0.414062 0.441667 0.414062 0.502083 0.364062 0.502083
7 0.210938 0.427083 0.295312 0.427083 0.295312 0.522917 0.210938 0.522917
4 0.560937 0.452083 0.612500 0.452083 0.612500 0.516667 0.560937 0.516667
4 0.281250 0.464583 0.334375 0.464583 0.334375 0.535417 0.281250 0.535417
4 0.556250 0.481250 0.610938 0.481250 0.610938 0.566667 0.556250 0.566667
4 0.323437 0.502083 0.395313 0.502083 0.395313 0.593750 0.323437 0.593750
4 0.134375 0.516667 0.220312 0.516667 0.220312 0.618750 0.134375 0.618750
4 0.528125 0.533333 0.593750 0.533333 0.593750 0.627083 0.528125 0.627083
4 0.220312 0.535417 0.301563 0.535417 0.301563 0.629167 0.220312 0.629167
4 0.040625 0.700000 0.203125 0.700000 0.203125 0.916667 0.040625 0.916667
4 0.096875 0.931250 0.285938 0.931250 0.285938 0.997917 0.096875 0.997917