8 0.345312 0.366667 0.387500 0.366667 0.387500 0.435417 0.345312 0.435417
11 0.300000 0.366667 0.345312 0.366667 0.345312 0.441667 0.300000 0.441667
4 0.387500 0.412500 0.421875 0.412500 0.421875 0.450000 0.387500 0.450000
4 0.332813 0.427083 0.365625 0.427083 0.365625 0.470833 0.332813 0.470833
7 0.254688 0.429167 0.303125 0.429167 0.303125 0.495833 0.254688 0.495833
4 0.378125 0.445833 0.410938 0.445833 0.410938 0.489583 0.378125 0.489583
9 0.564063 0.429167 0.620312 0.429167 0.620312 0.520833 0.564063 0.520833
7 0.192188 0.479167 0.257812 0.479167 0.257812 0.558333 0.192188 0.558333
6 0.359375 0.497917 0.401563 0.497917 0.401563 0.558333 0.359375 0.558333
4 0.259375 0.510417 0.312500 0.510417 0.312500 0.566667 0.259375 0.566667
4 0.329688 0.568750 0.392188 0.568750 0.392188 0.645833 0.329688 0.645833
4 0.182812 0.593750 0.254688 0.593750 0.254688 0.670833 0.182812 0.670833
9 0.000000 0.568750 0.131250 0.568750 0.131250 0.741667 0.000000 0.741667
4 0.137500 0.672917 0.242188 0.672917 0.242188 0.791667 0.137500 0.791667
4 0.246875 0.722917 0.353125 0.722917 0.353125 0.845833 0.246875 0.845833