8 0.331250 0.366667 0.378125 0.366667 0.378125 0.450000 0.331250 0.450000
9 0.285938 0.412500 0.350000 0.412500 0.350000 0.493750 0.285938 0.493750
4 0.379688 0.435417 0.412500 0.435417 0.412500 0.481250 0.379688 0.481250
4 0.370312 0.456250 0.404688 0.456250 0.404688 0.493750 0.370312 0.493750
4 0.492188 0.460417 0.529688 0.460417 0.529688 0.518750 0.492188 0.518750
4 0.364063 0.483333 0.401562 0.483333 0.401562 0.533333 0.364063 0.533333
7 0.160938 0.477083 0.232812 0.477083 0.232812 0.583333 0.160938 0.583333
4 0.342188 0.527083 0.395313 0.527083 0.395313 0.589583 0.342188 0.589583
0 0.184375 0.477083 0.312500 0.477083 0.312500 0.647917 0.184375 0.647917
4 0.518750 0.531250 0.576562 0.531250 0.576562 0.616667 0.518750 0.616667
9 0.035937 0.543750 0.153125 0.543750 0.153125 0.654167 0.035937 0.654167
4 0.296875 0.602083 0.367188 0.602083 0.367188 0.683333 0.296875 0.683333
9 0.775000 0.581250 0.909375 0.581250 0.909375 0.756250 0.775000 0.756250
4 0.240625 0.702083 0.348438 0.702083 0.348438 0.839583 0.240625 0.839583
9 0.000000 0.670833 0.190625 0.670833 0.190625 1.000000 0.000000 1.000000