4 0.525000 0.395833 0.553125 0.395833 0.553125 0.443750 0.525000 0.443750
4 0.282813 0.404167 0.310937 0.404167 0.310937 0.441667 0.282813 0.441667
4 0.340625 0.425000 0.370312 0.425000 0.370312 0.460417 0.340625 0.460417
4 0.479687 0.418750 0.512500 0.418750 0.512500 0.468750 0.479687 0.468750
4 0.387500 0.431250 0.417187 0.431250 0.417187 0.470833 0.387500 0.470833
4 0.542188 0.441667 0.578125 0.441667 0.578125 0.483333 0.542188 0.483333
4 0.314063 0.452083 0.351562 0.452083 0.351562 0.508333 0.314063 0.508333
4 0.368750 0.468750 0.407813 0.468750 0.407813 0.518750 0.368750 0.518750
9 0.154688 0.431250 0.256250 0.431250 0.256250 0.564583 0.154688 0.564583
7 0.253125 0.468750 0.318750 0.468750 0.318750 0.564583 0.253125 0.564583
4 0.371875 0.493750 0.421875 0.493750 0.421875 0.562500 0.371875 0.562500
4 0.690625 0.531250 0.762500 0.531250 0.762500 0.620833 0.690625 0.620833
4 0.523438 0.531250 0.590625 0.531250 0.590625 0.625000 0.523438 0.625000
7 0.162500 0.535417 0.271875 0.535417 0.271875 0.681250 0.162500 0.681250
4 0.292187 0.581250 0.368750 0.581250 0.368750 0.672917 0.292187 0.672917
9 0.000000 0.525000 0.143750 0.525000 0.143750 0.750000 0.000000 0.750000
4 0.264063 0.689583 0.356250 0.689583 0.356250 0.802083 0.264063 0.802083
9 0.000000 0.658333 0.185938 0.658333 0.185938 1.000000 0.000000 1.000000
4 0.159375 0.862500 0.307812 0.862500 0.307812 1.000000 0.159375 1.000000