7 0.300000 0.395833 0.334375 0.395833 0.334375 0.447917 0.300000 0.447917
4 0.387500 0.412500 0.420313 0.412500 0.420313 0.450000 0.387500 0.450000
7 0.248437 0.431250 0.303125 0.431250 0.303125 0.495833 0.248437 0.495833
4 0.309375 0.447917 0.346875 0.447917 0.346875 0.493750 0.309375 0.493750
6 0.376562 0.452083 0.410938 0.452083 0.410938 0.502083 0.376562 0.502083
4 0.276562 0.489583 0.315625 0.489583 0.315625 0.529167 0.276562 0.529167
4 0.356250 0.500000 0.400000 0.500000 0.400000 0.562500 0.356250 0.562500
9 0.125000 0.489583 0.210938 0.489583 0.210938 0.602083 0.125000 0.602083
4 0.267188 0.520833 0.321875 0.520833 0.321875 0.577083 0.267188 0.577083
4 0.606250 0.516667 0.667188 0.516667 0.667188 0.602083 0.606250 0.602083
4 0.314062 0.589583 0.387500 0.589583 0.387500 0.670833 0.314062 0.670833
7 0.000000 0.568750 0.126562 0.568750 0.126562 0.720833 0.000000 0.720833
9 0.125000 0.577083 0.260937 0.577083 0.260937 0.745833 0.125000 0.745833