9 0.346875 0.368750 0.387500 0.368750 0.387500 0.425000 0.346875 0.425000
8 0.304688 0.372917 0.370313 0.372917 0.370313 0.475000 0.304688 0.475000
4 0.385937 0.422917 0.415625 0.422917 0.415625 0.454167 0.385937 0.454167
4 0.378125 0.443750 0.414062 0.443750 0.414062 0.479167 0.378125 0.479167
7 0.220313 0.439583 0.281250 0.439583 0.281250 0.520833 0.220313 0.520833
4 0.368750 0.460417 0.403125 0.460417 0.403125 0.508333 0.368750 0.508333
9 0.264062 0.443750 0.335938 0.443750 0.335938 0.531250 0.264062 0.531250
7 0.157812 0.487500 0.223437 0.487500 0.223437 0.560417 0.157812 0.560417
4 0.350000 0.508333 0.395313 0.508333 0.395313 0.575000 0.350000 0.575000
7 0.050000 0.535417 0.160938 0.535417 0.160938 0.647917 0.050000 0.647917
4 0.310938 0.595833 0.379688 0.595833 0.379688 0.685417 0.310938 0.685417
0 0.064063 0.533333 0.273438 0.533333 0.273438 0.818750 0.064063 0.818750
4 0.245312 0.716667 0.348438 0.716667 0.348438 0.837500 0.245312 0.837500