9 0.264063 0.400000 0.307812 0.400000 0.307812 0.477083 0.264063 0.477083
8 0.585938 0.391667 0.646875 0.391667 0.646875 0.493750 0.585938 0.493750
9 0.310938 0.422917 0.354687 0.422917 0.354687 0.489583 0.310938 0.489583
4 0.378125 0.452083 0.415625 0.452083 0.415625 0.493750 0.378125 0.493750
8 0.120313 0.439583 0.235938 0.439583 0.235938 0.595833 0.120313 0.595833
4 0.357813 0.489583 0.403125 0.489583 0.403125 0.554167 0.357813 0.554167
4 0.278125 0.510417 0.331250 0.510417 0.331250 0.564583 0.278125 0.564583
8 0.598438 0.491667 0.771875 0.491667 0.771875 0.731250 0.598438 0.731250
7 0.782813 0.547917 0.910938 0.547917 0.910938 0.731250 0.782813 0.731250
4 0.306250 0.610417 0.385937 0.610417 0.385937 0.710417 0.306250 0.710417
11 0.009375 0.602083 0.232813 0.602083 0.232813 1.000000 0.009375 1.000000
4 0.210938 0.781250 0.346875 0.781250 0.346875 0.966667 0.210938 0.966667