8 0.351562 0.360417 0.393750 0.360417 0.393750 0.427083 0.351562 0.427083
11 0.304688 0.364583 0.350000 0.364583 0.350000 0.433333 0.304688 0.433333
4 0.506250 0.387500 0.534375 0.387500 0.534375 0.422917 0.506250 0.422917
4 0.389062 0.410417 0.423438 0.410417 0.423438 0.447917 0.389062 0.447917
4 0.345312 0.412500 0.378125 0.412500 0.378125 0.452083 0.345312 0.452083
7 0.268750 0.416667 0.312500 0.416667 0.312500 0.477083 0.268750 0.477083
4 0.378125 0.439583 0.410938 0.439583 0.410938 0.479167 0.378125 0.479167
4 0.484375 0.435417 0.521875 0.435417 0.521875 0.485417 0.484375 0.485417
7 0.206250 0.460417 0.265625 0.460417 0.265625 0.539583 0.206250 0.539583
6 0.364062 0.481250 0.406250 0.481250 0.406250 0.543750 0.364062 0.543750
4 0.275000 0.489583 0.323437 0.489583 0.323437 0.541667 0.275000 0.541667
9 0.614062 0.479167 0.703125 0.479167 0.703125 0.635417 0.614062 0.635417
4 0.340625 0.541667 0.392187 0.541667 0.392187 0.612500 0.340625 0.612500
4 0.221875 0.552083 0.279688 0.552083 0.279688 0.610417 0.221875 0.610417
9 0.034375 0.535417 0.154688 0.535417 0.154688 0.691667 0.034375 0.691667
4 0.195312 0.616667 0.270313 0.616667 0.270313 0.702083 0.195312 0.702083
4 0.271875 0.675000 0.365625 0.675000 0.365625 0.781250 0.271875 0.781250