7 0.296875 0.393750 0.329688 0.393750 0.329688 0.433333 0.296875 0.433333
9 0.568750 0.377083 0.623437 0.377083 0.623437 0.470833 0.568750 0.470833
7 0.331250 0.397917 0.370312 0.397917 0.370312 0.452083 0.331250 0.452083
9 0.251563 0.408333 0.296875 0.408333 0.296875 0.491667 0.251563 0.491667
9 0.301562 0.433333 0.351562 0.433333 0.351562 0.504167 0.301562 0.504167
4 0.371875 0.460417 0.414062 0.460417 0.414062 0.506250 0.371875 0.506250
8 0.100000 0.454167 0.228125 0.454167 0.228125 0.616667 0.100000 0.616667
4 0.348438 0.504167 0.404688 0.504167 0.404688 0.570833 0.348438 0.570833
8 0.571875 0.464583 0.681250 0.464583 0.681250 0.610417 0.571875 0.610417
7 0.690625 0.477083 0.779687 0.477083 0.779687 0.614583 0.690625 0.614583
4 0.264062 0.529167 0.318750 0.529167 0.318750 0.595833 0.264062 0.595833
4 0.526563 0.593750 0.606250 0.593750 0.606250 0.727083 0.526563 0.727083
4 0.278125 0.650000 0.378125 0.650000 0.378125 0.766667 0.278125 0.766667
4 0.821875 0.662500 0.937500 0.662500 0.937500 0.818750 0.821875 0.818750
11 0.000000 0.625000 0.200000 0.625000 0.200000 1.000000 0.000000 1.000000
4 0.176563 0.891667 0.323437 0.891667 0.323437 1.000000 0.176563 1.000000