8 0.337500 0.354167 0.365625 0.354167 0.365625 0.410417 0.337500 0.410417
4 0.467188 0.368750 0.487500 0.368750 0.487500 0.400000 0.467188 0.400000
7 0.510937 0.368750 0.537500 0.368750 0.537500 0.416667 0.510937 0.416667
8 0.307812 0.368750 0.345312 0.368750 0.345312 0.429167 0.307812 0.429167
9 0.273438 0.385417 0.326562 0.385417 0.326562 0.437500 0.273438 0.437500
4 0.346875 0.414583 0.375000 0.414583 0.375000 0.445833 0.346875 0.445833
4 0.385937 0.416667 0.420313 0.416667 0.420313 0.460417 0.385937 0.460417
9 0.223437 0.408333 0.290625 0.408333 0.290625 0.472917 0.223437 0.472917
4 0.321875 0.447917 0.354687 0.447917 0.354687 0.493750 0.321875 0.493750
4 0.548437 0.454167 0.609375 0.454167 0.609375 0.537500 0.548437 0.537500
9 0.243750 0.433333 0.335938 0.433333 0.335938 0.564583 0.243750 0.564583
4 0.365625 0.470833 0.414062 0.470833 0.414062 0.527083 0.365625 0.527083
7 0.179688 0.468750 0.235938 0.468750 0.235938 0.545833 0.179688 0.545833
4 0.340625 0.518750 0.387500 0.518750 0.387500 0.589583 0.340625 0.589583
8 0.042188 0.502083 0.267188 0.502083 0.267188 0.810417 0.042188 0.810417
4 0.285938 0.604167 0.376562 0.604167 0.376562 0.714583 0.285938 0.714583
4 0.567187 0.627083 0.668750 0.627083 0.668750 0.793750 0.567187 0.793750
4 0.242188 0.689583 0.351562 0.689583 0.351562 0.816667 0.242188 0.816667
9 0.000000 0.735417 0.131250 0.735417 0.131250 1.000000 0.000000 1.000000
4 0.190625 0.827083 0.329687 0.827083 0.329687 1.000000 0.190625 1.000000