9 0.265625 0.375000 0.320312 0.375000 0.320312 0.456250 0.265625 0.456250
4 0.582812 0.410417 0.621875 0.410417 0.621875 0.454167 0.582812 0.454167
4 0.531250 0.416667 0.565625 0.416667 0.565625 0.466667 0.531250 0.466667
4 0.484375 0.425000 0.520312 0.425000 0.520312 0.470833 0.484375 0.470833
7 0.310938 0.414583 0.356250 0.414583 0.356250 0.485417 0.310938 0.485417
4 0.612500 0.439583 0.662500 0.439583 0.662500 0.500000 0.612500 0.500000
4 0.378125 0.450000 0.412500 0.450000 0.412500 0.495833 0.378125 0.495833
9 0.190625 0.414583 0.273438 0.414583 0.273438 0.541667 0.190625 0.541667
4 0.553125 0.460417 0.600000 0.460417 0.600000 0.529167 0.553125 0.529167
4 0.345313 0.489583 0.392188 0.489583 0.392188 0.558333 0.345313 0.558333
4 0.129687 0.495833 0.189062 0.495833 0.189062 0.560417 0.129687 0.560417
4 0.606250 0.525000 0.668750 0.525000 0.668750 0.608333 0.606250 0.608333
4 0.509375 0.533333 0.564063 0.533333 0.564063 0.614583 0.509375 0.614583
9 0.178125 0.510417 0.296875 0.510417 0.296875 0.675000 0.178125 0.675000
7 0.729687 0.531250 0.814063 0.531250 0.814063 0.658333 0.729687 0.658333
4 0.296875 0.625000 0.370313 0.625000 0.370313 0.712500 0.296875 0.712500
4 0.065625 0.627083 0.139063 0.627083 0.139063 0.716667 0.065625 0.716667
4 0.579688 0.770833 0.723438 0.770833 0.723438 0.977083 0.579688 0.977083