8 0.235937 0.404167 0.301563 0.404167 0.301563 0.495833 0.235937 0.495833
4 0.310938 0.454167 0.346875 0.454167 0.346875 0.502083 0.310938 0.502083
8 0.139062 0.441667 0.254688 0.441667 0.254688 0.562500 0.139062 0.562500
4 0.351562 0.481250 0.396875 0.481250 0.396875 0.543750 0.351562 0.543750
4 0.276563 0.497917 0.320312 0.497917 0.320312 0.550000 0.276563 0.550000
4 0.346875 0.522917 0.398438 0.522917 0.398438 0.593750 0.346875 0.593750
4 0.242188 0.533333 0.303125 0.533333 0.303125 0.616667 0.242188 0.616667
8 0.601562 0.454167 0.760938 0.454167 0.760938 0.720833 0.601562 0.720833
4 0.310937 0.575000 0.373437 0.575000 0.373437 0.658333 0.310937 0.658333
4 0.765625 0.581250 0.848437 0.581250 0.848437 0.689583 0.765625 0.689583
9 0.000000 0.541667 0.228125 0.541667 0.228125 0.895833 0.000000 0.895833
4 0.254687 0.656250 0.359375 0.656250 0.359375 0.810417 0.254687 0.810417
4 0.145313 0.837500 0.309375 0.837500 0.309375 1.000000 0.145313 1.000000