7 0.270313 0.395833 0.321875 0.395833 0.321875 0.468750 0.270313 0.468750
0 0.310937 0.387500 0.373437 0.387500 0.373437 0.479167 0.310937 0.479167
4 0.481250 0.437500 0.517188 0.437500 0.517188 0.477083 0.481250 0.477083
9 0.225000 0.429167 0.284375 0.429167 0.284375 0.491667 0.225000 0.491667
4 0.368750 0.450000 0.407813 0.450000 0.407813 0.493750 0.368750 0.493750
4 0.575000 0.460417 0.621875 0.460417 0.621875 0.533333 0.575000 0.533333
9 0.173438 0.447917 0.245312 0.447917 0.245312 0.556250 0.173438 0.556250
4 0.362500 0.481250 0.404688 0.481250 0.404688 0.522917 0.362500 0.522917
8 0.237500 0.437500 0.329687 0.437500 0.329687 0.570833 0.237500 0.570833
4 0.506250 0.502083 0.553125 0.502083 0.553125 0.564583 0.506250 0.564583
4 0.348437 0.510417 0.398438 0.510417 0.398438 0.570833 0.348437 0.570833
4 0.320312 0.554167 0.384375 0.554167 0.384375 0.618750 0.320312 0.618750
9 0.126562 0.547917 0.267188 0.547917 0.267188 0.735417 0.126562 0.735417
4 0.293750 0.597917 0.368750 0.597917 0.368750 0.697917 0.293750 0.697917
8 0.000000 0.512500 0.134375 0.512500 0.134375 0.839583 0.000000 0.839583
6 0.282813 0.660417 0.376563 0.660417 0.376563 0.791667 0.282813 0.791667
4 0.235938 0.764583 0.351562 0.764583 0.351562 0.931250 0.235938 0.931250
11 0.796875 0.743750 1.000000 0.743750 1.000000 1.000000 0.796875 1.000000