7 0.354687 0.377083 0.385937 0.377083 0.385937 0.416667 0.354687 0.416667
4 0.473438 0.387500 0.496875 0.387500 0.496875 0.420833 0.473438 0.420833
4 0.406250 0.393750 0.425000 0.393750 0.425000 0.420833 0.406250 0.420833
4 0.548438 0.393750 0.571875 0.393750 0.571875 0.431250 0.548438 0.431250
4 0.389062 0.402083 0.414062 0.402083 0.414062 0.431250 0.389062 0.431250
9 0.331250 0.391667 0.373438 0.391667 0.373438 0.445833 0.331250 0.445833
8 0.267188 0.393750 0.318750 0.393750 0.318750 0.464583 0.267188 0.464583
4 0.384375 0.433333 0.415625 0.433333 0.415625 0.466667 0.384375 0.466667
4 0.325000 0.431250 0.356250 0.431250 0.356250 0.470833 0.325000 0.470833
8 0.195312 0.416667 0.285938 0.416667 0.285938 0.491667 0.195312 0.491667
4 0.503125 0.441667 0.535937 0.441667 0.535937 0.485417 0.503125 0.485417
4 0.371875 0.447917 0.409375 0.447917 0.409375 0.493750 0.371875 0.493750
4 0.312500 0.447917 0.350000 0.447917 0.350000 0.495833 0.312500 0.495833
4 0.364063 0.470833 0.395313 0.470833 0.395313 0.506250 0.364063 0.506250
4 0.295312 0.477083 0.326562 0.477083 0.326562 0.525000 0.295312 0.525000
4 0.354687 0.483333 0.395313 0.483333 0.395313 0.537500 0.354687 0.537500
4 0.268750 0.506250 0.307812 0.506250 0.307812 0.579167 0.268750 0.579167
4 0.346875 0.527083 0.395313 0.527083 0.395313 0.583333 0.346875 0.583333
4 0.320312 0.570833 0.379687 0.570833 0.379687 0.631250 0.320312 0.631250
9 0.120313 0.489583 0.278125 0.489583 0.278125 0.722917 0.120313 0.722917
9 0.000000 0.522917 0.132812 0.522917 0.132812 0.729167 0.000000 0.729167
4 0.526562 0.570833 0.595313 0.570833 0.595313 0.689583 0.526562 0.689583
4 0.287500 0.610417 0.371875 0.610417 0.371875 0.718750 0.287500 0.718750
4 0.237500 0.695833 0.346875 0.695833 0.346875 0.833333 0.237500 0.833333