4 0.357813 0.387500 0.387500 0.387500 0.387500 0.422917 0.357813 0.422917
7 0.315625 0.387500 0.346875 0.387500 0.346875 0.425000 0.315625 0.425000
6 0.396875 0.404167 0.426563 0.404167 0.426563 0.437500 0.396875 0.437500
4 0.343750 0.422917 0.370313 0.422917 0.370313 0.456250 0.343750 0.456250
4 0.387500 0.433333 0.418750 0.433333 0.418750 0.472917 0.387500 0.472917
9 0.234375 0.420833 0.284375 0.420833 0.284375 0.504167 0.234375 0.504167
9 0.285938 0.445833 0.345312 0.445833 0.345312 0.522917 0.285938 0.522917
4 0.495312 0.460417 0.532813 0.460417 0.532813 0.514583 0.495312 0.514583
4 0.371875 0.472917 0.410938 0.472917 0.410938 0.514583 0.371875 0.514583
7 0.178125 0.458333 0.243750 0.458333 0.243750 0.543750 0.178125 0.543750
7 0.642187 0.472917 0.710938 0.472917 0.710938 0.550000 0.642187 0.550000
9 0.110937 0.491667 0.201563 0.491667 0.201563 0.629167 0.110937 0.629167
7 0.214062 0.500000 0.298437 0.500000 0.298437 0.620833 0.214062 0.620833
7 0.604688 0.508333 0.687500 0.508333 0.687500 0.620833 0.604688 0.620833
4 0.306250 0.612500 0.379688 0.612500 0.379688 0.704167 0.306250 0.704167
7 0.034375 0.656250 0.210938 0.656250 0.210938 0.889583 0.034375 0.889583
4 0.226562 0.785417 0.360938 0.785417 0.360938 0.954167 0.226562 0.954167
4 0.598438 0.775000 0.732812 0.775000 0.732812 0.989583 0.598438 0.989583