9 0.281250 0.372917 0.329688 0.372917 0.329688 0.450000 0.281250 0.450000
4 0.390625 0.410417 0.418750 0.410417 0.418750 0.454167 0.390625 0.454167
7 0.318750 0.410417 0.360938 0.410417 0.360938 0.468750 0.318750 0.468750
9 0.223438 0.395833 0.301563 0.395833 0.301563 0.514583 0.223438 0.514583
4 0.314063 0.445833 0.350000 0.445833 0.350000 0.491667 0.314063 0.491667
4 0.367188 0.447917 0.403125 0.447917 0.403125 0.495833 0.367188 0.495833
0 0.559375 0.427083 0.657813 0.427083 0.657813 0.581250 0.559375 0.581250
4 0.123438 0.491667 0.181250 0.491667 0.181250 0.564583 0.123438 0.564583
9 0.237500 0.472917 0.325000 0.472917 0.325000 0.604167 0.237500 0.604167
4 0.162500 0.518750 0.215625 0.518750 0.215625 0.583333 0.162500 0.583333
4 0.345313 0.533333 0.398438 0.533333 0.398438 0.595833 0.345313 0.595833
4 0.717187 0.541667 0.810937 0.541667 0.810937 0.641667 0.717187 0.641667
4 0.006250 0.620833 0.096875 0.620833 0.096875 0.762500 0.006250 0.762500
4 0.270313 0.639583 0.362500 0.639583 0.362500 0.760417 0.270313 0.760417
4 0.084375 0.670833 0.200000 0.670833 0.200000 0.827083 0.084375 0.827083
4 0.570312 0.720833 0.690625 0.720833 0.690625 0.927083 0.570312 0.927083
4 0.754687 0.745833 0.909375 0.745833 0.909375 0.977083 0.754687 0.977083