8 0.526563 0.372917 0.581250 0.372917 0.581250 0.475000 0.526563 0.475000
7 0.579688 0.389583 0.620312 0.389583 0.620312 0.468750 0.579688 0.468750
4 0.275000 0.420833 0.303125 0.420833 0.303125 0.462500 0.275000 0.462500
4 0.484375 0.425000 0.509375 0.425000 0.509375 0.460417 0.484375 0.460417
4 0.323437 0.435417 0.354687 0.435417 0.354687 0.477083 0.323437 0.477083
8 0.204687 0.420833 0.282813 0.420833 0.282813 0.541667 0.204687 0.541667
4 0.301562 0.458333 0.343750 0.458333 0.343750 0.514583 0.301562 0.514583
4 0.503125 0.458333 0.543750 0.458333 0.543750 0.518750 0.503125 0.518750
4 0.351562 0.481250 0.396875 0.481250 0.396875 0.545833 0.351562 0.545833
4 0.262500 0.508333 0.314062 0.508333 0.314062 0.575000 0.262500 0.575000
8 0.064062 0.464583 0.223437 0.464583 0.223437 0.641667 0.064062 0.641667
4 0.339062 0.541667 0.395313 0.541667 0.395313 0.620833 0.339062 0.620833
4 0.221875 0.554167 0.289062 0.554167 0.289062 0.645833 0.221875 0.645833
4 0.529687 0.570833 0.600000 0.570833 0.600000 0.677083 0.529687 0.677083
4 0.285938 0.627083 0.364063 0.627083 0.364063 0.720833 0.285938 0.720833
4 0.175000 0.804167 0.329687 0.804167 0.329687 0.997917 0.175000 0.997917
4 0.623437 0.808333 0.775000 0.808333 0.775000 1.000000 0.623437 1.000000