8 0.478125 0.325000 0.493750 0.325000 0.493750 0.354167 0.478125 0.354167
4 0.460938 0.343750 0.471875 0.343750 0.471875 0.358333 0.460938 0.358333
9 0.323437 0.356250 0.357813 0.356250 0.357813 0.412500 0.323437 0.412500
7 0.350000 0.383333 0.379688 0.383333 0.379688 0.427083 0.350000 0.427083
4 0.387500 0.397917 0.412500 0.397917 0.412500 0.416667 0.387500 0.416667
4 0.521875 0.397917 0.546875 0.397917 0.546875 0.429167 0.521875 0.429167
7 0.281250 0.397917 0.323438 0.397917 0.323438 0.458333 0.281250 0.458333
4 0.384375 0.414583 0.412500 0.414583 0.412500 0.443750 0.384375 0.443750
9 0.321875 0.408333 0.365625 0.408333 0.365625 0.479167 0.321875 0.479167
4 0.384375 0.435417 0.415625 0.435417 0.415625 0.468750 0.384375 0.468750
4 0.234375 0.435417 0.267188 0.435417 0.267188 0.470833 0.234375 0.470833
4 0.375000 0.450000 0.409375 0.450000 0.409375 0.491667 0.375000 0.491667
4 0.248438 0.458333 0.285938 0.458333 0.285938 0.497917 0.248438 0.497917
4 0.296875 0.456250 0.337500 0.456250 0.337500 0.510417 0.296875 0.510417
4 0.356250 0.470833 0.398438 0.470833 0.398438 0.527083 0.356250 0.527083
4 0.260937 0.506250 0.306250 0.506250 0.306250 0.566667 0.260937 0.566667
4 0.228125 0.541667 0.293750 0.541667 0.293750 0.622917 0.228125 0.622917
4 0.315625 0.550000 0.382812 0.550000 0.382812 0.647917 0.315625 0.647917
8 0.003125 0.491667 0.176563 0.491667 0.176563 0.714583 0.003125 0.714583
4 0.143750 0.645833 0.245312 0.645833 0.245312 0.756250 0.143750 0.756250