4 0.498437 0.362500 0.514062 0.362500 0.514062 0.385417 0.498437 0.385417
4 0.468750 0.364583 0.484375 0.364583 0.484375 0.385417 0.468750 0.385417
9 0.317188 0.354167 0.357813 0.354167 0.357813 0.408333 0.317188 0.408333
4 0.410938 0.391667 0.435938 0.391667 0.435938 0.418750 0.410938 0.418750
7 0.353125 0.381250 0.384375 0.381250 0.384375 0.431250 0.353125 0.431250
4 0.393750 0.393750 0.421875 0.393750 0.421875 0.427083 0.393750 0.427083
9 0.282812 0.372917 0.340625 0.372917 0.340625 0.452083 0.282812 0.452083
7 0.334375 0.393750 0.370312 0.393750 0.370312 0.443750 0.334375 0.443750
4 0.268750 0.408333 0.296875 0.408333 0.296875 0.443750 0.268750 0.443750
4 0.381250 0.412500 0.409375 0.412500 0.409375 0.454167 0.381250 0.454167
4 0.332813 0.429167 0.364063 0.429167 0.364063 0.466667 0.332813 0.466667
4 0.220313 0.433333 0.265625 0.433333 0.265625 0.477083 0.220313 0.477083
4 0.381250 0.435417 0.417187 0.435417 0.417187 0.477083 0.381250 0.477083
4 0.493750 0.437500 0.526562 0.437500 0.526562 0.481250 0.493750 0.481250
9 0.298437 0.422917 0.356250 0.422917 0.356250 0.520833 0.298437 0.520833
4 0.367188 0.462500 0.412500 0.462500 0.412500 0.520833 0.367188 0.520833
4 0.173437 0.470833 0.217188 0.470833 0.217188 0.514583 0.173437 0.514583
4 0.204688 0.470833 0.257812 0.470833 0.257812 0.543750 0.204688 0.543750
4 0.243750 0.497917 0.310937 0.497917 0.310937 0.583333 0.243750 0.583333
4 0.326563 0.508333 0.393750 0.508333 0.393750 0.589583 0.326563 0.589583
7 0.120312 0.491667 0.221875 0.491667 0.221875 0.627083 0.120312 0.627083
4 0.006250 0.566667 0.098438 0.566667 0.098438 0.664583 0.006250 0.664583
4 0.548438 0.600000 0.634375 0.600000 0.634375 0.729167 0.548438 0.729167
4 0.125000 0.654167 0.232812 0.654167 0.232812 0.779167 0.125000 0.779167
4 0.239062 0.712500 0.353125 0.712500 0.353125 0.854167 0.239062 0.854167