9 0.306250 0.412500 0.362500 0.412500 0.362500 0.475000 0.306250 0.475000
4 0.368750 0.450000 0.407813 0.450000 0.407813 0.493750 0.368750 0.493750
8 0.626563 0.429167 0.721875 0.429167 0.721875 0.531250 0.626563 0.531250
7 0.206250 0.445833 0.265625 0.445833 0.265625 0.537500 0.206250 0.537500
4 0.362500 0.481250 0.404688 0.481250 0.404688 0.522917 0.362500 0.522917
0 0.248438 0.439583 0.337500 0.439583 0.337500 0.570833 0.248438 0.570833
9 0.126562 0.491667 0.212500 0.491667 0.212500 0.570833 0.126562 0.570833
4 0.345312 0.514583 0.395313 0.514583 0.395313 0.575000 0.345312 0.575000
4 0.507812 0.510417 0.560938 0.510417 0.560938 0.589583 0.507812 0.589583
0 0.625000 0.479167 0.778125 0.479167 0.778125 0.687500 0.625000 0.687500
4 0.317188 0.568750 0.381250 0.568750 0.381250 0.633333 0.317188 0.633333
4 0.281250 0.618750 0.367188 0.618750 0.367188 0.725000 0.281250 0.725000
9 0.000000 0.562500 0.092188 0.562500 0.092188 0.781250 0.000000 0.781250
8 0.025000 0.556250 0.253125 0.556250 0.253125 0.868750 0.025000 0.868750
4 0.575000 0.681250 0.675000 0.681250 0.675000 0.845833 0.575000 0.845833
9 0.803125 0.716667 1.000000 0.716667 1.000000 1.000000 0.803125 1.000000
6 0.210937 0.789583 0.340625 0.789583 0.340625 0.983333 0.210937 0.983333