4 0.357813 0.387500 0.387500 0.387500 0.387500 0.422917 0.357813 0.422917
7 0.315625 0.389583 0.346875 0.389583 0.346875 0.427083 0.315625 0.427083
6 0.396875 0.404167 0.426563 0.404167 0.426563 0.437500 0.396875 0.437500
4 0.340625 0.427083 0.367188 0.427083 0.367188 0.460417 0.340625 0.460417
4 0.387500 0.433333 0.418750 0.433333 0.418750 0.472917 0.387500 0.472917
9 0.234375 0.420833 0.284375 0.420833 0.284375 0.504167 0.234375 0.504167
4 0.492188 0.445833 0.529688 0.445833 0.529688 0.500000 0.492188 0.500000
9 0.285938 0.445833 0.345312 0.445833 0.345312 0.522917 0.285938 0.522917
4 0.371875 0.472917 0.410938 0.472917 0.410938 0.514583 0.371875 0.514583
7 0.631250 0.458333 0.690625 0.458333 0.690625 0.537500 0.631250 0.537500
7 0.168750 0.460417 0.234375 0.460417 0.234375 0.545833 0.168750 0.545833
7 0.595312 0.493750 0.664062 0.493750 0.664062 0.593750 0.595312 0.593750
7 0.207813 0.502083 0.292187 0.502083 0.292187 0.622917 0.207813 0.622917
9 0.096875 0.493750 0.193750 0.493750 0.193750 0.639583 0.096875 0.639583
4 0.306250 0.612500 0.379688 0.612500 0.379688 0.704167 0.306250 0.704167
4 0.568750 0.700000 0.675000 0.700000 0.675000 0.860417 0.568750 0.860417
7 0.015625 0.666667 0.185938 0.666667 0.185938 0.922917 0.015625 0.922917
4 0.218750 0.793750 0.354688 0.793750 0.354688 0.975000 0.218750 0.975000