8 0.229687 0.412500 0.301563 0.412500 0.301563 0.506250 0.229687 0.506250
4 0.310938 0.454167 0.346875 0.454167 0.346875 0.502083 0.310938 0.502083
8 0.564062 0.422917 0.664062 0.422917 0.664062 0.595833 0.564062 0.595833
4 0.356250 0.479167 0.401562 0.479167 0.401562 0.541667 0.356250 0.541667
8 0.107813 0.450000 0.237500 0.450000 0.237500 0.597917 0.107813 0.597917
4 0.276563 0.497917 0.320312 0.497917 0.320312 0.550000 0.276563 0.550000
4 0.346875 0.527083 0.398438 0.527083 0.398438 0.597917 0.346875 0.597917
4 0.235938 0.537500 0.296875 0.537500 0.296875 0.620833 0.235938 0.620833
7 0.718750 0.504167 0.842188 0.504167 0.842188 0.689583 0.718750 0.689583
4 0.304688 0.591667 0.373437 0.591667 0.373437 0.670833 0.304688 0.670833
4 0.537500 0.595833 0.610938 0.595833 0.610938 0.693750 0.537500 0.693750
9 0.000000 0.562500 0.220312 0.562500 0.220312 0.941667 0.000000 0.941667
4 0.240625 0.689583 0.357812 0.689583 0.357812 0.852083 0.240625 0.852083
4 0.698438 0.804167 0.856250 0.804167 0.856250 1.000000 0.698438 1.000000