8 0.351562 0.360417 0.393750 0.360417 0.393750 0.427083 0.351562 0.427083
11 0.301563 0.364583 0.346875 0.364583 0.346875 0.433333 0.301563 0.433333
4 0.387500 0.412500 0.421875 0.412500 0.421875 0.450000 0.387500 0.450000
4 0.339062 0.418750 0.371875 0.418750 0.371875 0.458333 0.339062 0.458333
4 0.378125 0.439583 0.410938 0.439583 0.410938 0.479167 0.378125 0.479167
7 0.260937 0.427083 0.309375 0.427083 0.309375 0.493750 0.260937 0.493750
9 0.573437 0.435417 0.634375 0.435417 0.634375 0.541667 0.573437 0.541667
7 0.193750 0.475000 0.259375 0.475000 0.259375 0.554167 0.193750 0.554167
6 0.360937 0.497917 0.403125 0.497917 0.403125 0.558333 0.360937 0.558333
4 0.259375 0.510417 0.312500 0.510417 0.312500 0.566667 0.259375 0.566667
4 0.329687 0.558333 0.395313 0.558333 0.395313 0.639583 0.329687 0.639583
4 0.195312 0.587500 0.262500 0.587500 0.262500 0.652083 0.195312 0.652083
9 0.000000 0.562500 0.131250 0.562500 0.131250 0.729167 0.000000 0.729167
4 0.153125 0.656250 0.248437 0.656250 0.248437 0.762500 0.153125 0.762500
4 0.251563 0.712500 0.357812 0.712500 0.357812 0.829167 0.251563 0.829167