9 0.229688 0.395833 0.303125 0.395833 0.303125 0.504167 0.229688 0.504167
4 0.370312 0.439583 0.404688 0.439583 0.404688 0.483333 0.370312 0.483333
7 0.546875 0.422917 0.590625 0.422917 0.590625 0.504167 0.546875 0.504167
4 0.320312 0.447917 0.353125 0.447917 0.353125 0.489583 0.320312 0.489583
4 0.487500 0.470833 0.526563 0.470833 0.526563 0.525000 0.487500 0.525000
4 0.150000 0.479167 0.204687 0.479167 0.204687 0.533333 0.150000 0.533333
9 0.245313 0.464583 0.328125 0.464583 0.328125 0.585417 0.245313 0.585417
4 0.173438 0.510417 0.226562 0.510417 0.226562 0.566667 0.173438 0.566667
4 0.353125 0.522917 0.400000 0.522917 0.400000 0.577083 0.353125 0.577083
0 0.590625 0.466667 0.742188 0.466667 0.742188 0.687500 0.590625 0.687500
4 0.026563 0.602083 0.121875 0.602083 0.121875 0.718750 0.026563 0.718750
4 0.289062 0.610417 0.364062 0.610417 0.364062 0.714583 0.289062 0.714583
4 0.785937 0.612500 0.917188 0.612500 0.917188 0.743750 0.785937 0.743750
4 0.107813 0.650000 0.214063 0.650000 0.214063 0.787500 0.107813 0.787500