7 0.254688 0.410417 0.306250 0.410417 0.306250 0.483333 0.254688 0.483333
0 0.295313 0.406250 0.364063 0.406250 0.364063 0.504167 0.295313 0.504167
9 0.209375 0.439583 0.268750 0.439583 0.268750 0.502083 0.209375 0.502083
4 0.368750 0.450000 0.407813 0.450000 0.407813 0.493750 0.368750 0.493750
4 0.362500 0.481250 0.404688 0.481250 0.404688 0.522917 0.362500 0.522917
7 0.650000 0.466667 0.729687 0.466667 0.729687 0.568750 0.650000 0.568750
8 0.201563 0.462500 0.317188 0.462500 0.317188 0.618750 0.201563 0.618750
4 0.348437 0.510417 0.398438 0.510417 0.398438 0.570833 0.348437 0.570833
9 0.125000 0.479167 0.207813 0.479167 0.207813 0.610417 0.125000 0.610417
4 0.087500 0.520833 0.137500 0.520833 0.137500 0.593750 0.087500 0.593750
4 0.517188 0.525000 0.581250 0.525000 0.581250 0.606250 0.517188 0.606250
4 0.320312 0.554167 0.384375 0.554167 0.384375 0.618750 0.320312 0.618750
11 0.600000 0.475000 0.751563 0.475000 0.751563 0.706250 0.600000 0.706250
4 0.293750 0.597917 0.368750 0.597917 0.368750 0.697917 0.293750 0.697917
4 0.525000 0.629167 0.614063 0.629167 0.614063 0.758333 0.525000 0.758333
6 0.271875 0.664583 0.365625 0.664583 0.365625 0.795833 0.271875 0.795833
9 0.046875 0.610417 0.223438 0.610417 0.223438 0.858333 0.046875 0.858333
4 0.200000 0.825000 0.337500 0.825000 0.337500 1.000000 0.200000 1.000000