7 0.307812 0.391667 0.342188 0.391667 0.342188 0.433333 0.307812 0.433333
4 0.353125 0.402083 0.382812 0.402083 0.382812 0.437500 0.353125 0.437500
4 0.478125 0.408333 0.506250 0.408333 0.506250 0.443750 0.478125 0.443750
6 0.392188 0.416667 0.421875 0.416667 0.421875 0.456250 0.392188 0.456250
7 0.587500 0.418750 0.625000 0.418750 0.625000 0.468750 0.587500 0.468750
4 0.331250 0.433333 0.362500 0.433333 0.362500 0.472917 0.331250 0.472917
4 0.379688 0.450000 0.415625 0.450000 0.415625 0.497917 0.379688 0.497917
7 0.556250 0.441667 0.603125 0.441667 0.603125 0.510417 0.556250 0.510417
9 0.212500 0.435417 0.273438 0.435417 0.273438 0.522917 0.212500 0.522917
9 0.278125 0.447917 0.337500 0.447917 0.337500 0.535417 0.278125 0.535417
4 0.365625 0.491667 0.409375 0.491667 0.409375 0.541667 0.365625 0.541667
7 0.154688 0.472917 0.225000 0.472917 0.225000 0.564583 0.154688 0.564583
4 0.510938 0.508333 0.559375 0.508333 0.559375 0.581250 0.510938 0.581250
9 0.062500 0.508333 0.168750 0.508333 0.168750 0.668750 0.062500 0.668750
7 0.168750 0.535417 0.268750 0.535417 0.268750 0.675000 0.168750 0.675000
4 0.285938 0.658333 0.370312 0.658333 0.370312 0.770833 0.285938 0.770833