0 0.514062 0.375000 0.567188 0.375000 0.567188 0.458333 0.514062 0.458333
9 0.270313 0.377083 0.325000 0.377083 0.325000 0.460417 0.270313 0.460417
4 0.568750 0.410417 0.598438 0.410417 0.598438 0.447917 0.568750 0.447917
7 0.312500 0.410417 0.357812 0.410417 0.357812 0.481250 0.312500 0.481250
4 0.381250 0.441667 0.415625 0.441667 0.415625 0.487500 0.381250 0.487500
4 0.614062 0.435417 0.656250 0.435417 0.656250 0.495833 0.614062 0.495833
9 0.203125 0.410417 0.281250 0.410417 0.281250 0.529167 0.203125 0.529167
4 0.560937 0.462500 0.612500 0.462500 0.612500 0.529167 0.560937 0.529167
4 0.496875 0.466667 0.542188 0.466667 0.542188 0.529167 0.496875 0.529167
4 0.292187 0.470833 0.339062 0.470833 0.339062 0.527083 0.292187 0.527083
4 0.162500 0.477083 0.206250 0.477083 0.206250 0.529167 0.162500 0.529167
4 0.356250 0.475000 0.395313 0.475000 0.395313 0.531250 0.356250 0.531250
4 0.664062 0.489583 0.728125 0.489583 0.728125 0.568750 0.664062 0.568750
9 0.195312 0.493750 0.304688 0.493750 0.304688 0.652083 0.195312 0.652083
4 0.609375 0.556250 0.684375 0.556250 0.684375 0.664583 0.609375 0.664583
4 0.315625 0.581250 0.385937 0.581250 0.385937 0.670833 0.315625 0.670833
4 0.095313 0.583333 0.171875 0.583333 0.171875 0.668750 0.095313 0.668750
4 0.000000 0.587500 0.079687 0.587500 0.079687 0.687500 0.000000 0.687500
7 0.906250 0.700000 1.000000 0.700000 1.000000 0.927083 0.906250 0.927083
4 0.562500 0.739583 0.665625 0.739583 0.665625 0.897917 0.562500 0.897917
4 0.745313 0.735417 0.879687 0.735417 0.879687 0.929167 0.745313 0.929167
4 0.001562 0.777083 0.126562 0.777083 0.126562 1.000000 0.001562 1.000000
4 0.181250 0.800000 0.321875 0.800000 0.321875 1.000000 0.181250 1.000000