0 0.501562 0.362500 0.531250 0.362500 0.531250 0.400000 0.501562 0.400000
4 0.542187 0.379167 0.560937 0.379167 0.560937 0.406250 0.542187 0.406250
4 0.518750 0.395833 0.542188 0.395833 0.542188 0.433333 0.518750 0.433333
4 0.478125 0.408333 0.504687 0.408333 0.504687 0.433333 0.478125 0.433333
4 0.567188 0.404167 0.592187 0.404167 0.592187 0.437500 0.567188 0.437500
7 0.334375 0.400000 0.370312 0.400000 0.370312 0.452083 0.334375 0.452083
9 0.256250 0.389583 0.312500 0.389583 0.312500 0.472917 0.256250 0.472917
4 0.382812 0.425000 0.410937 0.425000 0.410937 0.460417 0.382812 0.460417
4 0.593750 0.422917 0.625000 0.422917 0.625000 0.466667 0.593750 0.466667
4 0.529687 0.429167 0.565625 0.429167 0.565625 0.477083 0.529687 0.477083
7 0.310937 0.427083 0.353125 0.427083 0.353125 0.485417 0.310937 0.485417
4 0.373438 0.462500 0.409375 0.462500 0.409375 0.510417 0.373438 0.510417
9 0.176563 0.422917 0.268750 0.422917 0.268750 0.556250 0.176563 0.556250
4 0.565625 0.462500 0.606250 0.462500 0.606250 0.516667 0.565625 0.516667
4 0.492187 0.470833 0.532812 0.470833 0.532812 0.516667 0.492187 0.516667
7 0.662500 0.479167 0.717187 0.479167 0.717187 0.556250 0.662500 0.556250
4 0.245313 0.506250 0.304688 0.506250 0.304688 0.558333 0.245313 0.558333
4 0.339062 0.512500 0.387500 0.512500 0.387500 0.575000 0.339062 0.575000
4 0.090625 0.525000 0.156250 0.525000 0.156250 0.597917 0.090625 0.597917
9 0.159375 0.525000 0.287500 0.525000 0.287500 0.695833 0.159375 0.695833
4 0.529687 0.568750 0.598438 0.568750 0.598438 0.662500 0.529687 0.662500
4 0.746875 0.583333 0.851562 0.583333 0.851562 0.720833 0.746875 0.720833
4 0.678125 0.633333 0.771875 0.633333 0.771875 0.760417 0.678125 0.760417
4 0.040625 0.660417 0.123438 0.660417 0.123438 0.766667 0.040625 0.766667
4 0.289062 0.672917 0.356250 0.672917 0.356250 0.768750 0.289062 0.768750