9 0.270313 0.377083 0.325000 0.377083 0.325000 0.460417 0.270313 0.460417
0 0.521875 0.381250 0.576562 0.381250 0.576562 0.472917 0.521875 0.472917
4 0.579688 0.416667 0.610938 0.416667 0.610938 0.462500 0.579688 0.462500
7 0.312500 0.410417 0.357812 0.410417 0.357812 0.481250 0.312500 0.481250
4 0.381250 0.437500 0.415625 0.437500 0.415625 0.483333 0.381250 0.483333
9 0.203125 0.410417 0.281250 0.410417 0.281250 0.529167 0.203125 0.529167
4 0.181250 0.458333 0.218750 0.458333 0.218750 0.510417 0.181250 0.510417
4 0.628125 0.450000 0.684375 0.450000 0.684375 0.518750 0.628125 0.518750
4 0.292187 0.470833 0.339062 0.470833 0.339062 0.527083 0.292187 0.527083
4 0.356250 0.475000 0.395313 0.475000 0.395313 0.531250 0.356250 0.531250
4 0.579688 0.487500 0.635937 0.487500 0.635937 0.566667 0.579688 0.566667
4 0.506250 0.497917 0.551563 0.497917 0.551563 0.560417 0.506250 0.560417
4 0.693750 0.516667 0.771875 0.516667 0.771875 0.604167 0.693750 0.604167
9 0.210938 0.487500 0.314063 0.487500 0.314063 0.639583 0.210938 0.639583
4 0.021875 0.558333 0.107813 0.558333 0.107813 0.650000 0.021875 0.650000
4 0.109375 0.566667 0.179688 0.566667 0.179688 0.645833 0.109375 0.645833
4 0.320312 0.570833 0.387500 0.570833 0.387500 0.652083 0.320312 0.652083
4 0.654687 0.633333 0.751563 0.633333 0.751563 0.766667 0.654687 0.766667
4 0.210938 0.758333 0.329688 0.758333 0.329688 0.918750 0.210938 0.918750
4 0.009375 0.752083 0.150000 0.752083 0.150000 0.945833 0.009375 0.945833