4 0.289062 0.400000 0.315625 0.400000 0.315625 0.435417 0.289062 0.435417
4 0.571875 0.410417 0.607812 0.410417 0.607812 0.456250 0.571875 0.456250
4 0.343750 0.416667 0.373437 0.416667 0.373437 0.454167 0.343750 0.454167
4 0.534375 0.410417 0.567187 0.410417 0.567187 0.464583 0.534375 0.464583
4 0.389062 0.420833 0.420312 0.420833 0.420312 0.458333 0.389062 0.458333
4 0.318750 0.441667 0.353125 0.441667 0.353125 0.493750 0.318750 0.493750
4 0.487500 0.447917 0.525000 0.447917 0.525000 0.497917 0.487500 0.497917
4 0.370312 0.460417 0.409375 0.460417 0.409375 0.508333 0.370312 0.508333
7 0.265625 0.439583 0.331250 0.439583 0.331250 0.535417 0.265625 0.535417
4 0.557813 0.464583 0.598437 0.464583 0.598437 0.512500 0.557813 0.512500
9 0.165625 0.431250 0.259375 0.431250 0.259375 0.558333 0.165625 0.558333
4 0.373437 0.483333 0.421875 0.483333 0.421875 0.547917 0.373437 0.547917
7 0.178125 0.522917 0.281250 0.522917 0.281250 0.660417 0.178125 0.660417
4 0.296875 0.570833 0.368750 0.570833 0.368750 0.670833 0.296875 0.670833
9 0.000000 0.512500 0.151562 0.512500 0.151562 0.743750 0.000000 0.743750
4 0.759375 0.595833 0.856250 0.595833 0.856250 0.725000 0.759375 0.725000
4 0.554688 0.625000 0.654688 0.625000 0.654688 0.766667 0.554688 0.766667
4 0.273438 0.666667 0.360938 0.666667 0.360938 0.781250 0.273438 0.781250
9 0.000000 0.656250 0.189062 0.656250 0.189062 1.000000 0.000000 1.000000
4 0.167187 0.847917 0.315625 0.847917 0.315625 1.000000 0.167187 1.000000