7 0.560938 0.395833 0.601562 0.395833 0.601562 0.441667 0.560938 0.441667
4 0.525000 0.402083 0.560937 0.402083 0.560937 0.443750 0.525000 0.443750
4 0.473437 0.404167 0.515625 0.404167 0.515625 0.447917 0.473437 0.447917
4 0.395313 0.410417 0.434375 0.410417 0.434375 0.460417 0.395313 0.460417
4 0.529687 0.422917 0.567188 0.422917 0.567188 0.468750 0.529687 0.468750
7 0.320312 0.408333 0.367188 0.408333 0.367188 0.485417 0.320312 0.485417
9 0.221875 0.397917 0.304688 0.397917 0.304688 0.504167 0.221875 0.504167
7 0.289062 0.427083 0.356250 0.427083 0.356250 0.522917 0.289062 0.522917
4 0.350000 0.458333 0.415625 0.458333 0.415625 0.508333 0.350000 0.508333
4 0.564063 0.462500 0.618750 0.462500 0.618750 0.525000 0.564063 0.525000
4 0.500000 0.475000 0.554688 0.475000 0.554688 0.552083 0.500000 0.552083
9 0.118750 0.441667 0.248438 0.441667 0.248438 0.591667 0.118750 0.591667
4 0.351562 0.502083 0.407813 0.502083 0.407813 0.566667 0.351562 0.566667
4 0.684375 0.500000 0.745313 0.500000 0.745313 0.606250 0.684375 0.606250
4 0.082813 0.525000 0.134375 0.525000 0.134375 0.595833 0.082813 0.595833
4 0.625000 0.558333 0.701563 0.558333 0.701563 0.664583 0.625000 0.664583
4 0.081250 0.572917 0.164062 0.572917 0.164062 0.672917 0.081250 0.672917
4 0.298438 0.570833 0.376563 0.570833 0.376563 0.683333 0.298438 0.683333
9 0.082813 0.566667 0.270313 0.566667 0.270313 0.810417 0.082813 0.810417
4 0.000000 0.677083 0.029687 0.677083 0.029687 0.791667 0.000000 0.791667
4 0.564063 0.731250 0.712500 0.731250 0.712500 0.958333 0.564063 0.958333
4 0.000000 0.835417 0.106250 0.835417 0.106250 1.000000 0.000000 1.000000
4 0.178125 0.910417 0.331250 0.910417 0.331250 1.000000 0.178125 1.000000