9 0.310937 0.370833 0.345313 0.370833 0.345313 0.429167 0.310937 0.429167
9 0.343750 0.385417 0.381250 0.385417 0.381250 0.439583 0.343750 0.439583
8 0.246875 0.377083 0.317188 0.377083 0.317188 0.477083 0.246875 0.477083
4 0.392188 0.418750 0.420312 0.418750 0.420312 0.458333 0.392188 0.458333
4 0.382812 0.452083 0.420312 0.452083 0.420312 0.493750 0.382812 0.493750
11 0.160938 0.416667 0.271875 0.416667 0.271875 0.579167 0.160938 0.579167
8 0.235938 0.431250 0.329688 0.431250 0.329688 0.583333 0.235938 0.583333
4 0.348438 0.497917 0.400000 0.497917 0.400000 0.552083 0.348438 0.552083
4 0.118750 0.504167 0.176562 0.504167 0.176562 0.562500 0.118750 0.562500
4 0.320312 0.552083 0.384375 0.552083 0.384375 0.633333 0.320312 0.633333
7 0.018750 0.583333 0.142188 0.583333 0.142188 0.737500 0.018750 0.737500
6 0.285938 0.643750 0.373438 0.643750 0.373438 0.768750 0.285938 0.768750
4 0.128125 0.662500 0.235938 0.662500 0.235938 0.777083 0.128125 0.777083
4 0.237500 0.762500 0.351562 0.762500 0.351562 0.908333 0.237500 0.908333