4 0.365625 0.381250 0.392188 0.381250 0.392188 0.414583 0.365625 0.414583
8 0.517188 0.372917 0.568750 0.372917 0.568750 0.458333 0.517188 0.458333
4 0.403125 0.402083 0.426563 0.402083 0.426563 0.431250 0.403125 0.431250
9 0.290625 0.393750 0.329688 0.393750 0.329688 0.441667 0.290625 0.441667
9 0.339062 0.393750 0.378125 0.393750 0.378125 0.450000 0.339062 0.450000
4 0.390625 0.422917 0.423438 0.422917 0.423438 0.458333 0.390625 0.458333
7 0.245313 0.420833 0.289062 0.420833 0.289062 0.485417 0.245313 0.485417
4 0.601562 0.433333 0.640625 0.433333 0.640625 0.479167 0.601562 0.479167
4 0.492188 0.443750 0.529688 0.443750 0.529688 0.495833 0.492188 0.495833
7 0.292187 0.431250 0.345312 0.431250 0.345312 0.514583 0.292187 0.514583
9 0.195312 0.447917 0.254688 0.447917 0.254688 0.531250 0.195312 0.531250
4 0.351562 0.506250 0.400000 0.506250 0.400000 0.570833 0.351562 0.570833
9 0.235938 0.489583 0.306250 0.489583 0.306250 0.602083 0.235938 0.602083
4 0.520312 0.558333 0.590625 0.558333 0.590625 0.662500 0.520312 0.662500
4 0.309375 0.593750 0.385937 0.593750 0.385937 0.691667 0.309375 0.691667
8 0.000000 0.533333 0.132812 0.533333 0.132812 0.787500 0.000000 0.787500
4 0.148438 0.675000 0.250000 0.675000 0.250000 0.777083 0.148438 0.777083
4 0.190625 0.835417 0.340625 0.835417 0.340625 1.000000 0.190625 1.000000