9 0.292187 0.368750 0.337500 0.368750 0.337500 0.447917 0.292187 0.447917
7 0.334375 0.393750 0.373437 0.393750 0.373437 0.447917 0.334375 0.447917
4 0.253125 0.414583 0.282812 0.414583 0.282812 0.452083 0.253125 0.452083
4 0.371875 0.404167 0.418750 0.404167 0.418750 0.462500 0.371875 0.462500
4 0.381250 0.431250 0.421875 0.431250 0.421875 0.479167 0.381250 0.479167
9 0.303125 0.422917 0.360938 0.422917 0.360938 0.506250 0.303125 0.506250
4 0.187500 0.445833 0.239063 0.445833 0.239063 0.504167 0.187500 0.504167
4 0.364063 0.441667 0.420313 0.441667 0.420313 0.516667 0.364063 0.516667
4 0.226562 0.456250 0.264062 0.456250 0.264062 0.518750 0.226562 0.518750
4 0.509375 0.481250 0.550000 0.481250 0.550000 0.543750 0.509375 0.543750
4 0.346875 0.489583 0.400000 0.489583 0.400000 0.554167 0.346875 0.554167
4 0.256250 0.493750 0.312500 0.493750 0.312500 0.568750 0.256250 0.568750
7 0.150000 0.485417 0.229687 0.485417 0.229687 0.595833 0.150000 0.595833
4 0.079687 0.527083 0.145313 0.527083 0.145313 0.593750 0.079687 0.593750
4 0.164062 0.620833 0.250000 0.620833 0.250000 0.722917 0.164062 0.722917
4 0.276563 0.647917 0.367188 0.647917 0.367188 0.764583 0.276563 0.764583
4 0.000000 0.706250 0.087500 0.706250 0.087500 0.839583 0.000000 0.839583
4 0.615625 0.850000 0.795312 0.850000 0.795312 1.000000 0.615625 1.000000