4 0.467188 0.358333 0.479687 0.358333 0.479687 0.379167 0.467188 0.379167
4 0.473438 0.383333 0.493750 0.383333 0.493750 0.412500 0.473438 0.412500
4 0.545312 0.393750 0.568750 0.393750 0.568750 0.422917 0.545312 0.422917
9 0.334375 0.389583 0.376563 0.389583 0.376563 0.456250 0.334375 0.456250
8 0.262500 0.387500 0.318750 0.387500 0.318750 0.468750 0.262500 0.468750
4 0.382812 0.429167 0.417188 0.429167 0.417188 0.468750 0.382812 0.468750
4 0.498437 0.431250 0.526562 0.431250 0.526562 0.477083 0.498437 0.477083
8 0.209375 0.420833 0.282813 0.420833 0.282813 0.502083 0.209375 0.502083
4 0.373438 0.445833 0.410938 0.445833 0.410938 0.489583 0.373438 0.489583
4 0.317188 0.456250 0.354687 0.456250 0.354687 0.502083 0.317188 0.502083
4 0.362500 0.468750 0.395313 0.468750 0.395313 0.495833 0.362500 0.495833
4 0.293750 0.479167 0.331250 0.479167 0.331250 0.525000 0.293750 0.525000
4 0.353125 0.479167 0.398438 0.479167 0.398438 0.539583 0.353125 0.539583
4 0.268750 0.506250 0.310938 0.506250 0.310938 0.593750 0.268750 0.593750
4 0.350000 0.518750 0.396875 0.518750 0.396875 0.585417 0.350000 0.585417
4 0.509375 0.537500 0.581250 0.537500 0.581250 0.647917 0.509375 0.647917
9 0.103125 0.487500 0.278125 0.487500 0.278125 0.716667 0.103125 0.716667
4 0.318750 0.572917 0.385937 0.572917 0.385937 0.635417 0.318750 0.635417
9 0.000000 0.529167 0.126562 0.529167 0.126562 0.737500 0.000000 0.737500
4 0.282812 0.608333 0.379688 0.608333 0.379688 0.729167 0.282812 0.729167
4 0.235938 0.697917 0.345313 0.697917 0.345313 0.839583 0.235938 0.839583