4 0.321875 0.360417 0.353125 0.360417 0.353125 0.393750 0.321875 0.393750
4 0.470312 0.387500 0.504687 0.387500 0.504687 0.425000 0.470312 0.425000
4 0.357813 0.391667 0.387500 0.391667 0.387500 0.431250 0.357813 0.431250
4 0.515625 0.391667 0.543750 0.391667 0.543750 0.431250 0.515625 0.431250
4 0.554688 0.393750 0.595312 0.393750 0.595312 0.443750 0.554688 0.443750
4 0.401563 0.406250 0.429688 0.406250 0.429688 0.439583 0.401563 0.439583
4 0.342187 0.412500 0.375000 0.412500 0.375000 0.462500 0.342187 0.462500
4 0.384375 0.416667 0.417187 0.416667 0.417187 0.458333 0.384375 0.458333
4 0.531250 0.410417 0.565625 0.410417 0.565625 0.470833 0.531250 0.470833
7 0.301563 0.418750 0.360937 0.418750 0.360937 0.506250 0.301563 0.506250
4 0.382812 0.431250 0.429688 0.431250 0.429688 0.493750 0.382812 0.493750
4 0.484375 0.431250 0.529688 0.431250 0.529688 0.495833 0.484375 0.495833
9 0.193750 0.410417 0.300000 0.410417 0.300000 0.529167 0.193750 0.529167
7 0.264063 0.456250 0.332813 0.456250 0.332813 0.554167 0.264063 0.554167
4 0.325000 0.495833 0.396875 0.495833 0.396875 0.583333 0.325000 0.583333
9 0.050000 0.464583 0.220313 0.464583 0.220313 0.668750 0.050000 0.668750
4 0.646875 0.531250 0.714062 0.531250 0.714062 0.606250 0.646875 0.606250
4 0.318750 0.543750 0.395313 0.543750 0.395313 0.637500 0.318750 0.637500
4 0.526563 0.547917 0.585938 0.547917 0.585938 0.641667 0.526563 0.641667
4 0.015625 0.537500 0.100000 0.537500 0.100000 0.652083 0.015625 0.652083
4 0.000000 0.629167 0.090625 0.629167 0.090625 0.764583 0.000000 0.764583
4 0.243750 0.685417 0.351562 0.685417 0.351562 0.820833 0.243750 0.820833
9 0.018750 0.604167 0.243750 0.604167 0.243750 0.910417 0.018750 0.910417
4 0.843750 0.837500 1.000000 0.837500 1.000000 1.000000 0.843750 1.000000
4 0.000000 0.935417 0.035937 0.935417 0.035937 1.000000 0.000000 1.000000