9 0.331250 0.347917 0.362500 0.347917 0.362500 0.393750 0.331250 0.393750
7 0.510938 0.362500 0.543750 0.362500 0.543750 0.410417 0.510938 0.410417
9 0.300000 0.364583 0.346875 0.364583 0.346875 0.433333 0.300000 0.433333
4 0.412500 0.391667 0.434375 0.391667 0.434375 0.418750 0.412500 0.418750
4 0.392188 0.395833 0.415625 0.395833 0.415625 0.425000 0.392188 0.425000
4 0.287500 0.395833 0.307812 0.395833 0.307812 0.429167 0.287500 0.429167
7 0.340625 0.389583 0.378125 0.389583 0.378125 0.439583 0.340625 0.439583
4 0.245313 0.412500 0.279688 0.412500 0.279688 0.452083 0.245313 0.452083
4 0.381250 0.414583 0.412500 0.414583 0.412500 0.450000 0.381250 0.450000
4 0.496875 0.414583 0.526563 0.414583 0.526563 0.452083 0.496875 0.452083
4 0.528125 0.414583 0.559375 0.414583 0.559375 0.454167 0.528125 0.454167
4 0.384375 0.429167 0.417187 0.429167 0.417187 0.458333 0.384375 0.458333
9 0.306250 0.414583 0.364063 0.414583 0.364063 0.500000 0.306250 0.500000
4 0.381250 0.435417 0.417187 0.435417 0.417187 0.481250 0.381250 0.481250
4 0.492188 0.439583 0.531250 0.439583 0.531250 0.485417 0.492188 0.485417
4 0.250000 0.437500 0.289062 0.437500 0.289062 0.489583 0.250000 0.489583
4 0.364063 0.458333 0.407812 0.458333 0.407812 0.512500 0.364063 0.512500
4 0.181250 0.460417 0.214063 0.460417 0.214063 0.512500 0.181250 0.512500
7 0.207813 0.447917 0.278125 0.447917 0.278125 0.537500 0.207813 0.537500
4 0.273438 0.475000 0.326562 0.475000 0.326562 0.545833 0.273438 0.545833
4 0.318750 0.545833 0.390625 0.545833 0.390625 0.633333 0.318750 0.633333
4 0.214062 0.560417 0.285938 0.560417 0.285938 0.650000 0.214062 0.650000
4 0.103125 0.570833 0.179688 0.570833 0.179688 0.662500 0.103125 0.662500