9 0.342188 0.366667 0.385937 0.366667 0.385937 0.431250 0.342188 0.431250
8 0.298438 0.381250 0.365625 0.381250 0.365625 0.485417 0.298438 0.485417
4 0.385937 0.422917 0.415625 0.422917 0.415625 0.454167 0.385937 0.454167
4 0.376563 0.452083 0.412500 0.452083 0.412500 0.487500 0.376563 0.487500
7 0.214063 0.447917 0.275000 0.447917 0.275000 0.529167 0.214063 0.529167
4 0.362500 0.470833 0.401562 0.470833 0.401562 0.520833 0.362500 0.520833
9 0.250000 0.452083 0.328125 0.452083 0.328125 0.562500 0.250000 0.562500
7 0.142188 0.495833 0.221875 0.495833 0.221875 0.581250 0.142188 0.581250
4 0.342187 0.522917 0.390625 0.522917 0.390625 0.589583 0.342187 0.589583
7 0.020312 0.547917 0.151562 0.547917 0.151562 0.668750 0.020312 0.668750
4 0.300000 0.618750 0.381250 0.618750 0.381250 0.714583 0.300000 0.714583
9 0.006250 0.556250 0.254688 0.556250 0.254688 0.910417 0.006250 0.910417
4 0.557812 0.687500 0.678125 0.687500 0.678125 0.881250 0.557812 0.881250
4 0.220312 0.766667 0.339062 0.766667 0.339062 0.908333 0.220312 0.908333