4 0.348438 0.395833 0.379688 0.395833 0.379688 0.439583 0.348438 0.439583
7 0.520312 0.385417 0.562500 0.385417 0.562500 0.456250 0.520312 0.456250
4 0.389062 0.404167 0.423438 0.404167 0.423438 0.441667 0.389062 0.441667
4 0.571875 0.412500 0.601562 0.412500 0.601562 0.452083 0.571875 0.452083
4 0.287500 0.410417 0.328125 0.410417 0.328125 0.458333 0.287500 0.458333
4 0.321875 0.431250 0.362500 0.431250 0.362500 0.475000 0.321875 0.475000
4 0.385937 0.437500 0.423437 0.437500 0.423437 0.481250 0.385937 0.481250
4 0.482813 0.437500 0.523438 0.437500 0.523438 0.493750 0.482813 0.493750
7 0.600000 0.422917 0.664062 0.422917 0.664062 0.512500 0.600000 0.512500
4 0.553125 0.452083 0.595313 0.452083 0.595313 0.512500 0.553125 0.512500
4 0.231250 0.458333 0.279688 0.458333 0.279688 0.508333 0.231250 0.508333
4 0.309375 0.462500 0.346875 0.462500 0.346875 0.506250 0.309375 0.506250
4 0.359375 0.481250 0.406250 0.481250 0.406250 0.531250 0.359375 0.531250
4 0.281250 0.485417 0.334375 0.485417 0.334375 0.552083 0.281250 0.552083
8 0.079688 0.460417 0.210938 0.460417 0.210938 0.641667 0.079688 0.641667
4 0.350000 0.520833 0.398438 0.520833 0.398438 0.583333 0.350000 0.583333
9 0.196875 0.493750 0.298438 0.493750 0.298438 0.625000 0.196875 0.625000
4 0.506250 0.543750 0.564063 0.543750 0.564063 0.622917 0.506250 0.622917
4 0.353125 0.554167 0.417187 0.554167 0.417187 0.639583 0.353125 0.639583
4 0.743750 0.577083 0.837500 0.577083 0.837500 0.689583 0.743750 0.689583
9 0.137500 0.556250 0.256250 0.556250 0.256250 0.712500 0.137500 0.712500
8 0.000000 0.579167 0.079687 0.579167 0.079687 0.768750 0.000000 0.768750
4 0.259375 0.633333 0.356250 0.633333 0.356250 0.737500 0.259375 0.737500
7 0.692187 0.629167 0.840625 0.629167 0.840625 0.854167 0.692187 0.854167
4 0.565625 0.697917 0.678125 0.697917 0.678125 0.877083 0.565625 0.877083
4 0.237500 0.743750 0.342188 0.743750 0.342188 0.875000 0.237500 0.875000
8 0.000000 0.652083 0.193750 0.652083 0.193750 1.000000 0.000000 1.000000
4 0.151562 0.868750 0.314063 0.868750 0.314063 1.000000 0.151562 1.000000