8 0.345312 0.366667 0.387500 0.366667 0.387500 0.435417 0.345312 0.435417
11 0.290625 0.368750 0.335938 0.368750 0.335938 0.443750 0.290625 0.443750
4 0.387500 0.412500 0.421875 0.412500 0.421875 0.450000 0.387500 0.450000
4 0.332813 0.427083 0.365625 0.427083 0.365625 0.470833 0.332813 0.470833
9 0.557813 0.416667 0.614062 0.416667 0.614062 0.508333 0.557813 0.508333
7 0.253125 0.431250 0.301563 0.431250 0.301563 0.497917 0.253125 0.497917
4 0.378125 0.445833 0.410938 0.445833 0.410938 0.489583 0.378125 0.489583
7 0.185938 0.487500 0.251563 0.487500 0.251563 0.566667 0.185938 0.566667
6 0.354687 0.500000 0.401562 0.500000 0.401562 0.570833 0.354687 0.570833
4 0.248438 0.514583 0.306250 0.514583 0.306250 0.585417 0.248438 0.585417
4 0.321875 0.566667 0.387500 0.566667 0.387500 0.656250 0.321875 0.656250
4 0.176563 0.606250 0.248437 0.606250 0.248437 0.683333 0.176563 0.683333
9 0.000000 0.575000 0.125000 0.575000 0.125000 0.758333 0.000000 0.758333
4 0.126563 0.691667 0.234375 0.691667 0.234375 0.810417 0.126563 0.810417
7 0.846875 0.654167 1.000000 0.654167 1.000000 0.877083 0.846875 0.877083
4 0.240625 0.735417 0.351562 0.735417 0.351562 0.858333 0.240625 0.858333