4 0.368750 0.450000 0.407813 0.450000 0.407813 0.493750 0.368750 0.493750
7 0.228125 0.431250 0.281250 0.431250 0.281250 0.518750 0.228125 0.518750
0 0.275000 0.427083 0.351562 0.427083 0.351562 0.537500 0.275000 0.537500
9 0.164062 0.468750 0.237500 0.468750 0.237500 0.535417 0.164062 0.535417
4 0.362500 0.481250 0.404688 0.481250 0.404688 0.522917 0.362500 0.522917
0 0.512500 0.425000 0.615625 0.425000 0.615625 0.579167 0.512500 0.579167
4 0.345312 0.514583 0.395313 0.514583 0.395313 0.575000 0.345312 0.575000
4 0.318750 0.564583 0.382812 0.564583 0.382812 0.629167 0.318750 0.629167
9 0.034375 0.527083 0.148438 0.527083 0.148438 0.691667 0.034375 0.691667
8 0.123438 0.514583 0.282813 0.514583 0.282813 0.731250 0.123438 0.731250
4 0.532812 0.575000 0.609375 0.575000 0.609375 0.702083 0.532812 0.702083
4 0.293750 0.604167 0.368750 0.604167 0.368750 0.704167 0.293750 0.704167
8 0.753125 0.525000 0.985938 0.525000 0.985938 0.806250 0.753125 0.806250
6 0.250000 0.716667 0.357812 0.716667 0.357812 0.872917 0.250000 0.872917