7 0.473438 0.325000 0.489063 0.325000 0.489063 0.350000 0.473438 0.350000
7 0.493750 0.325000 0.506250 0.325000 0.506250 0.350000 0.493750 0.350000
4 0.457813 0.331250 0.470312 0.331250 0.470312 0.345833 0.457813 0.345833
7 0.506250 0.331250 0.526562 0.331250 0.526562 0.366667 0.506250 0.366667
4 0.464062 0.341667 0.478125 0.341667 0.478125 0.360417 0.464062 0.360417
4 0.467187 0.364583 0.482812 0.364583 0.482812 0.383333 0.467187 0.383333
7 0.507812 0.375000 0.525000 0.375000 0.525000 0.410417 0.507812 0.410417
8 0.315625 0.366667 0.353125 0.366667 0.353125 0.425000 0.315625 0.425000
7 0.521875 0.377083 0.564063 0.377083 0.564063 0.443750 0.521875 0.443750
4 0.473438 0.395833 0.501563 0.395833 0.501563 0.431250 0.473438 0.431250
9 0.281250 0.383333 0.325000 0.383333 0.325000 0.445833 0.281250 0.445833
9 0.257812 0.414583 0.342187 0.414583 0.342187 0.533333 0.257812 0.533333
4 0.373438 0.466667 0.410938 0.466667 0.410938 0.518750 0.373438 0.518750
9 0.198437 0.450000 0.262500 0.450000 0.262500 0.543750 0.198437 0.543750
4 0.354687 0.497917 0.400000 0.497917 0.400000 0.554167 0.354687 0.554167
8 0.046875 0.493750 0.270313 0.493750 0.270313 0.814583 0.046875 0.814583
4 0.284375 0.597917 0.373438 0.597917 0.373438 0.722917 0.284375 0.722917
4 0.240625 0.689583 0.348438 0.689583 0.348438 0.814583 0.240625 0.814583
9 0.000000 0.727083 0.131250 0.727083 0.131250 1.000000 0.000000 1.000000
4 0.192188 0.829167 0.331250 0.829167 0.331250 1.000000 0.192188 1.000000
4 0.760938 0.833333 0.942187 0.833333 0.942187 1.000000 0.760938 1.000000