8 0.481250 0.327083 0.500000 0.327083 0.500000 0.364583 0.481250 0.364583
4 0.464062 0.354167 0.475000 0.354167 0.475000 0.368750 0.464062 0.368750
9 0.326562 0.356250 0.360938 0.356250 0.360938 0.412500 0.326562 0.412500
7 0.351562 0.383333 0.381250 0.383333 0.381250 0.427083 0.351562 0.427083
4 0.387500 0.397917 0.412500 0.397917 0.412500 0.416667 0.387500 0.416667
7 0.292187 0.387500 0.334375 0.387500 0.334375 0.447917 0.292187 0.447917
4 0.271875 0.408333 0.296875 0.408333 0.296875 0.433333 0.271875 0.433333
4 0.384375 0.414583 0.412500 0.414583 0.412500 0.443750 0.384375 0.443750
9 0.321875 0.408333 0.365625 0.408333 0.365625 0.479167 0.321875 0.479167
4 0.542187 0.427083 0.576562 0.427083 0.576562 0.472917 0.542187 0.472917
4 0.384375 0.437500 0.415625 0.437500 0.415625 0.470833 0.384375 0.470833
4 0.264062 0.437500 0.298438 0.437500 0.298438 0.477083 0.264062 0.477083
4 0.375000 0.450000 0.409375 0.450000 0.409375 0.491667 0.375000 0.491667
4 0.304688 0.450000 0.342187 0.450000 0.342187 0.502083 0.304688 0.502083
4 0.359375 0.468750 0.396875 0.468750 0.396875 0.520833 0.359375 0.520833
4 0.257812 0.485417 0.301562 0.485417 0.301562 0.541667 0.257812 0.541667
4 0.243750 0.525000 0.303125 0.525000 0.303125 0.597917 0.243750 0.597917
4 0.325000 0.527083 0.384375 0.527083 0.384375 0.612500 0.325000 0.612500
8 0.031250 0.475000 0.193750 0.475000 0.193750 0.664583 0.031250 0.664583
4 0.034375 0.558333 0.100000 0.558333 0.100000 0.614583 0.034375 0.614583
4 0.178125 0.614583 0.256250 0.614583 0.256250 0.708333 0.178125 0.708333
4 0.178125 0.875000 0.323438 0.875000 0.323438 1.000000 0.178125 1.000000