9 0.328125 0.381250 0.373437 0.381250 0.373437 0.452083 0.328125 0.452083
4 0.485937 0.406250 0.512500 0.406250 0.512500 0.441667 0.485937 0.441667
4 0.382812 0.431250 0.412500 0.431250 0.412500 0.462500 0.382812 0.462500
8 0.257812 0.410417 0.342187 0.410417 0.342187 0.550000 0.257812 0.550000
7 0.570312 0.466667 0.621875 0.466667 0.621875 0.550000 0.570312 0.550000
4 0.356250 0.477083 0.404688 0.477083 0.404688 0.541667 0.356250 0.541667
7 0.128125 0.489583 0.223438 0.489583 0.223438 0.587500 0.128125 0.587500
4 0.331250 0.520833 0.385937 0.520833 0.385937 0.591667 0.331250 0.591667
4 0.521875 0.539583 0.585938 0.539583 0.585938 0.637500 0.521875 0.637500
9 0.131250 0.525000 0.273438 0.525000 0.273438 0.697917 0.131250 0.697917
8 0.731250 0.495833 0.909375 0.495833 0.909375 0.733333 0.731250 0.733333
7 0.000000 0.587500 0.117188 0.587500 0.117188 0.739583 0.000000 0.739583
7 0.656250 0.558333 0.781250 0.558333 0.781250 0.775000 0.656250 0.775000
4 0.279688 0.660417 0.364063 0.660417 0.364063 0.770833 0.279688 0.770833