4 0.390625 0.393750 0.423438 0.393750 0.423438 0.437500 0.390625 0.437500
8 0.323437 0.377083 0.379688 0.377083 0.379688 0.458333 0.323437 0.458333
9 0.264062 0.393750 0.312500 0.393750 0.312500 0.468750 0.264062 0.468750
9 0.293750 0.431250 0.348438 0.431250 0.348438 0.518750 0.293750 0.518750
4 0.375000 0.454167 0.417188 0.454167 0.417188 0.504167 0.375000 0.504167
8 0.165625 0.412500 0.270313 0.412500 0.270313 0.550000 0.165625 0.550000
4 0.357812 0.483333 0.407813 0.483333 0.407813 0.543750 0.357812 0.543750
4 0.323437 0.539583 0.381250 0.539583 0.381250 0.606250 0.323437 0.606250
11 0.000000 0.487500 0.192188 0.487500 0.192188 0.708333 0.000000 0.708333
4 0.293750 0.595833 0.368750 0.595833 0.368750 0.695833 0.293750 0.695833
6 0.281250 0.654167 0.367188 0.654167 0.367188 0.781250 0.281250 0.781250
8 0.000000 0.589583 0.207813 0.589583 0.207813 0.981250 0.000000 0.981250
4 0.237500 0.762500 0.350000 0.762500 0.350000 0.912500 0.237500 0.912500