8 0.300000 0.368750 0.346875 0.368750 0.346875 0.427083 0.300000 0.427083
4 0.475000 0.383333 0.510938 0.383333 0.510938 0.439583 0.475000 0.439583
8 0.268750 0.383333 0.326563 0.383333 0.326563 0.460417 0.268750 0.460417
4 0.392188 0.404167 0.423438 0.404167 0.423438 0.443750 0.392188 0.443750
4 0.343750 0.416667 0.379687 0.416667 0.379687 0.464583 0.343750 0.464583
9 0.203125 0.406250 0.267188 0.406250 0.267188 0.479167 0.203125 0.479167
4 0.314062 0.447917 0.362500 0.447917 0.362500 0.487500 0.314062 0.487500
4 0.495312 0.443750 0.535937 0.443750 0.535937 0.493750 0.495312 0.493750
4 0.362500 0.464583 0.414062 0.464583 0.414062 0.527083 0.362500 0.527083
9 0.184375 0.456250 0.317188 0.456250 0.317188 0.622917 0.184375 0.622917
9 0.075000 0.468750 0.220312 0.468750 0.220312 0.622917 0.075000 0.622917
4 0.340625 0.520833 0.406250 0.520833 0.406250 0.600000 0.340625 0.600000
4 0.320312 0.550000 0.368750 0.550000 0.368750 0.647917 0.320312 0.647917
4 0.279688 0.583333 0.364063 0.583333 0.364063 0.729167 0.279688 0.729167
8 0.004687 0.518750 0.256250 0.518750 0.256250 0.868750 0.004687 0.868750
9 0.675000 0.564583 0.820312 0.564583 0.820312 0.829167 0.675000 0.829167
7 0.804688 0.589583 0.976562 0.589583 0.976562 0.816667 0.804688 0.816667
4 0.225000 0.656250 0.325000 0.656250 0.325000 0.825000 0.225000 0.825000
4 0.192187 0.812500 0.353125 0.812500 0.353125 1.000000 0.192187 1.000000