4 0.265625 0.429167 0.296875 0.429167 0.296875 0.470833 0.265625 0.470833
4 0.321875 0.435417 0.353125 0.435417 0.353125 0.477083 0.321875 0.477083
8 0.195312 0.422917 0.273438 0.422917 0.273438 0.543750 0.195312 0.543750
4 0.490625 0.456250 0.528125 0.456250 0.528125 0.510417 0.490625 0.510417
4 0.295312 0.462500 0.337500 0.462500 0.337500 0.518750 0.295312 0.518750
4 0.351562 0.481250 0.396875 0.481250 0.396875 0.545833 0.351562 0.545833
4 0.256250 0.518750 0.310937 0.518750 0.310937 0.585417 0.256250 0.585417
4 0.520312 0.518750 0.575000 0.518750 0.575000 0.595833 0.520312 0.595833
8 0.035937 0.485417 0.209375 0.485417 0.209375 0.670833 0.035937 0.670833
4 0.329688 0.562500 0.390625 0.562500 0.390625 0.645833 0.329688 0.645833
4 0.201563 0.583333 0.271875 0.583333 0.271875 0.677083 0.201563 0.677083
4 0.262500 0.664583 0.353125 0.664583 0.353125 0.770833 0.262500 0.770833