0 0.339062 0.366667 0.385937 0.366667 0.385937 0.435417 0.339062 0.435417
9 0.278125 0.395833 0.323437 0.395833 0.323437 0.462500 0.278125 0.462500
8 0.300000 0.397917 0.365625 0.397917 0.365625 0.483333 0.300000 0.483333
4 0.382812 0.418750 0.415625 0.418750 0.415625 0.462500 0.382812 0.462500
9 0.237500 0.412500 0.290625 0.412500 0.290625 0.495833 0.237500 0.495833
4 0.367188 0.466667 0.409375 0.466667 0.409375 0.516667 0.367188 0.516667
9 0.260937 0.464583 0.326563 0.464583 0.326563 0.560417 0.260937 0.560417
8 0.106250 0.433333 0.239063 0.433333 0.239063 0.612500 0.106250 0.612500
4 0.348437 0.502083 0.398438 0.502083 0.398438 0.562500 0.348437 0.562500
4 0.521875 0.531250 0.582813 0.531250 0.582813 0.618750 0.521875 0.618750
4 0.320312 0.554167 0.378125 0.554167 0.378125 0.620833 0.320312 0.620833
4 0.293750 0.595833 0.368750 0.595833 0.368750 0.695833 0.293750 0.695833
11 0.000000 0.552083 0.129688 0.552083 0.129688 0.839583 0.000000 0.839583
6 0.284375 0.654167 0.370312 0.654167 0.370312 0.781250 0.284375 0.781250
4 0.237500 0.762500 0.350000 0.762500 0.350000 0.912500 0.237500 0.912500
4 0.598438 0.804167 0.756250 0.804167 0.756250 1.000000 0.598438 1.000000