0 0.332813 0.379167 0.381250 0.379167 0.381250 0.452083 0.332813 0.452083
7 0.284375 0.395833 0.329687 0.395833 0.329687 0.462500 0.284375 0.462500
4 0.376563 0.431250 0.415625 0.431250 0.415625 0.475000 0.376563 0.475000
8 0.281250 0.408333 0.354688 0.408333 0.354688 0.504167 0.281250 0.504167
9 0.229687 0.418750 0.284375 0.418750 0.284375 0.510417 0.229687 0.510417
4 0.500000 0.456250 0.539062 0.456250 0.539062 0.518750 0.500000 0.518750
4 0.367188 0.466667 0.409375 0.466667 0.409375 0.516667 0.367188 0.516667
4 0.348437 0.502083 0.398438 0.502083 0.398438 0.562500 0.348437 0.562500
9 0.242188 0.483333 0.323438 0.483333 0.323438 0.589583 0.242188 0.589583
8 0.067188 0.445833 0.223438 0.445833 0.223438 0.633333 0.067188 0.633333
4 0.320312 0.554167 0.378125 0.554167 0.378125 0.620833 0.320312 0.620833
4 0.526563 0.547917 0.598437 0.547917 0.598437 0.641667 0.526563 0.641667
4 0.293750 0.595833 0.368750 0.595833 0.368750 0.695833 0.293750 0.695833
6 0.284375 0.654167 0.370312 0.654167 0.370312 0.781250 0.284375 0.781250
4 0.234375 0.764583 0.346875 0.764583 0.346875 0.914583 0.234375 0.914583