0 0.334375 0.375000 0.381250 0.375000 0.381250 0.443750 0.334375 0.443750
9 0.276562 0.395833 0.321875 0.395833 0.321875 0.462500 0.276562 0.462500
4 0.385937 0.414583 0.418750 0.414583 0.418750 0.458333 0.385937 0.458333
8 0.300000 0.402083 0.365625 0.402083 0.365625 0.487500 0.300000 0.487500
9 0.243750 0.408333 0.296875 0.408333 0.296875 0.491667 0.243750 0.491667
4 0.367188 0.466667 0.409375 0.466667 0.409375 0.516667 0.367188 0.516667
9 0.262500 0.460417 0.328125 0.460417 0.328125 0.556250 0.262500 0.556250
8 0.114063 0.429167 0.239063 0.429167 0.239063 0.600000 0.114063 0.600000
4 0.348437 0.502083 0.398438 0.502083 0.398438 0.562500 0.348437 0.562500
4 0.320312 0.554167 0.378125 0.554167 0.378125 0.620833 0.320312 0.620833
4 0.528125 0.550000 0.595313 0.550000 0.595313 0.652083 0.528125 0.652083
4 0.293750 0.595833 0.368750 0.595833 0.368750 0.695833 0.293750 0.695833
11 0.000000 0.533333 0.140625 0.533333 0.140625 0.841667 0.000000 0.841667
6 0.281250 0.654167 0.367188 0.654167 0.367188 0.781250 0.281250 0.781250
4 0.237500 0.762500 0.350000 0.762500 0.350000 0.912500 0.237500 0.912500