8 0.314063 0.377083 0.376563 0.377083 0.376563 0.464583 0.314063 0.464583
4 0.485937 0.414583 0.512500 0.414583 0.512500 0.454167 0.485937 0.454167
4 0.385937 0.422917 0.415625 0.422917 0.415625 0.454167 0.385937 0.454167
7 0.251563 0.427083 0.298438 0.427083 0.298438 0.487500 0.251563 0.487500
4 0.378125 0.443750 0.414062 0.443750 0.414062 0.479167 0.378125 0.479167
9 0.279687 0.431250 0.343750 0.431250 0.343750 0.514583 0.279687 0.514583
9 0.610938 0.441667 0.665625 0.441667 0.665625 0.508333 0.610938 0.508333
4 0.370312 0.454167 0.404688 0.454167 0.404688 0.502083 0.370312 0.502083
7 0.201563 0.460417 0.248438 0.460417 0.248438 0.518750 0.201563 0.518750
4 0.362500 0.493750 0.398438 0.493750 0.398438 0.541667 0.362500 0.541667
7 0.126562 0.493750 0.207812 0.493750 0.207812 0.602083 0.126562 0.602083
4 0.515625 0.525000 0.581250 0.525000 0.581250 0.612500 0.515625 0.612500
4 0.332813 0.543750 0.393750 0.543750 0.393750 0.618750 0.332813 0.618750
0 0.143750 0.493750 0.296875 0.493750 0.296875 0.700000 0.143750 0.700000
9 0.000000 0.579167 0.112500 0.579167 0.112500 0.756250 0.000000 0.756250
4 0.278125 0.643750 0.357813 0.643750 0.357813 0.739583 0.278125 0.739583
4 0.193750 0.785417 0.328125 0.785417 0.328125 0.958333 0.193750 0.958333