9 0.515625 0.366667 0.550000 0.366667 0.550000 0.435417 0.515625 0.435417
8 0.267188 0.370833 0.329688 0.370833 0.329688 0.454167 0.267188 0.454167
4 0.395313 0.406250 0.423437 0.406250 0.423437 0.445833 0.395313 0.445833
4 0.479687 0.414583 0.504687 0.414583 0.504687 0.450000 0.479687 0.450000
4 0.387500 0.437500 0.425000 0.437500 0.425000 0.479167 0.387500 0.479167
7 0.598438 0.437500 0.654687 0.437500 0.654687 0.495833 0.598438 0.495833
8 0.268750 0.412500 0.345312 0.412500 0.345312 0.539583 0.268750 0.539583
11 0.187500 0.412500 0.279687 0.412500 0.279687 0.552083 0.187500 0.552083
4 0.357812 0.481250 0.404687 0.481250 0.404687 0.535417 0.357812 0.535417
4 0.331250 0.533333 0.395313 0.533333 0.395313 0.614583 0.331250 0.614583
7 0.093750 0.535417 0.198437 0.535417 0.198437 0.664583 0.093750 0.664583
4 0.210938 0.564583 0.289062 0.564583 0.289062 0.647917 0.210938 0.647917
6 0.300000 0.612500 0.379688 0.612500 0.379688 0.722917 0.300000 0.722917
4 0.250000 0.737500 0.356250 0.737500 0.356250 0.883333 0.250000 0.883333