0 0.334375 0.375000 0.381250 0.375000 0.381250 0.443750 0.334375 0.443750
9 0.278125 0.391667 0.323437 0.391667 0.323437 0.458333 0.278125 0.458333
4 0.385937 0.406250 0.418750 0.406250 0.418750 0.450000 0.385937 0.450000
9 0.248437 0.404167 0.296875 0.404167 0.296875 0.479167 0.248437 0.479167
8 0.303125 0.400000 0.368750 0.400000 0.368750 0.485417 0.303125 0.485417
4 0.367188 0.466667 0.409375 0.466667 0.409375 0.516667 0.367188 0.516667
9 0.268750 0.458333 0.332813 0.458333 0.332813 0.550000 0.268750 0.550000
8 0.115625 0.429167 0.240625 0.429167 0.240625 0.600000 0.115625 0.600000
4 0.353125 0.491667 0.403125 0.491667 0.403125 0.552083 0.353125 0.552083
4 0.320312 0.554167 0.378125 0.554167 0.378125 0.620833 0.320312 0.620833
4 0.537500 0.579167 0.609375 0.579167 0.609375 0.687500 0.537500 0.687500
4 0.293750 0.595833 0.368750 0.595833 0.368750 0.695833 0.293750 0.695833
11 0.000000 0.535417 0.143750 0.535417 0.143750 0.831250 0.000000 0.831250
6 0.281250 0.654167 0.367188 0.654167 0.367188 0.781250 0.281250 0.781250
4 0.237500 0.762500 0.350000 0.762500 0.350000 0.912500 0.237500 0.912500