9 0.270313 0.377083 0.325000 0.377083 0.325000 0.460417 0.270313 0.460417
0 0.526563 0.393750 0.593750 0.393750 0.593750 0.493750 0.526563 0.493750
7 0.312500 0.410417 0.357812 0.410417 0.357812 0.481250 0.312500 0.481250
4 0.384375 0.431250 0.418750 0.431250 0.418750 0.477083 0.384375 0.477083
4 0.587500 0.431250 0.629688 0.431250 0.629688 0.477083 0.587500 0.477083
9 0.203125 0.410417 0.281250 0.410417 0.281250 0.529167 0.203125 0.529167
4 0.360938 0.462500 0.400000 0.462500 0.400000 0.518750 0.360938 0.518750
4 0.296875 0.464583 0.343750 0.464583 0.343750 0.520833 0.296875 0.520833
4 0.648438 0.470833 0.710938 0.470833 0.710938 0.550000 0.648438 0.550000
9 0.214062 0.483333 0.317188 0.483333 0.317188 0.635417 0.214062 0.635417
4 0.517188 0.529167 0.575000 0.529167 0.575000 0.618750 0.517188 0.618750
4 0.610937 0.531250 0.679688 0.531250 0.679688 0.625000 0.610937 0.625000
4 0.050000 0.541667 0.135937 0.541667 0.135937 0.633333 0.050000 0.633333
4 0.131250 0.552083 0.193750 0.552083 0.193750 0.625000 0.131250 0.625000
4 0.328125 0.556250 0.395312 0.556250 0.395312 0.637500 0.328125 0.637500
4 0.732812 0.558333 0.832813 0.558333 0.832813 0.662500 0.732812 0.662500
4 0.229688 0.716667 0.342188 0.716667 0.342188 0.866667 0.229688 0.866667
4 0.028125 0.729167 0.168750 0.729167 0.168750 0.912500 0.028125 0.912500
4 0.720313 0.743750 0.865625 0.743750 0.865625 0.968750 0.720313 0.968750