9 0.243750 0.412500 0.296875 0.412500 0.296875 0.497917 0.243750 0.497917
9 0.289062 0.443750 0.342187 0.443750 0.342187 0.525000 0.289062 0.525000
4 0.371875 0.470833 0.410938 0.470833 0.410938 0.516667 0.371875 0.516667
8 0.559375 0.437500 0.654687 0.437500 0.654687 0.575000 0.559375 0.575000
7 0.665625 0.454167 0.732812 0.454167 0.732812 0.564583 0.665625 0.564583
8 0.078125 0.462500 0.215625 0.462500 0.215625 0.650000 0.078125 0.650000
4 0.343750 0.520833 0.398438 0.520833 0.398438 0.593750 0.343750 0.593750
4 0.507812 0.525000 0.567187 0.525000 0.567187 0.627083 0.507812 0.627083
4 0.250000 0.554167 0.307813 0.554167 0.307813 0.618750 0.250000 0.618750
7 0.753125 0.585417 0.845313 0.585417 0.845313 0.716667 0.753125 0.716667
4 0.275000 0.670833 0.375000 0.670833 0.375000 0.800000 0.275000 0.800000
11 0.000000 0.691667 0.170313 0.691667 0.170313 1.000000 0.000000 1.000000