9 0.515625 0.366667 0.556250 0.366667 0.556250 0.441667 0.515625 0.441667
8 0.267188 0.370833 0.329688 0.370833 0.329688 0.454167 0.267188 0.454167
4 0.395313 0.404167 0.423437 0.404167 0.423437 0.443750 0.395313 0.443750
4 0.482812 0.425000 0.506250 0.425000 0.506250 0.460417 0.482812 0.460417
4 0.384375 0.437500 0.421875 0.437500 0.421875 0.479167 0.384375 0.479167
11 0.201562 0.400000 0.281250 0.400000 0.281250 0.535417 0.201562 0.535417
8 0.268750 0.412500 0.345312 0.412500 0.345312 0.539583 0.268750 0.539583
7 0.604688 0.450000 0.667188 0.450000 0.667188 0.518750 0.604688 0.518750
4 0.359375 0.472917 0.406250 0.472917 0.406250 0.527083 0.359375 0.527083
4 0.331250 0.533333 0.395313 0.533333 0.395313 0.614583 0.331250 0.614583
7 0.096875 0.527083 0.198437 0.527083 0.198437 0.656250 0.096875 0.656250
4 0.215625 0.554167 0.293750 0.554167 0.293750 0.637500 0.215625 0.637500
6 0.300000 0.612500 0.379688 0.612500 0.379688 0.722917 0.300000 0.722917
4 0.250000 0.737500 0.356250 0.737500 0.356250 0.883333 0.250000 0.883333