7 0.240625 0.418750 0.292187 0.418750 0.292187 0.491667 0.240625 0.491667
0 0.287500 0.416667 0.354687 0.416667 0.354687 0.518750 0.287500 0.518750
4 0.368750 0.450000 0.407813 0.450000 0.407813 0.493750 0.368750 0.493750
11 0.554688 0.412500 0.635938 0.412500 0.635938 0.554167 0.554688 0.554167
9 0.184375 0.452083 0.251562 0.452083 0.251562 0.518750 0.184375 0.518750
4 0.487500 0.462500 0.528125 0.462500 0.528125 0.514583 0.487500 0.514583
4 0.362500 0.481250 0.404688 0.481250 0.404688 0.522917 0.362500 0.522917
4 0.345312 0.514583 0.395313 0.514583 0.395313 0.575000 0.345312 0.575000
9 0.084375 0.502083 0.179688 0.502083 0.179688 0.656250 0.084375 0.656250
8 0.173438 0.491667 0.307812 0.491667 0.307812 0.672917 0.173438 0.672917
4 0.318750 0.564583 0.382812 0.564583 0.382812 0.629167 0.318750 0.629167
4 0.293750 0.597917 0.368750 0.597917 0.368750 0.697917 0.293750 0.697917
0 0.587500 0.529167 0.842187 0.529167 0.842187 0.891667 0.587500 0.891667
6 0.265625 0.672917 0.364062 0.672917 0.364062 0.822917 0.265625 0.822917
9 0.000000 0.689583 0.176563 0.689583 0.176563 1.000000 0.000000 1.000000