7 0.271875 0.400000 0.315625 0.400000 0.315625 0.452083 0.271875 0.452083
7 0.317188 0.414583 0.357813 0.414583 0.357813 0.477083 0.317188 0.477083
7 0.625000 0.425000 0.673437 0.425000 0.673437 0.504167 0.625000 0.504167
9 0.228125 0.418750 0.284375 0.418750 0.284375 0.520833 0.228125 0.520833
8 0.542188 0.425000 0.617188 0.425000 0.617188 0.522917 0.542188 0.522917
4 0.490625 0.460417 0.532813 0.460417 0.532813 0.525000 0.490625 0.525000
9 0.273438 0.454167 0.332812 0.454167 0.332812 0.543750 0.273438 0.543750
4 0.365625 0.477083 0.406250 0.477083 0.406250 0.535417 0.365625 0.535417
4 0.676563 0.514583 0.740625 0.514583 0.740625 0.595833 0.676563 0.595833
4 0.332812 0.541667 0.398438 0.541667 0.398438 0.618750 0.332812 0.618750
8 0.037500 0.487500 0.190625 0.487500 0.190625 0.677083 0.037500 0.677083
4 0.225000 0.589583 0.295312 0.589583 0.295312 0.668750 0.225000 0.668750
4 0.545312 0.608333 0.634375 0.608333 0.634375 0.718750 0.545312 0.718750
4 0.251562 0.718750 0.362500 0.718750 0.362500 0.862500 0.251562 0.862500