4 0.398438 0.395833 0.421875 0.395833 0.421875 0.431250 0.398438 0.431250
4 0.345313 0.410417 0.381250 0.410417 0.381250 0.454167 0.345313 0.454167
4 0.326562 0.443750 0.359375 0.443750 0.359375 0.479167 0.326562 0.479167
4 0.487500 0.439583 0.534375 0.439583 0.534375 0.489583 0.487500 0.489583
4 0.364063 0.452083 0.409375 0.452083 0.409375 0.525000 0.364063 0.525000
9 0.114062 0.458333 0.253125 0.458333 0.253125 0.595833 0.114062 0.595833
9 0.187500 0.443750 0.310937 0.443750 0.310937 0.639583 0.187500 0.639583
4 0.345313 0.512500 0.396875 0.512500 0.396875 0.579167 0.345313 0.579167
4 0.321875 0.564583 0.382812 0.564583 0.382812 0.635417 0.321875 0.635417
4 0.525000 0.564583 0.606250 0.564583 0.606250 0.697917 0.525000 0.697917
8 0.020312 0.497917 0.259375 0.497917 0.259375 0.822917 0.020312 0.822917
4 0.287500 0.593750 0.395313 0.593750 0.395313 0.743750 0.287500 0.743750
4 0.232812 0.679167 0.350000 0.679167 0.350000 0.843750 0.232812 0.843750
4 0.185938 0.822917 0.332813 0.822917 0.332813 1.000000 0.185938 1.000000