7 0.306250 0.391667 0.340625 0.391667 0.340625 0.443750 0.306250 0.443750
4 0.385937 0.410417 0.418750 0.410417 0.418750 0.447917 0.385937 0.447917
7 0.256250 0.427083 0.300000 0.427083 0.300000 0.491667 0.256250 0.491667
4 0.315625 0.441667 0.353125 0.441667 0.353125 0.487500 0.315625 0.487500
6 0.376562 0.452083 0.410938 0.452083 0.410938 0.502083 0.376562 0.502083
4 0.284375 0.479167 0.318750 0.479167 0.318750 0.514583 0.284375 0.514583
4 0.359375 0.491667 0.403125 0.491667 0.403125 0.545833 0.359375 0.545833
4 0.275000 0.508333 0.328125 0.508333 0.328125 0.564583 0.275000 0.564583
9 0.131250 0.483333 0.226562 0.483333 0.226562 0.595833 0.131250 0.595833
4 0.626563 0.541667 0.693750 0.541667 0.693750 0.639583 0.626563 0.639583
4 0.320312 0.577083 0.393750 0.577083 0.393750 0.658333 0.320312 0.658333
7 0.009375 0.556250 0.129688 0.556250 0.129688 0.708333 0.009375 0.708333
9 0.137500 0.564583 0.268750 0.564583 0.268750 0.720833 0.137500 0.720833