4 0.492188 0.400000 0.520312 0.400000 0.520312 0.439583 0.492188 0.439583
7 0.278125 0.387500 0.323437 0.387500 0.323437 0.454167 0.278125 0.454167
0 0.318750 0.387500 0.376563 0.387500 0.376563 0.464583 0.318750 0.464583
9 0.243750 0.416667 0.292187 0.416667 0.292187 0.470833 0.243750 0.470833
4 0.368750 0.450000 0.407813 0.450000 0.407813 0.493750 0.368750 0.493750
9 0.185937 0.441667 0.257812 0.441667 0.257812 0.550000 0.185937 0.550000
8 0.250000 0.437500 0.340625 0.437500 0.340625 0.558333 0.250000 0.558333
4 0.362500 0.481250 0.404688 0.481250 0.404688 0.522917 0.362500 0.522917
4 0.496875 0.479167 0.550000 0.479167 0.550000 0.547917 0.496875 0.547917
4 0.348437 0.510417 0.398438 0.510417 0.398438 0.570833 0.348437 0.570833
4 0.612500 0.516667 0.684375 0.516667 0.684375 0.622917 0.612500 0.622917
4 0.320312 0.554167 0.384375 0.554167 0.384375 0.618750 0.320312 0.618750
9 0.176563 0.531250 0.289062 0.531250 0.289062 0.681250 0.176563 0.681250
8 0.000000 0.475000 0.162500 0.475000 0.162500 0.762500 0.000000 0.762500
4 0.293750 0.597917 0.368750 0.597917 0.368750 0.697917 0.293750 0.697917
4 0.537500 0.622917 0.620312 0.622917 0.620312 0.754167 0.537500 0.754167
6 0.285938 0.654167 0.371875 0.654167 0.371875 0.781250 0.285938 0.781250
4 0.234375 0.764583 0.346875 0.764583 0.346875 0.914583 0.234375 0.914583