4 0.282813 0.404167 0.310937 0.404167 0.310937 0.437500 0.282813 0.437500
4 0.564063 0.400000 0.592187 0.400000 0.592187 0.443750 0.564063 0.443750
4 0.525000 0.397917 0.557812 0.397917 0.557812 0.447917 0.525000 0.447917
4 0.340625 0.420833 0.370312 0.420833 0.370312 0.456250 0.340625 0.456250
4 0.387500 0.429167 0.417187 0.429167 0.417187 0.466667 0.387500 0.466667
4 0.479687 0.427083 0.517188 0.427083 0.517188 0.477083 0.479687 0.477083
4 0.545312 0.447917 0.581250 0.447917 0.581250 0.489583 0.545312 0.489583
4 0.314063 0.447917 0.351562 0.447917 0.351562 0.504167 0.314063 0.504167
4 0.371875 0.466667 0.406250 0.466667 0.406250 0.512500 0.371875 0.512500
9 0.157812 0.429167 0.254688 0.429167 0.254688 0.554167 0.157812 0.554167
7 0.260937 0.452083 0.332813 0.452083 0.332813 0.554167 0.260937 0.554167
4 0.373438 0.491667 0.418750 0.491667 0.418750 0.556250 0.373438 0.556250
4 0.709375 0.552083 0.789062 0.552083 0.789062 0.656250 0.709375 0.656250
7 0.167188 0.533333 0.271875 0.533333 0.271875 0.685417 0.167188 0.685417
4 0.532813 0.562500 0.607812 0.562500 0.607812 0.658333 0.532813 0.658333
4 0.293750 0.575000 0.367188 0.575000 0.367188 0.668750 0.293750 0.668750
9 0.000000 0.516667 0.143750 0.516667 0.143750 0.758333 0.000000 0.758333
4 0.265625 0.681250 0.357812 0.681250 0.357812 0.795833 0.265625 0.795833
9 0.000000 0.656250 0.187500 0.656250 0.187500 1.000000 0.000000 1.000000
4 0.164062 0.854167 0.310937 0.854167 0.310937 1.000000 0.164062 1.000000