7 0.512500 0.377083 0.540625 0.377083 0.540625 0.422917 0.512500 0.422917
4 0.345312 0.406250 0.379688 0.406250 0.379688 0.450000 0.345312 0.450000
4 0.387500 0.410417 0.418750 0.410417 0.418750 0.462500 0.387500 0.462500
9 0.234375 0.422917 0.337500 0.422917 0.337500 0.566667 0.234375 0.566667
4 0.368750 0.472917 0.401562 0.472917 0.401562 0.522917 0.368750 0.522917
4 0.348437 0.510417 0.414062 0.510417 0.414062 0.570833 0.348437 0.570833
4 0.575000 0.506250 0.635938 0.506250 0.635938 0.585417 0.575000 0.585417
8 0.043750 0.495833 0.264062 0.495833 0.264062 0.814583 0.043750 0.814583
4 0.282813 0.597917 0.382812 0.597917 0.382812 0.718750 0.282813 0.718750
4 0.246875 0.677083 0.342188 0.677083 0.342188 0.822917 0.246875 0.822917
9 0.000000 0.735417 0.135937 0.735417 0.135937 1.000000 0.000000 1.000000
4 0.195312 0.822917 0.318750 0.822917 0.318750 0.989583 0.195312 0.989583
4 0.626563 0.812500 0.771875 0.812500 0.771875 1.000000 0.626563 1.000000