7 0.334375 0.375000 0.360938 0.375000 0.360938 0.412500 0.334375 0.412500
8 0.510937 0.368750 0.556250 0.368750 0.556250 0.439583 0.510937 0.439583
4 0.360937 0.395833 0.387500 0.395833 0.387500 0.429167 0.360937 0.429167
9 0.271875 0.397917 0.315625 0.397917 0.315625 0.450000 0.271875 0.450000
4 0.482813 0.412500 0.510938 0.412500 0.510938 0.443750 0.482813 0.443750
4 0.396875 0.414583 0.420312 0.414583 0.420312 0.443750 0.396875 0.443750
4 0.576562 0.414583 0.603125 0.414583 0.603125 0.450000 0.576562 0.450000
9 0.332813 0.408333 0.371875 0.408333 0.371875 0.464583 0.332813 0.464583
4 0.382812 0.439583 0.415625 0.439583 0.415625 0.475000 0.382812 0.475000
7 0.228125 0.425000 0.279687 0.425000 0.279687 0.495833 0.228125 0.495833
7 0.278125 0.439583 0.328125 0.439583 0.328125 0.533333 0.278125 0.533333
4 0.492188 0.458333 0.534375 0.458333 0.534375 0.516667 0.492188 0.516667
9 0.178125 0.452083 0.246875 0.452083 0.246875 0.552083 0.178125 0.552083
4 0.340625 0.529167 0.396875 0.529167 0.396875 0.604167 0.340625 0.604167
9 0.200000 0.520833 0.287500 0.520833 0.287500 0.654167 0.200000 0.654167
4 0.295312 0.625000 0.384375 0.625000 0.384375 0.743750 0.295312 0.743750
4 0.070312 0.766667 0.206250 0.766667 0.206250 0.908333 0.070312 0.908333