9 0.329688 0.356250 0.360938 0.356250 0.360938 0.416667 0.329688 0.416667
9 0.304688 0.368750 0.348437 0.368750 0.348437 0.439583 0.304688 0.439583
9 0.268750 0.387500 0.315625 0.387500 0.315625 0.458333 0.268750 0.458333
4 0.512500 0.406250 0.550000 0.406250 0.550000 0.452083 0.512500 0.452083
4 0.345313 0.418750 0.373437 0.418750 0.373437 0.456250 0.345313 0.456250
4 0.382812 0.422917 0.418750 0.422917 0.418750 0.468750 0.382812 0.468750
9 0.210938 0.416667 0.292188 0.416667 0.292188 0.525000 0.210938 0.525000
4 0.509375 0.460417 0.550000 0.460417 0.550000 0.533333 0.509375 0.533333
4 0.360938 0.475000 0.404687 0.475000 0.404687 0.545833 0.360938 0.545833
9 0.214063 0.425000 0.318750 0.425000 0.318750 0.597917 0.214063 0.597917
4 0.335938 0.525000 0.393750 0.525000 0.393750 0.612500 0.335938 0.612500
8 0.048437 0.477083 0.267188 0.477083 0.267188 0.808333 0.048437 0.808333
4 0.284375 0.591667 0.378125 0.591667 0.378125 0.729167 0.284375 0.729167
4 0.246875 0.677083 0.342188 0.677083 0.342188 0.827083 0.246875 0.827083
9 0.000000 0.729167 0.150000 0.729167 0.150000 0.997917 0.000000 0.997917
4 0.190625 0.802083 0.326562 0.802083 0.326562 1.000000 0.190625 1.000000