8 0.350000 0.368750 0.389062 0.368750 0.389062 0.425000 0.350000 0.425000
9 0.296875 0.377083 0.335938 0.377083 0.335938 0.441667 0.296875 0.441667
9 0.332813 0.391667 0.378125 0.391667 0.378125 0.458333 0.332813 0.458333
8 0.220312 0.385417 0.300000 0.385417 0.300000 0.504167 0.220312 0.504167
4 0.387500 0.431250 0.415625 0.431250 0.415625 0.470833 0.387500 0.470833
4 0.373437 0.466667 0.415625 0.466667 0.415625 0.518750 0.373437 0.518750
11 0.103125 0.435417 0.251563 0.435417 0.251563 0.633333 0.103125 0.633333
9 0.582813 0.464583 0.681250 0.464583 0.681250 0.610417 0.582813 0.610417
4 0.332813 0.535417 0.384375 0.535417 0.384375 0.589583 0.332813 0.589583
8 0.181250 0.468750 0.303125 0.468750 0.303125 0.670833 0.181250 0.670833
4 0.306250 0.572917 0.378125 0.572917 0.378125 0.654167 0.306250 0.654167
6 0.279688 0.656250 0.370312 0.656250 0.370312 0.777083 0.279688 0.777083
4 0.237500 0.762500 0.351562 0.762500 0.351562 0.908333 0.237500 0.908333