9 0.331250 0.345833 0.365625 0.345833 0.365625 0.395833 0.331250 0.395833
7 0.507812 0.358333 0.540625 0.358333 0.540625 0.406250 0.507812 0.406250
9 0.293750 0.364583 0.346875 0.364583 0.346875 0.443750 0.293750 0.443750
4 0.412500 0.391667 0.434375 0.391667 0.434375 0.418750 0.412500 0.418750
4 0.393750 0.395833 0.417187 0.395833 0.417187 0.425000 0.393750 0.425000
4 0.281250 0.395833 0.307813 0.395833 0.307813 0.431250 0.281250 0.431250
7 0.335938 0.389583 0.378125 0.389583 0.378125 0.447917 0.335938 0.447917
4 0.523438 0.404167 0.548437 0.404167 0.548437 0.437500 0.523438 0.437500
4 0.381250 0.410417 0.412500 0.410417 0.412500 0.445833 0.381250 0.445833
4 0.487500 0.414583 0.517188 0.414583 0.517188 0.462500 0.487500 0.462500
4 0.240625 0.422917 0.275000 0.422917 0.275000 0.462500 0.240625 0.462500
4 0.384375 0.429167 0.417187 0.429167 0.417187 0.458333 0.384375 0.458333
7 0.307812 0.412500 0.365625 0.412500 0.365625 0.497917 0.307812 0.497917
4 0.378125 0.435417 0.417187 0.435417 0.417187 0.483333 0.378125 0.483333
4 0.242188 0.441667 0.281250 0.441667 0.281250 0.493750 0.242188 0.493750
4 0.357812 0.462500 0.407813 0.462500 0.407813 0.522917 0.357812 0.522917
4 0.165625 0.468750 0.207812 0.468750 0.207812 0.527083 0.165625 0.527083
7 0.193750 0.458333 0.264062 0.458333 0.264062 0.547917 0.193750 0.547917
4 0.273438 0.479167 0.326562 0.479167 0.326562 0.550000 0.273438 0.550000
4 0.312500 0.560417 0.384375 0.560417 0.384375 0.647917 0.312500 0.647917
4 0.201563 0.568750 0.287500 0.568750 0.287500 0.668750 0.201563 0.668750
4 0.084375 0.587500 0.176563 0.587500 0.176563 0.689583 0.084375 0.689583
4 0.607812 0.791667 0.753125 0.791667 0.753125 1.000000 0.607812 1.000000