8 0.273438 0.366667 0.335938 0.366667 0.335938 0.450000 0.273438 0.450000
4 0.396875 0.400000 0.425000 0.400000 0.425000 0.439583 0.396875 0.439583
9 0.529687 0.379167 0.581250 0.379167 0.581250 0.470833 0.529687 0.470833
4 0.387500 0.435417 0.420313 0.435417 0.420313 0.468750 0.387500 0.468750
11 0.215625 0.397917 0.292187 0.397917 0.292187 0.512500 0.215625 0.512500
8 0.287500 0.406250 0.350000 0.406250 0.350000 0.514583 0.287500 0.514583
4 0.493750 0.464583 0.534375 0.464583 0.534375 0.518750 0.493750 0.518750
4 0.365625 0.470833 0.404687 0.470833 0.404687 0.516667 0.365625 0.516667
4 0.248437 0.518750 0.310937 0.518750 0.310937 0.583333 0.248437 0.583333
4 0.335938 0.522917 0.390625 0.522917 0.390625 0.593750 0.335938 0.593750
7 0.664062 0.514583 0.750000 0.514583 0.750000 0.608333 0.664062 0.608333
7 0.129688 0.512500 0.215625 0.512500 0.215625 0.627083 0.129688 0.627083
6 0.307812 0.591667 0.384375 0.591667 0.384375 0.697917 0.307812 0.697917
7 0.000000 0.633333 0.100000 0.633333 0.100000 0.814583 0.000000 0.814583
4 0.257812 0.718750 0.360938 0.718750 0.360938 0.852083 0.257812 0.852083
4 0.000000 0.816667 0.143750 0.816667 0.143750 0.987500 0.000000 0.987500