4 0.295312 0.391667 0.321875 0.391667 0.321875 0.422917 0.295312 0.422917
4 0.531250 0.400000 0.557813 0.400000 0.557813 0.433333 0.531250 0.433333
4 0.482812 0.400000 0.507812 0.400000 0.507812 0.437500 0.482812 0.437500
4 0.350000 0.410417 0.375000 0.410417 0.375000 0.445833 0.350000 0.445833
4 0.393750 0.414583 0.420313 0.414583 0.420313 0.452083 0.393750 0.452083
4 0.329688 0.433333 0.359375 0.433333 0.359375 0.485417 0.329688 0.485417
4 0.381250 0.443750 0.415625 0.443750 0.415625 0.491667 0.381250 0.491667
4 0.553125 0.441667 0.596875 0.441667 0.596875 0.508333 0.553125 0.508333
4 0.606250 0.445833 0.651563 0.445833 0.651563 0.504167 0.606250 0.504167
7 0.281250 0.435417 0.339063 0.435417 0.339063 0.531250 0.281250 0.531250
9 0.178125 0.420833 0.265625 0.420833 0.265625 0.575000 0.178125 0.575000
4 0.379688 0.470833 0.420313 0.470833 0.420313 0.531250 0.379688 0.531250
4 0.500000 0.516667 0.562500 0.516667 0.562500 0.600000 0.500000 0.600000
4 0.600000 0.537500 0.662500 0.537500 0.662500 0.608333 0.600000 0.608333
7 0.204688 0.504167 0.296875 0.504167 0.296875 0.645833 0.204688 0.645833
4 0.303125 0.558333 0.373437 0.558333 0.373437 0.639583 0.303125 0.639583
9 0.000000 0.502083 0.170313 0.502083 0.170313 0.725000 0.000000 0.725000
4 0.289062 0.635417 0.367188 0.635417 0.367188 0.735417 0.289062 0.735417
9 0.000000 0.647917 0.192188 0.647917 0.192188 0.983333 0.000000 0.983333
4 0.185938 0.818750 0.321875 0.818750 0.321875 1.000000 0.185938 1.000000