7 0.321875 0.385417 0.353125 0.385417 0.353125 0.422917 0.321875 0.422917
4 0.357813 0.387500 0.387500 0.387500 0.387500 0.422917 0.357813 0.422917
6 0.396875 0.404167 0.426563 0.404167 0.426563 0.437500 0.396875 0.437500
4 0.343750 0.414583 0.370313 0.414583 0.370313 0.447917 0.343750 0.447917
4 0.390625 0.425000 0.421875 0.425000 0.421875 0.464583 0.390625 0.464583
9 0.246875 0.414583 0.295313 0.414583 0.295313 0.487500 0.246875 0.487500
9 0.306250 0.431250 0.351562 0.431250 0.351562 0.506250 0.306250 0.506250
4 0.373437 0.462500 0.414062 0.462500 0.414062 0.510417 0.373437 0.510417
7 0.192188 0.450000 0.254688 0.450000 0.254688 0.533333 0.192188 0.533333
7 0.226563 0.479167 0.307813 0.479167 0.307813 0.589583 0.226563 0.589583
9 0.125000 0.477083 0.214062 0.477083 0.214062 0.602083 0.125000 0.602083
4 0.515625 0.527083 0.581250 0.527083 0.581250 0.620833 0.515625 0.620833
7 0.720313 0.558333 0.831250 0.558333 0.831250 0.668750 0.720313 0.668750
4 0.320312 0.585417 0.385938 0.585417 0.385938 0.668750 0.320312 0.668750
7 0.671875 0.587500 0.787500 0.587500 0.787500 0.777083 0.671875 0.777083
9 0.110938 0.597917 0.237500 0.597917 0.237500 0.783333 0.110938 0.783333
4 0.254688 0.725000 0.368750 0.725000 0.368750 0.868750 0.254688 0.868750