9 0.281250 0.372917 0.329688 0.372917 0.329688 0.450000 0.281250 0.450000
4 0.390625 0.410417 0.418750 0.410417 0.418750 0.454167 0.390625 0.454167
7 0.318750 0.410417 0.360938 0.410417 0.360938 0.468750 0.318750 0.468750
7 0.537500 0.408333 0.575000 0.408333 0.575000 0.477083 0.537500 0.477083
9 0.223438 0.395833 0.301563 0.395833 0.301563 0.514583 0.223438 0.514583
4 0.314063 0.445833 0.350000 0.445833 0.350000 0.491667 0.314063 0.491667
4 0.484375 0.445833 0.520312 0.445833 0.520312 0.493750 0.484375 0.493750
4 0.367188 0.447917 0.403125 0.447917 0.403125 0.495833 0.367188 0.495833
0 0.565625 0.437500 0.685937 0.437500 0.685937 0.606250 0.565625 0.606250
4 0.131250 0.487500 0.189062 0.487500 0.189062 0.560417 0.131250 0.560417
9 0.239063 0.466667 0.326563 0.466667 0.326563 0.597917 0.239063 0.597917
4 0.165625 0.514583 0.218750 0.514583 0.218750 0.579167 0.165625 0.579167
4 0.345313 0.533333 0.398438 0.533333 0.398438 0.595833 0.345313 0.595833
7 0.735938 0.560417 0.840625 0.560417 0.840625 0.668750 0.735938 0.668750
4 0.006250 0.620833 0.096875 0.620833 0.096875 0.750000 0.006250 0.750000
4 0.275000 0.629167 0.360938 0.629167 0.360938 0.745833 0.275000 0.745833
4 0.090625 0.662500 0.203125 0.662500 0.203125 0.812500 0.090625 0.812500
4 0.592187 0.802083 0.739063 0.802083 0.739063 1.000000 0.592187 1.000000