0 0.323437 0.385417 0.381250 0.385417 0.381250 0.462500 0.323437 0.462500
7 0.284375 0.395833 0.329687 0.395833 0.329687 0.462500 0.284375 0.462500
4 0.376563 0.431250 0.415625 0.431250 0.415625 0.475000 0.376563 0.475000
8 0.267188 0.414583 0.353125 0.414583 0.353125 0.529167 0.267188 0.529167
9 0.217188 0.431250 0.278125 0.431250 0.278125 0.529167 0.217188 0.529167
4 0.506250 0.460417 0.553125 0.460417 0.553125 0.522917 0.506250 0.522917
4 0.368750 0.472917 0.410938 0.472917 0.410938 0.522917 0.368750 0.522917
4 0.348437 0.510417 0.398438 0.510417 0.398438 0.570833 0.348437 0.570833
9 0.212500 0.500000 0.303125 0.500000 0.303125 0.616667 0.212500 0.616667
8 0.010938 0.454167 0.201562 0.454167 0.201562 0.689583 0.010938 0.689583
4 0.320312 0.554167 0.384375 0.554167 0.384375 0.618750 0.320312 0.618750
4 0.293750 0.597917 0.368750 0.597917 0.368750 0.697917 0.293750 0.697917
6 0.285938 0.654167 0.371875 0.654167 0.371875 0.781250 0.285938 0.781250
4 0.556250 0.660417 0.659375 0.660417 0.659375 0.833333 0.556250 0.833333
4 0.759375 0.710417 0.903125 0.710417 0.903125 0.943750 0.759375 0.943750
4 0.234375 0.764583 0.346875 0.764583 0.346875 0.914583 0.234375 0.914583