4 0.304688 0.408333 0.334375 0.408333 0.334375 0.447917 0.304688 0.447917
4 0.337500 0.416667 0.368750 0.416667 0.368750 0.452083 0.337500 0.452083
4 0.476562 0.416667 0.504687 0.416667 0.504687 0.454167 0.476562 0.454167
4 0.384375 0.425000 0.415625 0.425000 0.415625 0.460417 0.384375 0.460417
7 0.267188 0.422917 0.314063 0.422917 0.314063 0.475000 0.267188 0.475000
4 0.560938 0.425000 0.601562 0.425000 0.601562 0.472917 0.560938 0.472917
4 0.315625 0.445833 0.353125 0.445833 0.353125 0.483333 0.315625 0.483333
4 0.492188 0.450000 0.529688 0.450000 0.529688 0.502083 0.492188 0.502083
4 0.379688 0.460417 0.418750 0.460417 0.418750 0.497917 0.379688 0.497917
4 0.298437 0.475000 0.340625 0.475000 0.340625 0.518750 0.298437 0.518750
7 0.564063 0.458333 0.618750 0.458333 0.618750 0.535417 0.564063 0.535417
4 0.206250 0.481250 0.253125 0.481250 0.253125 0.527083 0.206250 0.527083
4 0.356250 0.495833 0.401562 0.495833 0.401562 0.545833 0.356250 0.545833
4 0.284375 0.497917 0.325000 0.497917 0.325000 0.564583 0.284375 0.564583
4 0.350000 0.537500 0.395313 0.537500 0.395313 0.593750 0.350000 0.593750
9 0.029687 0.481250 0.182812 0.481250 0.182812 0.652083 0.029687 0.652083
7 0.198437 0.506250 0.290625 0.506250 0.290625 0.631250 0.198437 0.631250
4 0.348438 0.568750 0.412500 0.568750 0.412500 0.654167 0.348438 0.654167
7 0.137500 0.560417 0.254688 0.560417 0.254688 0.720833 0.137500 0.720833
9 0.000000 0.589583 0.070312 0.589583 0.070312 0.777083 0.000000 0.777083
4 0.267188 0.639583 0.357812 0.639583 0.357812 0.743750 0.267188 0.743750
4 0.243750 0.745833 0.343750 0.745833 0.343750 0.870833 0.243750 0.870833
4 0.584375 0.731250 0.698437 0.731250 0.698437 0.897917 0.584375 0.897917
9 0.000000 0.658333 0.182812 0.658333 0.182812 1.000000 0.000000 1.000000
4 0.153125 0.883333 0.303125 0.883333 0.303125 1.000000 0.153125 1.000000