4 0.468750 0.383333 0.498437 0.383333 0.498437 0.414583 0.468750 0.414583
8 0.265625 0.389583 0.326562 0.389583 0.326562 0.460417 0.265625 0.460417
4 0.340625 0.410417 0.375000 0.410417 0.375000 0.464583 0.340625 0.464583
4 0.484375 0.425000 0.525000 0.425000 0.525000 0.466667 0.484375 0.466667
4 0.373437 0.447917 0.404687 0.447917 0.404687 0.483333 0.373437 0.483333
4 0.318750 0.447917 0.350000 0.447917 0.350000 0.497917 0.318750 0.497917
4 0.357812 0.466667 0.406250 0.466667 0.406250 0.535417 0.357812 0.535417
9 0.182813 0.454167 0.320312 0.454167 0.320312 0.635417 0.182813 0.635417
4 0.348438 0.514583 0.395313 0.514583 0.395313 0.587500 0.348438 0.587500
9 0.059375 0.475000 0.196875 0.475000 0.196875 0.633333 0.059375 0.633333
4 0.317188 0.558333 0.378125 0.558333 0.378125 0.637500 0.317188 0.637500
7 0.735938 0.539583 0.868750 0.539583 0.868750 0.720833 0.735938 0.720833
9 0.639062 0.522917 0.753125 0.522917 0.753125 0.743750 0.639062 0.743750
4 0.284375 0.604167 0.371875 0.604167 0.371875 0.720833 0.284375 0.720833
8 0.000000 0.516667 0.256250 0.516667 0.256250 0.883333 0.000000 0.883333
4 0.232813 0.687500 0.348438 0.687500 0.348438 0.831250 0.232813 0.831250
4 0.187500 0.829167 0.328125 0.829167 0.328125 1.000000 0.187500 1.000000