4 0.396875 0.402083 0.435937 0.402083 0.435937 0.452083 0.396875 0.452083
7 0.570312 0.404167 0.610937 0.404167 0.610937 0.450000 0.570312 0.450000
4 0.537500 0.412500 0.573437 0.412500 0.573437 0.454167 0.537500 0.454167
7 0.320312 0.402083 0.367188 0.402083 0.367188 0.479167 0.320312 0.479167
4 0.478125 0.418750 0.520312 0.418750 0.520312 0.462500 0.478125 0.462500
9 0.223437 0.393750 0.306250 0.393750 0.306250 0.500000 0.223437 0.500000
4 0.540625 0.439583 0.578125 0.439583 0.578125 0.485417 0.540625 0.485417
4 0.356250 0.445833 0.421875 0.445833 0.421875 0.495833 0.356250 0.495833
7 0.293750 0.435417 0.350000 0.435417 0.350000 0.516667 0.293750 0.516667
9 0.110938 0.435417 0.265625 0.435417 0.265625 0.577083 0.110938 0.577083
4 0.579688 0.483333 0.650000 0.483333 0.650000 0.564583 0.579688 0.564583
4 0.353125 0.493750 0.409375 0.493750 0.409375 0.558333 0.353125 0.558333
4 0.101562 0.510417 0.153125 0.510417 0.153125 0.581250 0.101562 0.581250
4 0.506250 0.508333 0.571875 0.508333 0.571875 0.606250 0.506250 0.606250
4 0.728125 0.545833 0.826562 0.545833 0.826562 0.668750 0.728125 0.668750
4 0.104687 0.558333 0.187500 0.558333 0.187500 0.658333 0.104687 0.658333
4 0.298438 0.560417 0.376563 0.560417 0.376563 0.672917 0.298438 0.672917
9 0.098437 0.545833 0.256250 0.545833 0.256250 0.789583 0.098437 0.789583
4 0.671875 0.610417 0.773438 0.610417 0.773438 0.775000 0.671875 0.775000
4 0.001562 0.622917 0.057813 0.622917 0.057813 0.766667 0.001562 0.766667
4 0.000000 0.802083 0.106250 0.802083 0.106250 0.966667 0.000000 0.966667
4 0.178125 0.870833 0.359375 0.870833 0.359375 1.000000 0.178125 1.000000
4 0.645313 0.947917 0.764062 0.947917 0.764062 1.000000 0.645313 1.000000