4 0.470313 0.368750 0.490625 0.368750 0.490625 0.391667 0.470313 0.391667
8 0.304688 0.381250 0.337500 0.381250 0.337500 0.435417 0.304688 0.435417
7 0.575000 0.395833 0.618750 0.395833 0.618750 0.470833 0.575000 0.470833
8 0.246875 0.404167 0.306250 0.404167 0.306250 0.479167 0.246875 0.479167
9 0.539062 0.406250 0.581250 0.406250 0.581250 0.491667 0.539062 0.491667
4 0.378125 0.425000 0.417187 0.425000 0.417187 0.477083 0.378125 0.477083
4 0.325000 0.431250 0.368750 0.431250 0.368750 0.472917 0.325000 0.472917
4 0.301563 0.460417 0.339062 0.460417 0.339062 0.514583 0.301563 0.514583
9 0.137500 0.437500 0.220312 0.437500 0.220312 0.552083 0.137500 0.552083
4 0.351562 0.472917 0.398438 0.472917 0.398438 0.531250 0.351562 0.531250
9 0.173438 0.460417 0.320312 0.460417 0.320312 0.639583 0.173438 0.639583
4 0.342187 0.522917 0.404687 0.522917 0.404687 0.579167 0.342187 0.579167
4 0.314063 0.564583 0.373437 0.564583 0.373437 0.618750 0.314063 0.618750
4 0.284375 0.600000 0.382812 0.600000 0.382812 0.704167 0.284375 0.704167
4 0.228125 0.683333 0.348438 0.683333 0.348438 0.812500 0.228125 0.812500
8 0.001562 0.552083 0.228125 0.552083 0.228125 1.000000 0.001562 1.000000
4 0.559375 0.695833 0.671875 0.695833 0.671875 0.891667 0.559375 0.891667
4 0.196875 0.822917 0.332812 0.822917 0.332812 0.995833 0.196875 0.995833