9 0.306250 0.412500 0.362500 0.412500 0.362500 0.475000 0.306250 0.475000
8 0.623437 0.416667 0.715625 0.416667 0.715625 0.518750 0.623437 0.518750
4 0.368750 0.450000 0.407813 0.450000 0.407813 0.493750 0.368750 0.493750
7 0.200000 0.447917 0.259375 0.447917 0.259375 0.539583 0.200000 0.539583
4 0.362500 0.481250 0.404688 0.481250 0.404688 0.522917 0.362500 0.522917
0 0.243750 0.447917 0.332813 0.447917 0.332813 0.579167 0.243750 0.579167
4 0.504687 0.487500 0.551562 0.487500 0.551562 0.562500 0.504687 0.562500
9 0.120312 0.497917 0.206250 0.497917 0.206250 0.577083 0.120312 0.577083
4 0.345312 0.514583 0.395313 0.514583 0.395313 0.575000 0.345312 0.575000
0 0.607813 0.460417 0.742188 0.460417 0.742188 0.652083 0.607813 0.652083
4 0.312500 0.577083 0.376563 0.577083 0.376563 0.641667 0.312500 0.641667
9 0.000000 0.564583 0.092188 0.564583 0.092188 0.783333 0.000000 0.783333
4 0.278125 0.637500 0.364063 0.637500 0.364063 0.743750 0.278125 0.743750
4 0.560937 0.633333 0.643750 0.633333 0.643750 0.772917 0.560937 0.772917
8 0.018750 0.566667 0.256250 0.566667 0.256250 0.864583 0.018750 0.864583
9 0.746875 0.645833 1.000000 0.645833 1.000000 1.000000 0.746875 1.000000
6 0.201562 0.800000 0.343750 0.800000 0.343750 1.000000 0.201562 1.000000