4 0.365625 0.383333 0.395313 0.383333 0.395313 0.418750 0.365625 0.418750
7 0.325000 0.383333 0.356250 0.383333 0.356250 0.420833 0.325000 0.420833
6 0.401562 0.395833 0.431250 0.395833 0.431250 0.429167 0.401562 0.429167
4 0.351562 0.404167 0.378125 0.404167 0.378125 0.437500 0.351562 0.437500
4 0.478125 0.410417 0.504687 0.410417 0.504687 0.452083 0.478125 0.452083
4 0.395313 0.420833 0.418750 0.420833 0.418750 0.450000 0.395313 0.450000
9 0.251562 0.410417 0.300000 0.410417 0.300000 0.483333 0.251562 0.483333
9 0.315625 0.425000 0.360937 0.425000 0.360937 0.500000 0.315625 0.500000
4 0.381250 0.454167 0.415625 0.454167 0.415625 0.495833 0.381250 0.495833
7 0.201562 0.447917 0.257812 0.447917 0.257812 0.522917 0.201562 0.522917
7 0.245313 0.466667 0.310938 0.466667 0.310938 0.570833 0.245313 0.570833
9 0.146875 0.466667 0.226562 0.466667 0.226562 0.583333 0.146875 0.583333
4 0.328125 0.560417 0.389062 0.560417 0.389062 0.635417 0.328125 0.635417
9 0.148438 0.564583 0.257812 0.564583 0.257812 0.731250 0.148438 0.731250
4 0.556250 0.641667 0.646875 0.641667 0.646875 0.791667 0.556250 0.791667
7 0.831250 0.679167 1.000000 0.679167 1.000000 0.833333 0.831250 0.833333
4 0.270313 0.693750 0.373438 0.693750 0.373438 0.822917 0.270313 0.822917
7 0.765625 0.720833 0.970312 0.720833 0.970312 1.000000 0.765625 1.000000