8 0.320312 0.383333 0.375000 0.383333 0.375000 0.468750 0.320312 0.468750
4 0.395313 0.410417 0.425000 0.410417 0.425000 0.443750 0.395313 0.443750
11 0.253125 0.381250 0.320312 0.381250 0.320312 0.479167 0.253125 0.479167
4 0.378125 0.443750 0.412500 0.443750 0.412500 0.485417 0.378125 0.485417
4 0.489063 0.450000 0.526563 0.450000 0.526563 0.497917 0.489063 0.497917
4 0.290625 0.475000 0.339062 0.475000 0.339062 0.529167 0.290625 0.529167
7 0.195312 0.462500 0.260937 0.462500 0.260937 0.556250 0.195312 0.556250
4 0.148438 0.489583 0.203125 0.489583 0.203125 0.541667 0.148438 0.541667
4 0.356250 0.489583 0.401562 0.489583 0.401562 0.547917 0.356250 0.547917
4 0.515625 0.508333 0.567187 0.508333 0.567187 0.581250 0.515625 0.581250
9 0.614062 0.470833 0.723437 0.470833 0.723437 0.668750 0.614062 0.668750
6 0.329688 0.550000 0.389062 0.550000 0.389062 0.635417 0.329688 0.635417
7 0.084375 0.550000 0.181250 0.550000 0.181250 0.677083 0.084375 0.677083
4 0.537500 0.591667 0.615625 0.591667 0.615625 0.725000 0.537500 0.725000
4 0.148438 0.639583 0.243750 0.639583 0.243750 0.739583 0.148438 0.739583
4 0.289062 0.656250 0.370313 0.656250 0.370313 0.768750 0.289062 0.768750