8 0.298438 0.379167 0.365625 0.379167 0.365625 0.500000 0.298438 0.500000
7 0.207812 0.447917 0.251562 0.447917 0.251562 0.531250 0.207812 0.531250
4 0.362500 0.460417 0.406250 0.460417 0.406250 0.525000 0.362500 0.525000
4 0.485938 0.462500 0.553125 0.462500 0.553125 0.537500 0.485938 0.537500
9 0.229688 0.454167 0.326563 0.454167 0.326563 0.572917 0.229688 0.572917
7 0.128125 0.510417 0.210938 0.510417 0.210938 0.602083 0.128125 0.602083
4 0.325000 0.537500 0.393750 0.537500 0.393750 0.625000 0.325000 0.625000
8 0.723437 0.483333 0.903125 0.483333 0.903125 0.733333 0.723437 0.733333
7 0.000000 0.570833 0.115625 0.570833 0.115625 0.658333 0.000000 0.658333
4 0.535937 0.625000 0.643750 0.625000 0.643750 0.787500 0.535937 0.787500
4 0.284375 0.647917 0.379688 0.647917 0.379688 0.779167 0.284375 0.779167
0 0.000000 0.608333 0.220312 0.608333 0.220312 0.997917 0.000000 0.997917
4 0.173437 0.850000 0.321875 0.850000 0.321875 0.991667 0.173437 0.991667