4 0.339062 0.366667 0.376562 0.366667 0.376562 0.402083 0.339062 0.402083
4 0.467188 0.379167 0.503125 0.379167 0.503125 0.427083 0.467188 0.427083
7 0.545312 0.379167 0.579688 0.379167 0.579688 0.431250 0.545312 0.431250
4 0.364063 0.395833 0.389063 0.395833 0.389063 0.425000 0.364063 0.425000
4 0.509375 0.393750 0.546875 0.393750 0.546875 0.431250 0.509375 0.431250
4 0.389063 0.408333 0.410938 0.408333 0.410938 0.437500 0.389063 0.437500
4 0.346875 0.412500 0.379688 0.412500 0.379688 0.454167 0.346875 0.454167
4 0.395313 0.429167 0.425000 0.429167 0.425000 0.466667 0.395313 0.466667
4 0.484375 0.420833 0.525000 0.420833 0.525000 0.475000 0.484375 0.475000
7 0.306250 0.408333 0.359375 0.408333 0.359375 0.489583 0.306250 0.489583
4 0.534375 0.425000 0.576562 0.425000 0.576562 0.472917 0.534375 0.472917
9 0.221875 0.406250 0.306250 0.406250 0.306250 0.508333 0.221875 0.508333
4 0.600000 0.433333 0.645313 0.433333 0.645313 0.495833 0.600000 0.495833
7 0.281250 0.456250 0.334375 0.456250 0.334375 0.527083 0.281250 0.527083
4 0.346875 0.475000 0.407812 0.475000 0.407812 0.529167 0.346875 0.529167
4 0.568750 0.468750 0.617188 0.468750 0.617188 0.541667 0.568750 0.541667
9 0.096875 0.454167 0.229687 0.454167 0.229687 0.612500 0.096875 0.612500
4 0.335938 0.529167 0.401563 0.529167 0.401563 0.585417 0.335938 0.585417
4 0.509375 0.520833 0.579688 0.520833 0.579688 0.627083 0.509375 0.627083
4 0.000000 0.541667 0.085938 0.541667 0.085938 0.695833 0.000000 0.695833
4 0.037500 0.604167 0.132812 0.604167 0.132812 0.700000 0.037500 0.700000
4 0.275000 0.614583 0.357812 0.614583 0.357812 0.743750 0.275000 0.743750
9 0.060937 0.572917 0.262500 0.572917 0.262500 0.850000 0.060937 0.850000
4 0.835938 0.739583 0.985937 0.739583 0.985937 0.933333 0.835938 0.933333
4 0.000000 0.881250 0.103125 0.881250 0.103125 0.991667 0.000000 0.991667
4 0.617188 0.872917 0.781250 0.872917 0.781250 1.000000 0.617188 1.000000