9 0.307812 0.412500 0.364063 0.412500 0.364063 0.475000 0.307812 0.475000
8 0.610938 0.414583 0.684375 0.414583 0.684375 0.516667 0.610938 0.516667
4 0.368750 0.450000 0.407813 0.450000 0.407813 0.493750 0.368750 0.493750
7 0.200000 0.447917 0.259375 0.447917 0.259375 0.539583 0.200000 0.539583
4 0.495312 0.462500 0.535937 0.462500 0.535937 0.527083 0.495312 0.527083
4 0.362500 0.481250 0.404688 0.481250 0.404688 0.522917 0.362500 0.522917
0 0.578125 0.437500 0.692187 0.437500 0.692187 0.585417 0.578125 0.585417
0 0.237500 0.447917 0.334375 0.447917 0.334375 0.581250 0.237500 0.581250
9 0.112500 0.500000 0.204688 0.500000 0.204688 0.585417 0.112500 0.585417
4 0.345312 0.514583 0.395313 0.514583 0.395313 0.575000 0.345312 0.575000
4 0.312500 0.577083 0.376563 0.577083 0.376563 0.641667 0.312500 0.641667
4 0.535937 0.566667 0.604688 0.566667 0.604688 0.670833 0.535937 0.670833
9 0.670313 0.554167 0.851562 0.554167 0.851562 0.820833 0.670313 0.820833
4 0.278125 0.637500 0.364063 0.637500 0.364063 0.743750 0.278125 0.743750
8 0.000000 0.568750 0.254688 0.568750 0.254688 0.912500 0.000000 0.912500
6 0.196875 0.825000 0.339062 0.825000 0.339062 1.000000 0.196875 1.000000