9 0.328125 0.381250 0.373437 0.381250 0.373437 0.452083 0.328125 0.452083
4 0.492187 0.425000 0.525000 0.425000 0.525000 0.466667 0.492187 0.466667
4 0.382812 0.431250 0.412500 0.431250 0.412500 0.462500 0.382812 0.462500
8 0.260937 0.410417 0.340625 0.410417 0.340625 0.541667 0.260937 0.541667
4 0.360938 0.470833 0.404687 0.470833 0.404687 0.533333 0.360938 0.533333
7 0.146875 0.485417 0.237500 0.485417 0.237500 0.579167 0.146875 0.579167
4 0.340625 0.514583 0.390625 0.514583 0.390625 0.581250 0.340625 0.581250
7 0.604688 0.512500 0.668750 0.512500 0.668750 0.616667 0.604688 0.616667
9 0.151562 0.508333 0.276562 0.508333 0.276562 0.675000 0.151562 0.675000
7 0.018750 0.566667 0.146875 0.566667 0.146875 0.700000 0.018750 0.700000
4 0.287500 0.635417 0.367188 0.635417 0.367188 0.745833 0.287500 0.745833
8 0.821875 0.547917 1.000000 0.547917 1.000000 0.872917 0.821875 0.872917
4 0.554688 0.654167 0.656250 0.654167 0.656250 0.810417 0.554688 0.810417
7 0.770312 0.712500 1.000000 0.712500 1.000000 1.000000 0.770312 1.000000
4 0.204687 0.829167 0.348437 0.829167 0.348437 1.000000 0.204687 1.000000