9 0.337500 0.341667 0.368750 0.341667 0.368750 0.387500 0.337500 0.387500
9 0.309375 0.362500 0.353125 0.362500 0.353125 0.431250 0.309375 0.431250
4 0.412500 0.391667 0.434375 0.391667 0.434375 0.418750 0.412500 0.418750
4 0.279687 0.389583 0.312500 0.389583 0.312500 0.427083 0.279687 0.427083
4 0.392188 0.395833 0.415625 0.395833 0.415625 0.425000 0.392188 0.425000
7 0.343750 0.387500 0.381250 0.387500 0.381250 0.437500 0.343750 0.437500
4 0.381250 0.414583 0.412500 0.414583 0.412500 0.450000 0.381250 0.450000
9 0.317188 0.410417 0.365625 0.410417 0.365625 0.489583 0.317188 0.489583
4 0.381250 0.429167 0.417187 0.429167 0.417187 0.475000 0.381250 0.475000
7 0.245312 0.414583 0.306250 0.414583 0.306250 0.502083 0.245312 0.502083
7 0.557813 0.418750 0.612500 0.418750 0.612500 0.512500 0.557813 0.512500
4 0.370312 0.452083 0.410938 0.452083 0.410938 0.497917 0.370312 0.497917
4 0.289062 0.464583 0.335938 0.464583 0.335938 0.531250 0.289062 0.531250
4 0.342188 0.491667 0.395313 0.491667 0.395313 0.560417 0.342188 0.560417
4 0.185938 0.495833 0.245313 0.495833 0.245313 0.566667 0.185938 0.566667
4 0.243750 0.527083 0.304688 0.527083 0.304688 0.606250 0.243750 0.606250
4 0.620313 0.547917 0.695312 0.547917 0.695312 0.643750 0.620313 0.643750
4 0.025000 0.556250 0.107813 0.556250 0.107813 0.647917 0.025000 0.647917
4 0.128125 0.639583 0.234375 0.639583 0.234375 0.768750 0.128125 0.768750
4 0.706250 0.706250 0.853125 0.706250 0.853125 0.883333 0.706250 0.883333
4 0.171875 0.779167 0.323437 0.779167 0.323437 1.000000 0.171875 1.000000
4 0.640625 0.829167 0.804688 0.829167 0.804688 1.000000 0.640625 1.000000