4 0.471875 0.368750 0.492188 0.368750 0.492188 0.406250 0.471875 0.406250
8 0.262500 0.389583 0.325000 0.389583 0.325000 0.470833 0.262500 0.470833
4 0.395312 0.410417 0.421875 0.410417 0.421875 0.454167 0.395312 0.454167
4 0.484375 0.404167 0.521875 0.404167 0.521875 0.472917 0.484375 0.472917
4 0.335938 0.425000 0.378125 0.425000 0.378125 0.460417 0.335938 0.460417
4 0.368750 0.447917 0.410938 0.447917 0.410938 0.485417 0.368750 0.485417
4 0.318750 0.445833 0.353125 0.445833 0.353125 0.497917 0.318750 0.497917
4 0.362500 0.464583 0.404688 0.464583 0.404688 0.525000 0.362500 0.525000
9 0.171875 0.456250 0.314063 0.456250 0.314063 0.643750 0.171875 0.643750
4 0.348438 0.514583 0.403125 0.514583 0.403125 0.589583 0.348438 0.589583
7 0.692188 0.500000 0.790625 0.500000 0.790625 0.641667 0.692188 0.641667
9 0.048438 0.481250 0.203125 0.481250 0.203125 0.672917 0.048438 0.672917
9 0.615625 0.495833 0.709375 0.495833 0.709375 0.670833 0.615625 0.670833
4 0.320312 0.558333 0.390625 0.558333 0.390625 0.629167 0.320312 0.629167
4 0.284375 0.602083 0.370312 0.602083 0.370312 0.722917 0.284375 0.722917
8 0.000000 0.525000 0.256250 0.525000 0.256250 0.891667 0.000000 0.891667
4 0.239063 0.689583 0.346875 0.689583 0.346875 0.825000 0.239063 0.825000
4 0.195312 0.827083 0.329688 0.827083 0.329688 1.000000 0.195312 1.000000