9 0.256250 0.383333 0.320312 0.383333 0.320312 0.479167 0.256250 0.479167
4 0.490625 0.416667 0.523438 0.416667 0.523438 0.460417 0.490625 0.460417
4 0.378125 0.422917 0.404688 0.422917 0.404688 0.460417 0.378125 0.460417
4 0.325000 0.439583 0.357813 0.439583 0.357813 0.481250 0.325000 0.481250
4 0.221875 0.441667 0.257812 0.441667 0.257812 0.483333 0.221875 0.483333
4 0.370312 0.462500 0.410938 0.462500 0.410938 0.510417 0.370312 0.510417
9 0.281250 0.437500 0.353125 0.437500 0.353125 0.537500 0.281250 0.537500
4 0.165625 0.468750 0.218750 0.468750 0.218750 0.520833 0.165625 0.520833
4 0.503125 0.472917 0.546875 0.472917 0.546875 0.535417 0.503125 0.535417
4 0.342188 0.504167 0.395313 0.504167 0.395313 0.570833 0.342188 0.570833
4 0.143750 0.510417 0.207813 0.510417 0.207813 0.591667 0.143750 0.591667
4 0.681250 0.522917 0.743750 0.522917 0.743750 0.591667 0.681250 0.591667
4 0.200000 0.554167 0.271875 0.554167 0.271875 0.650000 0.200000 0.650000
4 0.643750 0.593750 0.737500 0.593750 0.737500 0.712500 0.643750 0.712500
7 0.001563 0.570833 0.145313 0.570833 0.145313 0.743750 0.001563 0.743750
4 0.240625 0.614583 0.337500 0.614583 0.337500 0.716667 0.240625 0.716667
4 0.545312 0.620833 0.623437 0.620833 0.623437 0.752083 0.545312 0.752083