8 0.529688 0.379167 0.585938 0.379167 0.585938 0.483333 0.529688 0.483333
7 0.584375 0.393750 0.637500 0.393750 0.637500 0.487500 0.584375 0.487500
4 0.275000 0.420833 0.303125 0.420833 0.303125 0.462500 0.275000 0.462500
4 0.326562 0.435417 0.357812 0.435417 0.357812 0.477083 0.326562 0.477083
4 0.487500 0.435417 0.518750 0.435417 0.518750 0.477083 0.487500 0.477083
8 0.204687 0.420833 0.282813 0.420833 0.282813 0.541667 0.204687 0.541667
4 0.301562 0.458333 0.343750 0.458333 0.343750 0.514583 0.301562 0.514583
4 0.506250 0.470833 0.553125 0.470833 0.553125 0.543750 0.506250 0.543750
4 0.351562 0.481250 0.396875 0.481250 0.396875 0.545833 0.351562 0.545833
4 0.267187 0.506250 0.317188 0.506250 0.317188 0.566667 0.267187 0.566667
8 0.064062 0.464583 0.223437 0.464583 0.223437 0.641667 0.064062 0.641667
4 0.340625 0.539583 0.396875 0.539583 0.396875 0.618750 0.340625 0.618750
4 0.225000 0.545833 0.292187 0.545833 0.292187 0.637500 0.225000 0.637500
4 0.289062 0.620833 0.367188 0.620833 0.367188 0.714583 0.289062 0.714583
4 0.542188 0.606250 0.620313 0.606250 0.620313 0.729167 0.542188 0.729167
4 0.185938 0.793750 0.340625 0.793750 0.340625 0.987500 0.185938 0.987500