8 0.337500 0.370833 0.384375 0.370833 0.384375 0.437500 0.337500 0.437500
9 0.518750 0.381250 0.556250 0.381250 0.556250 0.439583 0.518750 0.439583
9 0.281250 0.387500 0.320312 0.387500 0.320312 0.452083 0.281250 0.452083
9 0.315625 0.414583 0.360937 0.414583 0.360937 0.487500 0.315625 0.487500
8 0.189063 0.395833 0.281250 0.395833 0.281250 0.522917 0.189063 0.522917
4 0.384375 0.441667 0.412500 0.441667 0.412500 0.481250 0.384375 0.481250
4 0.364062 0.481250 0.406250 0.481250 0.406250 0.533333 0.364062 0.533333
4 0.328125 0.539583 0.385938 0.539583 0.385938 0.597917 0.328125 0.597917
11 0.020313 0.468750 0.231250 0.468750 0.231250 0.708333 0.020313 0.708333
4 0.303125 0.585417 0.375000 0.585417 0.375000 0.677083 0.303125 0.677083
8 0.081250 0.516667 0.260937 0.516667 0.260937 0.806250 0.081250 0.806250
6 0.279688 0.656250 0.370312 0.656250 0.370312 0.777083 0.279688 0.777083
4 0.235937 0.762500 0.350000 0.762500 0.350000 0.908333 0.235937 0.908333