7 0.321875 0.383333 0.348438 0.383333 0.348438 0.420833 0.321875 0.420833
7 0.284375 0.412500 0.320312 0.412500 0.320312 0.458333 0.284375 0.458333
4 0.337500 0.418750 0.367188 0.418750 0.367188 0.454167 0.337500 0.454167
6 0.387500 0.431250 0.417187 0.431250 0.417187 0.470833 0.387500 0.470833
4 0.312500 0.454167 0.337500 0.454167 0.337500 0.475000 0.312500 0.475000
9 0.623438 0.420833 0.695312 0.420833 0.695312 0.533333 0.623438 0.533333
4 0.371875 0.462500 0.409375 0.462500 0.409375 0.510417 0.371875 0.510417
4 0.307813 0.468750 0.343750 0.468750 0.343750 0.510417 0.307813 0.510417
9 0.176563 0.458333 0.246875 0.458333 0.246875 0.560417 0.176563 0.560417
9 0.221875 0.491667 0.304688 0.491667 0.304688 0.608333 0.221875 0.608333
4 0.348437 0.529167 0.398438 0.529167 0.398438 0.589583 0.348437 0.589583
7 0.096875 0.512500 0.182812 0.512500 0.182812 0.635417 0.096875 0.635417
7 0.001563 0.666667 0.184375 0.666667 0.184375 0.900000 0.001563 0.900000
4 0.235937 0.781250 0.348438 0.781250 0.348438 0.931250 0.235937 0.931250