7 0.271875 0.400000 0.315625 0.400000 0.315625 0.452083 0.271875 0.452083
7 0.317188 0.414583 0.357813 0.414583 0.357813 0.477083 0.317188 0.477083
7 0.614063 0.414583 0.662500 0.414583 0.662500 0.493750 0.614063 0.493750
9 0.228125 0.418750 0.284375 0.418750 0.284375 0.520833 0.228125 0.520833
4 0.481250 0.443750 0.523438 0.443750 0.523438 0.500000 0.481250 0.500000
8 0.542188 0.425000 0.617188 0.425000 0.617188 0.522917 0.542188 0.522917
9 0.273438 0.454167 0.332812 0.454167 0.332812 0.543750 0.273438 0.543750
4 0.365625 0.477083 0.406250 0.477083 0.406250 0.535417 0.365625 0.535417
4 0.668750 0.506250 0.721875 0.506250 0.721875 0.575000 0.668750 0.575000
4 0.331250 0.545833 0.396875 0.545833 0.396875 0.622917 0.331250 0.622917
8 0.021875 0.497917 0.185938 0.497917 0.185938 0.687500 0.021875 0.687500
4 0.535937 0.568750 0.604688 0.568750 0.604688 0.668750 0.535937 0.668750
4 0.215625 0.595833 0.285938 0.595833 0.285938 0.675000 0.215625 0.675000
4 0.245312 0.733333 0.356250 0.733333 0.356250 0.877083 0.245312 0.877083