8 0.331250 0.360417 0.385937 0.360417 0.385937 0.447917 0.331250 0.447917
4 0.484375 0.420833 0.518750 0.420833 0.518750 0.462500 0.484375 0.462500
9 0.542188 0.410417 0.596875 0.410417 0.596875 0.487500 0.542188 0.487500
9 0.289062 0.416667 0.353125 0.416667 0.353125 0.493750 0.289062 0.493750
4 0.371875 0.456250 0.406250 0.456250 0.406250 0.493750 0.371875 0.493750
4 0.362500 0.487500 0.404688 0.487500 0.404688 0.529167 0.362500 0.529167
4 0.493750 0.485417 0.540625 0.485417 0.540625 0.552083 0.493750 0.552083
7 0.164062 0.466667 0.242188 0.466667 0.242188 0.579167 0.164062 0.579167
0 0.192187 0.464583 0.314062 0.464583 0.314062 0.637500 0.192187 0.637500
4 0.340625 0.520833 0.395313 0.520833 0.395313 0.585417 0.340625 0.585417
9 0.054688 0.529167 0.164062 0.529167 0.164062 0.643750 0.054688 0.643750
4 0.534375 0.587500 0.604688 0.587500 0.604688 0.691667 0.534375 0.691667
4 0.298438 0.600000 0.368750 0.600000 0.368750 0.683333 0.298438 0.683333
4 0.245312 0.695833 0.348438 0.695833 0.348438 0.837500 0.245312 0.837500
9 0.853125 0.654167 1.000000 0.654167 1.000000 0.883333 0.853125 0.883333
9 0.000000 0.645833 0.209375 0.645833 0.209375 1.000000 0.000000 1.000000