9 0.337500 0.341667 0.368750 0.341667 0.368750 0.387500 0.337500 0.387500
9 0.309375 0.362500 0.353125 0.362500 0.353125 0.431250 0.309375 0.431250
4 0.412500 0.391667 0.434375 0.391667 0.434375 0.418750 0.412500 0.418750
4 0.285938 0.387500 0.318750 0.387500 0.318750 0.425000 0.285938 0.425000
4 0.392188 0.395833 0.415625 0.395833 0.415625 0.425000 0.392188 0.425000
7 0.343750 0.387500 0.381250 0.387500 0.381250 0.437500 0.343750 0.437500
4 0.381250 0.414583 0.412500 0.414583 0.412500 0.450000 0.381250 0.450000
9 0.317188 0.410417 0.365625 0.410417 0.365625 0.489583 0.317188 0.489583
4 0.381250 0.429167 0.417187 0.429167 0.417187 0.475000 0.381250 0.475000
7 0.245312 0.414583 0.306250 0.414583 0.306250 0.502083 0.245312 0.502083
4 0.370312 0.452083 0.410938 0.452083 0.410938 0.497917 0.370312 0.497917
4 0.285938 0.460417 0.332813 0.460417 0.332813 0.527083 0.285938 0.527083
7 0.576562 0.435417 0.659375 0.435417 0.659375 0.577083 0.576562 0.577083
4 0.203125 0.485417 0.253125 0.485417 0.253125 0.550000 0.203125 0.550000
4 0.343750 0.483333 0.396875 0.483333 0.396875 0.552083 0.343750 0.552083
4 0.090625 0.518750 0.162500 0.518750 0.162500 0.583333 0.090625 0.583333
4 0.243750 0.518750 0.304688 0.518750 0.304688 0.597917 0.243750 0.597917
4 0.150000 0.595833 0.256250 0.595833 0.256250 0.725000 0.150000 0.725000
4 0.678125 0.645833 0.809375 0.645833 0.809375 0.802083 0.678125 0.802083
4 0.206250 0.700000 0.345312 0.700000 0.345312 0.904167 0.206250 0.904167