9 0.310937 0.370833 0.345313 0.370833 0.345313 0.429167 0.310937 0.429167
9 0.343750 0.385417 0.381250 0.385417 0.381250 0.439583 0.343750 0.439583
8 0.245312 0.375000 0.315625 0.375000 0.315625 0.475000 0.245312 0.475000
4 0.392188 0.418750 0.420312 0.418750 0.420312 0.458333 0.392188 0.458333
4 0.378125 0.454167 0.415625 0.454167 0.415625 0.495833 0.378125 0.495833
11 0.143750 0.422917 0.259375 0.422917 0.259375 0.593750 0.143750 0.593750
8 0.225000 0.441667 0.317188 0.441667 0.317188 0.606250 0.225000 0.606250
4 0.342188 0.510417 0.393750 0.510417 0.393750 0.564583 0.342188 0.564583
4 0.071875 0.539583 0.137500 0.539583 0.137500 0.602083 0.071875 0.602083
4 0.317188 0.554167 0.381250 0.554167 0.381250 0.635417 0.317188 0.635417
7 0.000000 0.604167 0.126562 0.604167 0.126562 0.777083 0.000000 0.777083
6 0.285938 0.643750 0.373438 0.643750 0.373438 0.768750 0.285938 0.768750
4 0.075000 0.727083 0.200000 0.727083 0.200000 0.860417 0.075000 0.860417
4 0.237500 0.762500 0.351562 0.762500 0.351562 0.908333 0.237500 0.908333
9 0.765625 0.702083 1.000000 0.702083 1.000000 0.997917 0.765625 0.997917