8 0.482812 0.331250 0.507812 0.331250 0.507812 0.377083 0.482812 0.377083
9 0.328125 0.352083 0.362500 0.352083 0.362500 0.408333 0.328125 0.408333
4 0.468750 0.372917 0.485938 0.372917 0.485938 0.391667 0.468750 0.391667
7 0.351562 0.383333 0.381250 0.383333 0.381250 0.427083 0.351562 0.427083
4 0.387500 0.397917 0.412500 0.397917 0.412500 0.416667 0.387500 0.416667
7 0.292187 0.387500 0.334375 0.387500 0.334375 0.447917 0.292187 0.447917
4 0.276562 0.406250 0.301563 0.406250 0.301563 0.431250 0.276562 0.431250
4 0.384375 0.414583 0.412500 0.414583 0.412500 0.443750 0.384375 0.443750
9 0.329688 0.406250 0.365625 0.406250 0.365625 0.468750 0.329688 0.468750
4 0.387500 0.433333 0.418750 0.433333 0.418750 0.466667 0.387500 0.466667
4 0.264062 0.437500 0.298438 0.437500 0.298438 0.477083 0.264062 0.477083
4 0.310938 0.441667 0.348438 0.441667 0.348438 0.493750 0.310938 0.493750
4 0.375000 0.447917 0.409375 0.447917 0.409375 0.489583 0.375000 0.489583
4 0.254688 0.466667 0.292187 0.466667 0.292187 0.508333 0.254688 0.508333
4 0.359375 0.468750 0.396875 0.468750 0.396875 0.520833 0.359375 0.520833
4 0.260937 0.506250 0.310938 0.506250 0.310938 0.572917 0.260937 0.572917
4 0.340625 0.500000 0.395313 0.500000 0.395313 0.579167 0.340625 0.579167
8 0.078125 0.462500 0.221875 0.462500 0.221875 0.620833 0.078125 0.620833
4 0.601562 0.516667 0.664062 0.516667 0.664062 0.585417 0.601562 0.585417
4 0.203125 0.585417 0.278125 0.585417 0.278125 0.672917 0.203125 0.672917
8 0.000000 0.585417 0.084375 0.585417 0.084375 0.806250 0.000000 0.806250
4 0.251563 0.727083 0.357812 0.727083 0.357812 0.866667 0.251563 0.866667
4 0.001562 0.804167 0.146875 0.804167 0.146875 0.995833 0.001562 0.995833