8 0.493750 0.345833 0.518750 0.345833 0.518750 0.391667 0.493750 0.391667
9 0.334375 0.350000 0.365625 0.350000 0.365625 0.397917 0.334375 0.397917
7 0.351562 0.383333 0.381250 0.383333 0.381250 0.427083 0.351562 0.427083
4 0.387500 0.397917 0.412500 0.397917 0.412500 0.416667 0.387500 0.416667
4 0.476562 0.395833 0.496875 0.395833 0.496875 0.418750 0.476562 0.418750
7 0.304688 0.391667 0.337500 0.391667 0.337500 0.435417 0.304688 0.435417
4 0.384375 0.414583 0.412500 0.414583 0.412500 0.443750 0.384375 0.443750
4 0.295312 0.414583 0.321875 0.414583 0.321875 0.447917 0.295312 0.447917
9 0.331250 0.404167 0.367188 0.404167 0.367188 0.466667 0.331250 0.466667
4 0.234375 0.433333 0.268750 0.433333 0.268750 0.466667 0.234375 0.466667
4 0.387500 0.433333 0.418750 0.433333 0.418750 0.466667 0.387500 0.466667
4 0.310938 0.441667 0.348438 0.441667 0.348438 0.493750 0.310938 0.493750
4 0.375000 0.447917 0.409375 0.447917 0.409375 0.489583 0.375000 0.489583
4 0.254687 0.458333 0.289062 0.458333 0.289062 0.500000 0.254687 0.500000
4 0.359375 0.468750 0.396875 0.468750 0.396875 0.520833 0.359375 0.520833
4 0.275000 0.489583 0.323437 0.489583 0.323437 0.545833 0.275000 0.545833
8 0.115625 0.450000 0.235937 0.450000 0.235937 0.591667 0.115625 0.591667
4 0.342188 0.497917 0.395313 0.497917 0.395313 0.570833 0.342188 0.570833
4 0.228125 0.556250 0.290625 0.556250 0.290625 0.633333 0.228125 0.633333
8 0.000000 0.545833 0.137500 0.545833 0.137500 0.783333 0.000000 0.783333
4 0.293750 0.643750 0.376562 0.643750 0.376562 0.752083 0.293750 0.752083
4 0.106250 0.687500 0.214062 0.687500 0.214062 0.831250 0.106250 0.831250
4 0.162500 0.862500 0.300000 0.862500 0.300000 1.000000 0.162500 1.000000
4 0.842188 0.883333 1.000000 0.883333 1.000000 1.000000 0.842188 1.000000