9 0.265625 0.379167 0.326562 0.379167 0.326562 0.466667 0.265625 0.466667
4 0.378125 0.422917 0.404688 0.422917 0.404688 0.460417 0.378125 0.460417
4 0.334375 0.429167 0.367188 0.429167 0.367188 0.470833 0.334375 0.470833
4 0.232813 0.435417 0.268750 0.435417 0.268750 0.477083 0.232813 0.477083
4 0.501563 0.443750 0.534375 0.443750 0.534375 0.491667 0.501563 0.491667
4 0.378125 0.452083 0.415625 0.452083 0.415625 0.495833 0.378125 0.495833
4 0.179688 0.458333 0.228125 0.458333 0.228125 0.508333 0.179688 0.508333
9 0.281250 0.437500 0.353125 0.437500 0.353125 0.537500 0.281250 0.537500
4 0.348437 0.495833 0.398438 0.495833 0.398438 0.558333 0.348437 0.558333
4 0.159375 0.506250 0.217188 0.506250 0.217188 0.583333 0.159375 0.583333
4 0.517188 0.520833 0.573437 0.520833 0.573437 0.604167 0.517188 0.604167
4 0.214062 0.537500 0.285938 0.537500 0.285938 0.633333 0.214062 0.633333
7 0.037500 0.545833 0.164062 0.545833 0.164062 0.697917 0.037500 0.697917
4 0.276562 0.579167 0.362500 0.579167 0.362500 0.672917 0.276562 0.672917
4 0.754687 0.595833 0.846875 0.595833 0.846875 0.700000 0.754687 0.700000
4 0.737500 0.752083 0.890625 0.752083 0.890625 0.925000 0.737500 0.925000
4 0.012500 0.793750 0.159375 0.793750 0.159375 0.964583 0.012500 0.964583
4 0.592187 0.808333 0.729687 0.808333 0.729687 1.000000 0.592187 1.000000