0 0.323437 0.385417 0.381250 0.385417 0.381250 0.462500 0.323437 0.462500
7 0.284375 0.395833 0.329687 0.395833 0.329687 0.462500 0.284375 0.462500
4 0.498437 0.429167 0.532813 0.429167 0.532813 0.485417 0.498437 0.485417
4 0.368750 0.450000 0.407813 0.450000 0.407813 0.493750 0.368750 0.493750
8 0.262500 0.416667 0.348438 0.416667 0.348438 0.531250 0.262500 0.531250
9 0.204688 0.427083 0.265625 0.427083 0.265625 0.525000 0.204688 0.525000
4 0.362500 0.481250 0.404688 0.481250 0.404688 0.522917 0.362500 0.522917
4 0.348437 0.510417 0.398438 0.510417 0.398438 0.570833 0.348437 0.570833
9 0.201563 0.508333 0.300000 0.508333 0.300000 0.641667 0.201563 0.641667
8 0.000000 0.468750 0.185938 0.468750 0.185938 0.702083 0.000000 0.702083
4 0.320312 0.554167 0.384375 0.554167 0.384375 0.618750 0.320312 0.618750
4 0.520313 0.552083 0.592187 0.552083 0.592187 0.662500 0.520313 0.662500
4 0.293750 0.597917 0.368750 0.597917 0.368750 0.697917 0.293750 0.697917
4 0.673438 0.602083 0.768750 0.602083 0.768750 0.754167 0.673438 0.754167
6 0.285938 0.654167 0.371875 0.654167 0.371875 0.781250 0.285938 0.781250
4 0.234375 0.764583 0.346875 0.764583 0.346875 0.914583 0.234375 0.914583