7 0.504687 0.333333 0.528125 0.333333 0.528125 0.364583 0.504687 0.364583
7 0.489063 0.347917 0.509375 0.347917 0.509375 0.377083 0.489063 0.377083
4 0.465625 0.354167 0.479687 0.354167 0.479687 0.372917 0.465625 0.372917
7 0.379688 0.358333 0.403125 0.358333 0.403125 0.391667 0.379688 0.391667
8 0.529687 0.354167 0.557812 0.354167 0.557812 0.400000 0.529687 0.400000
4 0.496875 0.372917 0.510938 0.372917 0.510938 0.400000 0.496875 0.400000
4 0.476562 0.387500 0.496875 0.387500 0.496875 0.414583 0.476562 0.414583
4 0.360937 0.402083 0.379688 0.402083 0.379688 0.422917 0.360937 0.422917
4 0.396875 0.397917 0.420312 0.397917 0.420312 0.433333 0.396875 0.433333
4 0.489063 0.412500 0.514062 0.412500 0.514062 0.452083 0.489063 0.452083
9 0.293750 0.400000 0.362500 0.400000 0.362500 0.512500 0.293750 0.512500
4 0.385937 0.441667 0.415625 0.441667 0.415625 0.477083 0.385937 0.477083
7 0.237500 0.433333 0.279688 0.433333 0.279688 0.495833 0.237500 0.495833
4 0.370313 0.472917 0.406250 0.472917 0.406250 0.512500 0.370313 0.512500
4 0.495313 0.468750 0.539062 0.468750 0.539062 0.535417 0.495313 0.535417
7 0.601562 0.485417 0.692187 0.485417 0.692187 0.633333 0.601562 0.633333
8 0.100000 0.475000 0.279687 0.475000 0.279687 0.743750 0.100000 0.743750
4 0.304688 0.575000 0.378125 0.575000 0.378125 0.675000 0.304688 0.675000
7 0.000000 0.618750 0.076563 0.618750 0.076563 0.735417 0.000000 0.735417
4 0.246875 0.677083 0.343750 0.677083 0.343750 0.802083 0.246875 0.802083
9 0.695312 0.572917 0.907812 0.572917 0.907812 0.952083 0.695312 0.952083
9 0.000000 0.731250 0.112500 0.731250 0.112500 1.000000 0.000000 1.000000
4 0.198438 0.829167 0.320312 0.829167 0.320312 0.991667 0.198438 0.991667