9 0.337500 0.341667 0.368750 0.341667 0.368750 0.387500 0.337500 0.387500
9 0.309375 0.362500 0.353125 0.362500 0.353125 0.431250 0.309375 0.431250
4 0.300000 0.383333 0.323437 0.383333 0.323437 0.416667 0.300000 0.416667
4 0.412500 0.391667 0.434375 0.391667 0.434375 0.418750 0.412500 0.418750
7 0.346875 0.381250 0.384375 0.381250 0.384375 0.431250 0.346875 0.431250
4 0.392188 0.395833 0.415625 0.395833 0.415625 0.425000 0.392188 0.425000
4 0.381250 0.414583 0.412500 0.414583 0.412500 0.450000 0.381250 0.450000
7 0.256250 0.393750 0.317188 0.393750 0.317188 0.481250 0.256250 0.481250
9 0.317188 0.410417 0.365625 0.410417 0.365625 0.489583 0.317188 0.489583
4 0.381250 0.429167 0.417187 0.429167 0.417187 0.475000 0.381250 0.475000
4 0.370312 0.452083 0.410938 0.452083 0.410938 0.497917 0.370312 0.497917
4 0.290625 0.456250 0.337500 0.456250 0.337500 0.522917 0.290625 0.522917
4 0.346875 0.475000 0.400000 0.475000 0.400000 0.543750 0.346875 0.543750
4 0.210938 0.479167 0.260937 0.479167 0.260937 0.543750 0.210938 0.543750
4 0.134375 0.489583 0.192187 0.489583 0.192187 0.554167 0.134375 0.554167
4 0.248438 0.512500 0.309375 0.512500 0.309375 0.591667 0.248438 0.591667
7 0.610937 0.477083 0.710938 0.477083 0.710938 0.643750 0.610937 0.643750
4 0.164062 0.579167 0.270313 0.579167 0.270313 0.708333 0.164062 0.708333
8 0.000000 0.566667 0.089063 0.566667 0.089063 0.843750 0.000000 0.843750
4 0.229688 0.679167 0.350000 0.679167 0.350000 0.847917 0.229688 0.847917
4 0.765625 0.789583 0.953125 0.789583 0.953125 0.997917 0.765625 0.997917
4 0.000000 0.864583 0.120313 0.864583 0.120313 1.000000 0.000000 1.000000