9 0.256250 0.383333 0.320312 0.383333 0.320312 0.479167 0.256250 0.479167
4 0.378125 0.422917 0.404688 0.422917 0.404688 0.460417 0.378125 0.460417
4 0.495312 0.431250 0.528125 0.431250 0.528125 0.475000 0.495312 0.475000
4 0.329687 0.433333 0.362500 0.433333 0.362500 0.475000 0.329687 0.475000
4 0.221875 0.441667 0.257812 0.441667 0.257812 0.483333 0.221875 0.483333
4 0.370312 0.462500 0.410938 0.462500 0.410938 0.510417 0.370312 0.510417
9 0.281250 0.437500 0.353125 0.437500 0.353125 0.537500 0.281250 0.537500
4 0.165625 0.468750 0.218750 0.468750 0.218750 0.520833 0.165625 0.520833
4 0.506250 0.483333 0.551563 0.483333 0.551563 0.552083 0.506250 0.552083
4 0.342188 0.504167 0.395313 0.504167 0.395313 0.570833 0.342188 0.570833
4 0.153125 0.512500 0.210938 0.512500 0.210938 0.589583 0.153125 0.589583
4 0.703125 0.541667 0.770312 0.541667 0.770312 0.622917 0.703125 0.622917
4 0.206250 0.547917 0.278125 0.547917 0.278125 0.643750 0.206250 0.643750
7 0.009375 0.562500 0.146875 0.562500 0.146875 0.727083 0.009375 0.727083
4 0.256250 0.602083 0.353125 0.602083 0.353125 0.704167 0.256250 0.704167
4 0.665625 0.637500 0.775000 0.637500 0.775000 0.768750 0.665625 0.768750
4 0.556250 0.662500 0.653125 0.662500 0.653125 0.827083 0.556250 0.827083
4 0.000000 0.833333 0.132812 0.833333 0.132812 1.000000 0.000000 1.000000