8 0.235937 0.404167 0.301563 0.404167 0.301563 0.495833 0.235937 0.495833
4 0.310938 0.454167 0.346875 0.454167 0.346875 0.502083 0.310938 0.502083
8 0.139062 0.441667 0.254688 0.441667 0.254688 0.562500 0.139062 0.562500
4 0.351562 0.481250 0.396875 0.481250 0.396875 0.543750 0.351562 0.543750
4 0.278125 0.487500 0.321875 0.487500 0.321875 0.539583 0.278125 0.539583
4 0.346875 0.522917 0.398438 0.522917 0.398438 0.593750 0.346875 0.593750
4 0.243750 0.520833 0.304688 0.520833 0.304688 0.604167 0.243750 0.604167
4 0.310937 0.575000 0.373437 0.575000 0.373437 0.658333 0.310937 0.658333
9 0.010937 0.529167 0.245312 0.529167 0.245312 0.829167 0.010937 0.829167
8 0.646875 0.502083 0.896875 0.502083 0.896875 0.906250 0.646875 0.906250
4 0.260938 0.650000 0.359375 0.650000 0.359375 0.783333 0.260938 0.783333
4 0.184375 0.793750 0.328125 0.793750 0.328125 0.972917 0.184375 0.972917