8 0.557813 0.372917 0.601562 0.372917 0.601562 0.439583 0.557813 0.439583
4 0.478125 0.387500 0.500000 0.387500 0.500000 0.427083 0.478125 0.427083
9 0.304688 0.383333 0.368750 0.383333 0.368750 0.477083 0.304688 0.477083
4 0.393750 0.425000 0.418750 0.425000 0.418750 0.456250 0.393750 0.456250
4 0.520312 0.437500 0.554688 0.437500 0.554688 0.489583 0.520312 0.489583
4 0.376562 0.454167 0.410938 0.454167 0.410938 0.493750 0.376562 0.493750
4 0.498437 0.466667 0.537500 0.466667 0.537500 0.535417 0.498437 0.535417
8 0.171875 0.447917 0.314063 0.447917 0.314063 0.654167 0.171875 0.654167
4 0.323438 0.531250 0.390625 0.531250 0.390625 0.618750 0.323438 0.618750
7 0.026563 0.550000 0.162500 0.550000 0.162500 0.706250 0.026563 0.706250
4 0.285938 0.610417 0.365625 0.610417 0.365625 0.710417 0.285938 0.710417
4 0.557813 0.616667 0.645312 0.616667 0.645312 0.750000 0.557813 0.750000
9 0.000000 0.656250 0.179688 0.656250 0.179688 0.970833 0.000000 0.970833
4 0.203125 0.814583 0.335938 0.814583 0.335938 0.983333 0.203125 0.983333