8 0.235937 0.404167 0.301563 0.404167 0.301563 0.495833 0.235937 0.495833
4 0.310938 0.454167 0.346875 0.454167 0.346875 0.502083 0.310938 0.502083
8 0.139062 0.441667 0.254688 0.441667 0.254688 0.562500 0.139062 0.562500
4 0.351562 0.481250 0.396875 0.481250 0.396875 0.543750 0.351562 0.543750
4 0.278125 0.487500 0.321875 0.487500 0.321875 0.539583 0.278125 0.539583
4 0.346875 0.522917 0.398438 0.522917 0.398438 0.593750 0.346875 0.593750
4 0.243750 0.520833 0.304688 0.520833 0.304688 0.604167 0.243750 0.604167
4 0.310937 0.575000 0.373437 0.575000 0.373437 0.658333 0.310937 0.658333
9 0.037500 0.518750 0.259375 0.518750 0.259375 0.806250 0.037500 0.806250
4 0.268750 0.643750 0.367188 0.643750 0.367188 0.777083 0.268750 0.777083
8 0.695312 0.554167 1.000000 0.554167 1.000000 1.000000 0.695312 1.000000
4 0.196875 0.768750 0.340625 0.768750 0.340625 0.947917 0.196875 0.947917