8 0.332813 0.366667 0.385937 0.366667 0.385937 0.452083 0.332813 0.452083
4 0.484375 0.418750 0.512500 0.418750 0.512500 0.454167 0.484375 0.454167
1 0.532813 0.397917 0.587500 0.397917 0.587500 0.475000 0.532813 0.475000
9 0.289062 0.416667 0.353125 0.416667 0.353125 0.493750 0.289062 0.493750
4 0.371875 0.456250 0.406250 0.456250 0.406250 0.493750 0.371875 0.493750
4 0.492188 0.472917 0.535937 0.472917 0.535937 0.529167 0.492188 0.529167
4 0.362500 0.487500 0.404688 0.487500 0.404688 0.529167 0.362500 0.529167
7 0.164062 0.466667 0.242188 0.466667 0.242188 0.579167 0.164062 0.579167
0 0.192187 0.464583 0.314062 0.464583 0.314062 0.637500 0.192187 0.637500
4 0.340625 0.520833 0.395313 0.520833 0.395313 0.585417 0.340625 0.585417
9 0.046875 0.533333 0.156250 0.533333 0.156250 0.647917 0.046875 0.647917
4 0.526563 0.556250 0.585938 0.556250 0.585938 0.650000 0.526563 0.650000
4 0.298438 0.600000 0.368750 0.600000 0.368750 0.683333 0.298438 0.683333
9 0.812500 0.616667 0.962500 0.616667 0.962500 0.804167 0.812500 0.804167
4 0.245312 0.695833 0.348438 0.695833 0.348438 0.837500 0.245312 0.837500
9 0.003125 0.647917 0.195312 0.647917 0.195312 1.000000 0.003125 1.000000