8 0.293750 0.370833 0.332813 0.370833 0.332813 0.443750 0.293750 0.443750
7 0.567187 0.383333 0.609375 0.383333 0.609375 0.456250 0.567187 0.456250
9 0.532813 0.391667 0.573437 0.391667 0.573437 0.475000 0.532813 0.475000
4 0.378125 0.412500 0.406250 0.412500 0.406250 0.466667 0.378125 0.466667
8 0.253125 0.404167 0.312500 0.404167 0.312500 0.487500 0.253125 0.487500
4 0.317188 0.427083 0.371875 0.427083 0.371875 0.475000 0.317188 0.475000
4 0.298437 0.447917 0.348438 0.447917 0.348438 0.510417 0.298437 0.510417
4 0.353125 0.475000 0.407813 0.475000 0.407813 0.535417 0.353125 0.535417
9 0.135937 0.454167 0.214062 0.454167 0.214062 0.570833 0.135937 0.570833
9 0.160938 0.458333 0.295312 0.458333 0.295312 0.647917 0.160938 0.647917
4 0.342187 0.520833 0.398438 0.520833 0.398438 0.602083 0.342187 0.602083
4 0.317188 0.562500 0.376562 0.562500 0.376562 0.633333 0.317188 0.633333
4 0.523438 0.579167 0.603125 0.579167 0.603125 0.700000 0.523438 0.700000
4 0.290625 0.606250 0.371875 0.606250 0.371875 0.700000 0.290625 0.700000
4 0.232812 0.681250 0.343750 0.681250 0.343750 0.822917 0.232812 0.822917
8 0.000000 0.558333 0.215625 0.558333 0.215625 1.000000 0.000000 1.000000
4 0.200000 0.829167 0.335938 0.829167 0.335938 0.995833 0.200000 0.995833