10 0.534375 0.416667 0.568750 0.416667 0.568750 0.462500 0.534375 0.462500
10 0.250000 0.435417 0.298438 0.435417 0.298438 0.495833 0.250000 0.495833
4 0.306250 0.454167 0.346875 0.454167 0.346875 0.493750 0.306250 0.493750
4 0.375000 0.466667 0.415625 0.466667 0.415625 0.516667 0.375000 0.516667
4 0.293750 0.483333 0.335938 0.483333 0.335938 0.522917 0.293750 0.522917
4 0.189062 0.504167 0.229688 0.504167 0.229688 0.550000 0.189062 0.550000
4 0.506250 0.495833 0.560937 0.495833 0.560937 0.558333 0.506250 0.558333
4 0.284375 0.497917 0.325000 0.497917 0.325000 0.564583 0.284375 0.564583
4 0.353125 0.504167 0.401562 0.504167 0.401562 0.560417 0.353125 0.560417
10 0.200000 0.500000 0.292187 0.500000 0.292187 0.625000 0.200000 0.625000
4 0.348437 0.541667 0.398438 0.541667 0.398438 0.597917 0.348437 0.597917
9 0.018750 0.491667 0.171875 0.491667 0.171875 0.662500 0.018750 0.662500
10 0.643750 0.529167 0.737500 0.529167 0.737500 0.695833 0.643750 0.695833
4 0.348438 0.570833 0.415625 0.570833 0.415625 0.656250 0.348438 0.656250
4 0.525000 0.564583 0.596875 0.564583 0.596875 0.672917 0.525000 0.672917
10 0.137500 0.560417 0.254688 0.560417 0.254688 0.720833 0.137500 0.720833
9 0.000000 0.589583 0.070312 0.589583 0.070312 0.777083 0.000000 0.777083
4 0.267188 0.639583 0.357812 0.639583 0.357812 0.743750 0.267188 0.743750
4 0.243750 0.745833 0.343750 0.745833 0.343750 0.870833 0.243750 0.870833
9 0.000000 0.658333 0.182812 0.658333 0.182812 1.000000 0.000000 1.000000