9 0.248437 0.389583 0.312500 0.389583 0.312500 0.485417 0.248437 0.485417
4 0.375000 0.427083 0.409375 0.427083 0.409375 0.470833 0.375000 0.470833
4 0.593750 0.435417 0.626562 0.435417 0.626562 0.472917 0.593750 0.472917
4 0.209375 0.439583 0.254688 0.439583 0.254688 0.479167 0.209375 0.479167
4 0.325000 0.439583 0.357813 0.439583 0.357813 0.481250 0.325000 0.481250
4 0.556250 0.460417 0.606250 0.460417 0.606250 0.525000 0.556250 0.525000
4 0.200000 0.472917 0.240625 0.472917 0.240625 0.518750 0.200000 0.518750
4 0.500000 0.475000 0.537500 0.475000 0.537500 0.531250 0.500000 0.531250
9 0.262500 0.452083 0.339062 0.452083 0.339062 0.562500 0.262500 0.562500
4 0.360938 0.483333 0.407813 0.483333 0.407813 0.537500 0.360938 0.537500
4 0.095312 0.512500 0.160937 0.512500 0.160937 0.585417 0.095312 0.585417
4 0.315625 0.547917 0.378125 0.547917 0.378125 0.629167 0.315625 0.629167
4 0.098438 0.550000 0.171875 0.550000 0.171875 0.643750 0.098438 0.643750
4 0.514062 0.547917 0.581250 0.547917 0.581250 0.660417 0.514062 0.660417
7 0.634375 0.541667 0.735938 0.541667 0.735938 0.710417 0.634375 0.710417
4 0.165625 0.593750 0.250000 0.593750 0.250000 0.697917 0.165625 0.697917
4 0.526563 0.687500 0.621875 0.687500 0.621875 0.822917 0.526563 0.822917
4 0.103125 0.720833 0.257812 0.720833 0.257812 0.860417 0.103125 0.860417
4 0.853125 0.741667 0.995312 0.741667 0.995312 0.941667 0.853125 0.941667