9 0.515625 0.366667 0.556250 0.366667 0.556250 0.441667 0.515625 0.441667
8 0.267188 0.370833 0.329688 0.370833 0.329688 0.454167 0.267188 0.454167
4 0.395313 0.404167 0.423437 0.404167 0.423437 0.443750 0.395313 0.443750
4 0.482813 0.429167 0.510938 0.429167 0.510938 0.464583 0.482813 0.464583
4 0.387500 0.433333 0.420313 0.433333 0.420313 0.475000 0.387500 0.475000
11 0.201562 0.400000 0.281250 0.400000 0.281250 0.535417 0.201562 0.535417
8 0.268750 0.412500 0.346875 0.412500 0.346875 0.522917 0.268750 0.522917
7 0.617188 0.458333 0.675000 0.458333 0.675000 0.520833 0.617188 0.520833
4 0.359375 0.472917 0.406250 0.472917 0.406250 0.527083 0.359375 0.527083
4 0.331250 0.533333 0.395313 0.533333 0.395313 0.614583 0.331250 0.614583
4 0.225000 0.547917 0.296875 0.547917 0.296875 0.620833 0.225000 0.620833
7 0.104687 0.527083 0.206250 0.527083 0.206250 0.656250 0.104687 0.656250
6 0.300000 0.612500 0.379688 0.612500 0.379688 0.722917 0.300000 0.722917
4 0.250000 0.737500 0.356250 0.737500 0.356250 0.883333 0.250000 0.883333