8 0.557812 0.364583 0.603125 0.364583 0.603125 0.445833 0.557812 0.445833
4 0.478125 0.393750 0.500000 0.393750 0.500000 0.429167 0.478125 0.429167
9 0.307813 0.387500 0.367188 0.387500 0.367188 0.481250 0.307813 0.481250
4 0.375000 0.450000 0.412500 0.450000 0.412500 0.493750 0.375000 0.493750
4 0.520312 0.450000 0.559375 0.450000 0.559375 0.502083 0.520312 0.502083
4 0.500000 0.483333 0.548437 0.483333 0.548437 0.558333 0.500000 0.558333
8 0.176563 0.443750 0.318750 0.443750 0.318750 0.645833 0.176563 0.645833
4 0.323437 0.531250 0.389063 0.531250 0.389063 0.618750 0.323437 0.618750
7 0.032812 0.550000 0.162500 0.550000 0.162500 0.683333 0.032812 0.683333
4 0.290625 0.602083 0.367188 0.602083 0.367188 0.702083 0.290625 0.702083
4 0.575000 0.677083 0.673438 0.677083 0.673438 0.831250 0.575000 0.831250
9 0.000000 0.643750 0.189062 0.643750 0.189062 0.954167 0.000000 0.954167
4 0.203125 0.810417 0.331250 0.810417 0.331250 0.979167 0.203125 0.979167