9 0.337500 0.372917 0.381250 0.372917 0.381250 0.437500 0.337500 0.437500
4 0.385937 0.427083 0.415625 0.427083 0.415625 0.458333 0.385937 0.458333
8 0.292188 0.395833 0.359375 0.395833 0.359375 0.508333 0.292188 0.508333
4 0.485938 0.435417 0.525000 0.435417 0.525000 0.491667 0.485938 0.491667
4 0.371875 0.452083 0.414062 0.452083 0.414062 0.508333 0.371875 0.508333
7 0.189063 0.456250 0.260937 0.456250 0.260937 0.554167 0.189063 0.554167
4 0.356250 0.483333 0.403125 0.483333 0.403125 0.539583 0.356250 0.539583
9 0.223437 0.477083 0.312500 0.477083 0.312500 0.589583 0.223437 0.589583
8 0.679688 0.468750 0.800000 0.468750 0.800000 0.620833 0.679688 0.620833
7 0.106250 0.518750 0.196875 0.518750 0.196875 0.622917 0.106250 0.622917
4 0.515625 0.522917 0.573438 0.522917 0.573438 0.620833 0.515625 0.620833
4 0.323437 0.558333 0.381250 0.558333 0.381250 0.639583 0.323437 0.639583
7 0.000000 0.595833 0.096875 0.595833 0.096875 0.689583 0.000000 0.689583
4 0.276562 0.668750 0.373438 0.668750 0.373438 0.785417 0.276562 0.785417
0 0.000000 0.631250 0.196875 0.631250 0.196875 1.000000 0.000000 1.000000