4 0.535937 0.406250 0.567187 0.406250 0.567187 0.441667 0.535937 0.441667
4 0.298438 0.414583 0.328125 0.414583 0.328125 0.454167 0.298438 0.454167
4 0.334375 0.418750 0.365625 0.418750 0.365625 0.460417 0.334375 0.460417
4 0.484375 0.420833 0.512500 0.420833 0.512500 0.460417 0.484375 0.460417
4 0.379687 0.427083 0.414062 0.427083 0.414062 0.470833 0.379687 0.470833
7 0.260937 0.431250 0.307812 0.431250 0.307812 0.483333 0.260937 0.483333
7 0.545312 0.429167 0.589062 0.429167 0.589062 0.495833 0.545312 0.495833
4 0.310938 0.450000 0.348438 0.450000 0.348438 0.489583 0.310938 0.489583
4 0.378125 0.464583 0.418750 0.464583 0.418750 0.504167 0.378125 0.504167
4 0.295313 0.479167 0.339062 0.479167 0.339062 0.522917 0.295313 0.522917
4 0.200000 0.491667 0.240625 0.491667 0.240625 0.537500 0.200000 0.537500
4 0.354687 0.497917 0.403125 0.497917 0.403125 0.550000 0.354687 0.550000
4 0.284375 0.497917 0.325000 0.497917 0.325000 0.564583 0.284375 0.564583
4 0.350000 0.539583 0.395313 0.539583 0.395313 0.589583 0.350000 0.589583
7 0.198437 0.506250 0.290625 0.506250 0.290625 0.631250 0.198437 0.631250
9 0.029687 0.483333 0.182812 0.483333 0.182812 0.654167 0.029687 0.654167
4 0.351562 0.570833 0.415625 0.570833 0.415625 0.656250 0.351562 0.656250
4 0.534375 0.572917 0.600000 0.572917 0.600000 0.660417 0.534375 0.660417
7 0.137500 0.560417 0.254688 0.560417 0.254688 0.720833 0.137500 0.720833
9 0.000000 0.589583 0.070312 0.589583 0.070312 0.777083 0.000000 0.777083
4 0.267188 0.639583 0.357812 0.639583 0.357812 0.743750 0.267188 0.743750
4 0.243750 0.745833 0.343750 0.745833 0.343750 0.870833 0.243750 0.870833
4 0.565625 0.720833 0.679688 0.720833 0.679688 0.925000 0.565625 0.925000
9 0.000000 0.658333 0.182812 0.658333 0.182812 1.000000 0.000000 1.000000
7 0.785937 0.708333 0.989062 0.708333 0.989062 1.000000 0.785937 1.000000
4 0.153125 0.883333 0.303125 0.883333 0.303125 1.000000 0.153125 1.000000