7 0.278125 0.400000 0.314062 0.400000 0.314062 0.454167 0.278125 0.454167
7 0.317188 0.410417 0.364063 0.410417 0.364063 0.468750 0.317188 0.468750
9 0.231250 0.425000 0.282812 0.425000 0.282812 0.510417 0.231250 0.510417
7 0.629688 0.427083 0.685937 0.427083 0.685937 0.522917 0.629688 0.522917
8 0.542187 0.427083 0.623437 0.427083 0.623437 0.531250 0.542187 0.531250
9 0.281250 0.454167 0.335938 0.454167 0.335938 0.537500 0.281250 0.537500
4 0.368750 0.479167 0.407813 0.479167 0.407813 0.529167 0.368750 0.529167
4 0.490625 0.468750 0.537500 0.468750 0.537500 0.539583 0.490625 0.539583
4 0.690625 0.533333 0.757812 0.533333 0.757812 0.612500 0.690625 0.612500
4 0.335938 0.535417 0.396875 0.535417 0.396875 0.612500 0.335938 0.612500
8 0.040625 0.481250 0.193750 0.481250 0.193750 0.666667 0.040625 0.666667
4 0.231250 0.581250 0.296875 0.581250 0.296875 0.647917 0.231250 0.647917
4 0.556250 0.652083 0.670312 0.652083 0.670312 0.800000 0.556250 0.800000
4 0.256250 0.704167 0.368750 0.704167 0.368750 0.841667 0.256250 0.841667
11 0.001563 0.750000 0.129688 0.750000 0.129688 1.000000 0.001563 1.000000