4 0.343750 0.368750 0.373437 0.368750 0.373437 0.404167 0.343750 0.404167
4 0.467188 0.381250 0.503125 0.381250 0.503125 0.416667 0.467188 0.416667
7 0.543750 0.379167 0.573438 0.379167 0.573438 0.420833 0.543750 0.420833
4 0.360938 0.393750 0.392188 0.393750 0.392188 0.420833 0.360938 0.420833
4 0.512500 0.387500 0.540625 0.387500 0.540625 0.429167 0.512500 0.429167
4 0.390625 0.406250 0.420312 0.406250 0.420312 0.439583 0.390625 0.439583
4 0.346875 0.412500 0.371875 0.412500 0.371875 0.454167 0.346875 0.454167
4 0.479687 0.412500 0.520312 0.412500 0.520312 0.462500 0.479687 0.462500
4 0.532813 0.412500 0.568750 0.412500 0.568750 0.462500 0.532813 0.462500
4 0.395313 0.431250 0.425000 0.431250 0.425000 0.468750 0.395313 0.468750
4 0.585938 0.412500 0.650000 0.412500 0.650000 0.487500 0.585938 0.487500
7 0.306250 0.408333 0.362500 0.408333 0.362500 0.497917 0.306250 0.497917
9 0.221875 0.406250 0.284375 0.406250 0.284375 0.518750 0.221875 0.518750
4 0.546875 0.458333 0.610937 0.458333 0.610937 0.522917 0.546875 0.522917
7 0.275000 0.456250 0.334375 0.456250 0.334375 0.535417 0.275000 0.535417
4 0.339062 0.475000 0.409375 0.475000 0.409375 0.535417 0.339062 0.535417
4 0.495313 0.487500 0.570312 0.487500 0.570312 0.597917 0.495313 0.597917
9 0.089062 0.454167 0.229687 0.454167 0.229687 0.637500 0.089062 0.637500
4 0.334375 0.527083 0.401562 0.527083 0.401562 0.602083 0.334375 0.602083
4 0.000000 0.591667 0.087500 0.591667 0.087500 0.687500 0.000000 0.687500
4 0.029688 0.616667 0.123438 0.616667 0.123438 0.737500 0.029688 0.737500
4 0.270313 0.629167 0.353125 0.629167 0.353125 0.758333 0.270313 0.758333
9 0.050000 0.585417 0.246875 0.585417 0.246875 0.862500 0.050000 0.862500
4 0.785938 0.677083 0.920312 0.677083 0.920312 0.839583 0.785938 0.839583
4 0.595313 0.766667 0.743750 0.766667 0.743750 1.000000 0.595313 1.000000
4 0.000000 0.881250 0.092188 0.881250 0.092188 1.000000 0.000000 1.000000