8 0.565625 0.377083 0.617188 0.377083 0.617188 0.460417 0.565625 0.460417
4 0.481250 0.397917 0.507812 0.397917 0.507812 0.441667 0.481250 0.441667
9 0.309375 0.385417 0.368750 0.385417 0.368750 0.477083 0.309375 0.477083
4 0.378125 0.450000 0.409375 0.450000 0.409375 0.485417 0.378125 0.485417
4 0.531250 0.479167 0.573438 0.479167 0.573438 0.535417 0.531250 0.535417
8 0.184375 0.441667 0.320312 0.441667 0.320312 0.633333 0.184375 0.633333
4 0.328125 0.525000 0.390625 0.525000 0.390625 0.612500 0.328125 0.612500
4 0.514062 0.522917 0.568750 0.522917 0.568750 0.620833 0.514062 0.620833
7 0.039062 0.541667 0.175000 0.541667 0.175000 0.685417 0.039062 0.685417
4 0.296875 0.591667 0.371875 0.591667 0.371875 0.687500 0.296875 0.687500
9 0.000000 0.627083 0.200000 0.627083 0.200000 0.912500 0.000000 0.912500
4 0.209375 0.800000 0.334375 0.800000 0.334375 0.964583 0.209375 0.964583