0 0.501563 0.354167 0.520313 0.354167 0.520313 0.395833 0.501563 0.395833
4 0.534375 0.377083 0.554688 0.377083 0.554688 0.404167 0.534375 0.404167
4 0.510937 0.387500 0.532813 0.387500 0.532813 0.418750 0.510937 0.418750
4 0.553125 0.385417 0.578125 0.385417 0.578125 0.420833 0.553125 0.420833
4 0.479687 0.395833 0.498438 0.395833 0.498438 0.422917 0.479687 0.422917
4 0.409375 0.404167 0.426563 0.404167 0.426563 0.439583 0.409375 0.439583
4 0.576562 0.406250 0.604687 0.406250 0.604687 0.441667 0.576562 0.441667
4 0.523438 0.420833 0.545313 0.420833 0.545313 0.450000 0.523438 0.450000
9 0.250000 0.389583 0.314063 0.389583 0.314063 0.483333 0.250000 0.483333
7 0.325000 0.404167 0.365625 0.404167 0.365625 0.468750 0.325000 0.468750
4 0.373437 0.431250 0.406250 0.431250 0.406250 0.468750 0.373437 0.468750
4 0.554688 0.441667 0.579687 0.441667 0.579687 0.479167 0.554688 0.479167
7 0.301563 0.422917 0.345312 0.422917 0.345312 0.504167 0.301563 0.504167
4 0.490625 0.447917 0.517188 0.447917 0.517188 0.483333 0.490625 0.483333
9 0.170313 0.422917 0.268750 0.422917 0.268750 0.562500 0.170313 0.562500
4 0.371875 0.472917 0.406250 0.472917 0.406250 0.518750 0.371875 0.518750
7 0.637500 0.458333 0.690625 0.458333 0.690625 0.533333 0.637500 0.533333
4 0.329687 0.518750 0.379688 0.518750 0.379688 0.602083 0.329687 0.602083
4 0.510937 0.522917 0.568750 0.522917 0.568750 0.600000 0.510937 0.600000
4 0.057813 0.520833 0.143750 0.520833 0.143750 0.627083 0.057813 0.627083
4 0.692188 0.539583 0.759375 0.539583 0.759375 0.618750 0.692188 0.618750
4 0.634375 0.562500 0.693750 0.562500 0.693750 0.662500 0.634375 0.662500
9 0.145313 0.516667 0.285938 0.516667 0.285938 0.716667 0.145313 0.716667
4 0.025000 0.672917 0.114063 0.672917 0.114063 0.802083 0.025000 0.802083
4 0.265625 0.693750 0.360938 0.693750 0.360938 0.822917 0.265625 0.822917
4 0.853125 0.825000 1.000000 0.825000 1.000000 1.000000 0.853125 1.000000