9 0.229688 0.395833 0.303125 0.395833 0.303125 0.504167 0.229688 0.504167
7 0.543750 0.414583 0.581250 0.414583 0.581250 0.489583 0.543750 0.489583
4 0.370312 0.439583 0.404688 0.439583 0.404688 0.483333 0.370312 0.483333
4 0.320312 0.447917 0.353125 0.447917 0.353125 0.489583 0.320312 0.489583
4 0.484375 0.456250 0.523438 0.456250 0.523438 0.510417 0.484375 0.510417
4 0.143750 0.485417 0.195312 0.485417 0.195312 0.543750 0.143750 0.543750
9 0.245313 0.464583 0.328125 0.464583 0.328125 0.585417 0.245313 0.585417
4 0.171875 0.512500 0.225000 0.512500 0.225000 0.568750 0.171875 0.568750
4 0.353125 0.522917 0.400000 0.522917 0.400000 0.577083 0.353125 0.577083
0 0.576562 0.447917 0.707813 0.447917 0.707813 0.652083 0.576562 0.652083
4 0.757812 0.577083 0.876562 0.577083 0.876562 0.702083 0.757812 0.702083
4 0.015625 0.614583 0.110937 0.614583 0.110937 0.731250 0.015625 0.731250
4 0.285938 0.622917 0.360937 0.622917 0.360937 0.727083 0.285938 0.727083
4 0.101562 0.664583 0.206250 0.664583 0.206250 0.793750 0.101562 0.793750