4 0.476562 0.402083 0.503125 0.402083 0.503125 0.435417 0.476562 0.435417
4 0.559375 0.402083 0.595313 0.402083 0.595313 0.447917 0.559375 0.447917
4 0.315625 0.445833 0.351562 0.445833 0.351562 0.489583 0.315625 0.489583
4 0.295313 0.477083 0.332813 0.477083 0.332813 0.520833 0.295313 0.520833
4 0.353125 0.479167 0.398438 0.479167 0.398438 0.533333 0.353125 0.533333
4 0.510938 0.472917 0.557813 0.472917 0.557813 0.541667 0.510938 0.541667
4 0.267188 0.506250 0.312500 0.506250 0.312500 0.575000 0.267188 0.575000
4 0.353125 0.522917 0.393750 0.522917 0.393750 0.583333 0.353125 0.583333
9 0.123437 0.479167 0.285938 0.479167 0.285938 0.700000 0.123437 0.700000
4 0.321875 0.568750 0.376563 0.568750 0.376563 0.627083 0.321875 0.627083
9 0.000000 0.506250 0.167187 0.506250 0.167187 0.708333 0.000000 0.708333
4 0.289062 0.602083 0.370313 0.602083 0.370313 0.714583 0.289062 0.714583
4 0.242188 0.691667 0.345313 0.691667 0.345313 0.825000 0.242188 0.825000
4 0.571875 0.743750 0.696875 0.743750 0.696875 0.983333 0.571875 0.983333