4 0.465625 0.362500 0.493750 0.362500 0.493750 0.393750 0.465625 0.393750
4 0.476562 0.393750 0.512500 0.393750 0.512500 0.429167 0.476562 0.429167
8 0.259375 0.395833 0.323437 0.395833 0.323437 0.468750 0.259375 0.468750
4 0.371875 0.412500 0.426563 0.412500 0.426563 0.456250 0.371875 0.456250
4 0.332812 0.416667 0.375000 0.416667 0.375000 0.468750 0.332812 0.468750
9 0.181250 0.437500 0.245312 0.437500 0.245312 0.497917 0.181250 0.497917
4 0.304688 0.454167 0.350000 0.454167 0.350000 0.508333 0.304688 0.508333
4 0.348438 0.472917 0.415625 0.472917 0.415625 0.531250 0.348438 0.531250
7 0.645312 0.466667 0.698438 0.466667 0.698438 0.558333 0.645312 0.558333
9 0.579688 0.450000 0.646875 0.450000 0.646875 0.583333 0.579688 0.583333
9 0.170312 0.454167 0.320312 0.454167 0.320312 0.641667 0.170312 0.641667
9 0.014063 0.479167 0.162500 0.479167 0.162500 0.625000 0.014063 0.625000
4 0.337500 0.510417 0.410938 0.510417 0.410938 0.602083 0.337500 0.602083
4 0.304688 0.556250 0.384375 0.556250 0.384375 0.654167 0.304688 0.654167
4 0.276562 0.595833 0.378125 0.595833 0.378125 0.718750 0.276562 0.718750
8 0.000000 0.520833 0.248438 0.520833 0.248438 0.935417 0.000000 0.935417
4 0.226562 0.677083 0.367188 0.677083 0.367188 0.818750 0.226562 0.818750
4 0.193750 0.822917 0.335938 0.822917 0.335938 1.000000 0.193750 1.000000