7 0.339062 0.368750 0.365625 0.368750 0.365625 0.406250 0.339062 0.406250
4 0.362500 0.389583 0.389063 0.389583 0.389063 0.422917 0.362500 0.422917
8 0.515625 0.368750 0.560938 0.368750 0.560938 0.443750 0.515625 0.443750
4 0.403125 0.402083 0.426563 0.402083 0.426563 0.431250 0.403125 0.431250
9 0.279688 0.393750 0.323437 0.393750 0.323437 0.445833 0.279688 0.445833
9 0.334375 0.402083 0.373437 0.402083 0.373437 0.458333 0.334375 0.458333
4 0.484375 0.420833 0.517187 0.420833 0.517187 0.462500 0.484375 0.462500
4 0.587500 0.422917 0.625000 0.422917 0.625000 0.466667 0.587500 0.466667
4 0.389062 0.431250 0.421875 0.431250 0.421875 0.466667 0.389062 0.466667
7 0.231250 0.418750 0.282812 0.418750 0.282812 0.489583 0.231250 0.489583
7 0.285938 0.435417 0.339062 0.435417 0.339062 0.525000 0.285938 0.525000
9 0.187500 0.439583 0.253125 0.439583 0.253125 0.539583 0.187500 0.539583
4 0.506250 0.506250 0.560937 0.506250 0.560937 0.587500 0.506250 0.587500
4 0.346875 0.516667 0.400000 0.516667 0.400000 0.581250 0.346875 0.581250
9 0.221875 0.504167 0.301563 0.504167 0.301563 0.625000 0.221875 0.625000
4 0.304688 0.610417 0.387500 0.610417 0.387500 0.718750 0.304688 0.718750
8 0.000000 0.539583 0.112500 0.539583 0.112500 0.833333 0.000000 0.833333
4 0.128125 0.708333 0.234375 0.708333 0.234375 0.825000 0.128125 0.825000