9 0.334375 0.377083 0.379688 0.377083 0.379688 0.447917 0.334375 0.447917
8 0.575000 0.385417 0.626563 0.385417 0.626563 0.460417 0.575000 0.460417
4 0.384375 0.427083 0.414062 0.427083 0.414062 0.458333 0.384375 0.458333
8 0.268750 0.397917 0.348438 0.397917 0.348438 0.529167 0.268750 0.529167
4 0.500000 0.443750 0.532812 0.443750 0.532812 0.493750 0.500000 0.493750
4 0.362500 0.462500 0.406250 0.462500 0.406250 0.525000 0.362500 0.525000
7 0.151562 0.477083 0.237500 0.477083 0.237500 0.570833 0.151562 0.570833
4 0.343750 0.506250 0.393750 0.506250 0.393750 0.570833 0.343750 0.570833
9 0.165625 0.502083 0.278125 0.502083 0.278125 0.660417 0.165625 0.660417
7 0.031250 0.562500 0.148438 0.562500 0.148438 0.691667 0.031250 0.691667
7 0.640625 0.564583 0.723437 0.564583 0.723437 0.695833 0.640625 0.695833
4 0.287500 0.635417 0.367188 0.635417 0.367188 0.745833 0.287500 0.745833
8 0.904688 0.608333 1.000000 0.608333 1.000000 0.935417 0.904688 0.935417
4 0.214062 0.810417 0.346875 0.810417 0.346875 0.979167 0.214062 0.979167
4 0.600000 0.808333 0.754688 0.808333 0.754688 1.000000 0.600000 1.000000