9 0.256250 0.383333 0.320312 0.383333 0.320312 0.479167 0.256250 0.479167
4 0.235938 0.420833 0.273438 0.420833 0.273438 0.460417 0.235938 0.460417
4 0.378125 0.422917 0.404688 0.422917 0.404688 0.460417 0.378125 0.460417
4 0.325000 0.439583 0.357813 0.439583 0.357813 0.481250 0.325000 0.481250
4 0.215625 0.445833 0.253125 0.445833 0.253125 0.491667 0.215625 0.491667
4 0.370312 0.462500 0.410938 0.462500 0.410938 0.510417 0.370312 0.510417
4 0.498437 0.460417 0.537500 0.460417 0.537500 0.512500 0.498437 0.512500
9 0.271875 0.435417 0.348438 0.435417 0.348438 0.545833 0.271875 0.545833
4 0.157813 0.477083 0.210938 0.477083 0.210938 0.529167 0.157813 0.529167
4 0.665625 0.504167 0.720313 0.504167 0.720313 0.564583 0.665625 0.564583
4 0.335938 0.510417 0.389062 0.510417 0.389062 0.589583 0.335938 0.589583
4 0.140625 0.518750 0.204688 0.518750 0.204688 0.600000 0.140625 0.600000
4 0.200000 0.552083 0.271875 0.552083 0.271875 0.647917 0.200000 0.647917
4 0.623437 0.562500 0.704688 0.562500 0.704688 0.668750 0.623437 0.668750
4 0.529687 0.583333 0.603125 0.583333 0.603125 0.695833 0.529687 0.695833
7 0.000000 0.587500 0.123438 0.587500 0.123438 0.762500 0.000000 0.762500
4 0.225000 0.622917 0.331250 0.622917 0.331250 0.735417 0.225000 0.735417