8 0.350000 0.368750 0.389062 0.368750 0.389062 0.425000 0.350000 0.425000
9 0.290625 0.381250 0.329688 0.381250 0.329688 0.445833 0.290625 0.445833
9 0.326563 0.400000 0.371875 0.400000 0.371875 0.466667 0.326563 0.466667
8 0.214063 0.389583 0.287500 0.389583 0.287500 0.502083 0.214063 0.502083
4 0.384375 0.441667 0.412500 0.441667 0.412500 0.481250 0.384375 0.481250
9 0.556250 0.425000 0.620312 0.425000 0.620312 0.531250 0.556250 0.531250
4 0.373437 0.466667 0.415625 0.466667 0.415625 0.518750 0.373437 0.518750
11 0.082813 0.445833 0.254688 0.445833 0.254688 0.660417 0.082813 0.660417
4 0.332813 0.535417 0.384375 0.535417 0.384375 0.589583 0.332813 0.589583
8 0.162500 0.481250 0.285938 0.481250 0.285938 0.697917 0.162500 0.697917
4 0.306250 0.572917 0.378125 0.572917 0.378125 0.654167 0.306250 0.654167
6 0.279688 0.656250 0.370312 0.656250 0.370312 0.777083 0.279688 0.777083
4 0.235937 0.762500 0.350000 0.762500 0.350000 0.908333 0.235937 0.908333