4 0.365625 0.383333 0.395313 0.383333 0.395313 0.418750 0.365625 0.418750
7 0.325000 0.383333 0.356250 0.383333 0.356250 0.420833 0.325000 0.420833
6 0.401562 0.395833 0.431250 0.395833 0.431250 0.429167 0.401562 0.429167
4 0.351562 0.404167 0.378125 0.404167 0.378125 0.437500 0.351562 0.437500
4 0.475000 0.400000 0.501563 0.400000 0.501563 0.441667 0.475000 0.441667
4 0.395313 0.420833 0.418750 0.420833 0.418750 0.450000 0.395313 0.450000
9 0.251562 0.410417 0.300000 0.410417 0.300000 0.483333 0.251562 0.483333
9 0.315625 0.425000 0.360937 0.425000 0.360937 0.500000 0.315625 0.500000
4 0.381250 0.454167 0.415625 0.454167 0.415625 0.495833 0.381250 0.495833
7 0.201562 0.447917 0.257812 0.447917 0.257812 0.522917 0.201562 0.522917
7 0.245313 0.472917 0.310938 0.472917 0.310938 0.577083 0.245313 0.577083
9 0.142188 0.470833 0.221875 0.470833 0.221875 0.587500 0.142188 0.587500
4 0.323437 0.568750 0.389063 0.568750 0.389063 0.652083 0.323437 0.652083
4 0.537500 0.595833 0.620312 0.595833 0.620312 0.718750 0.537500 0.718750
9 0.131250 0.572917 0.246875 0.572917 0.246875 0.743750 0.131250 0.743750
7 0.789062 0.618750 0.928125 0.618750 0.928125 0.756250 0.789062 0.756250
4 0.265625 0.702083 0.371875 0.702083 0.371875 0.841667 0.265625 0.841667
7 0.723438 0.670833 0.892188 0.670833 0.892188 0.912500 0.723438 0.912500