8 0.539062 0.383333 0.609375 0.383333 0.609375 0.518750 0.539062 0.518750
8 0.214063 0.416667 0.287500 0.416667 0.287500 0.512500 0.214063 0.512500
7 0.618750 0.431250 0.675000 0.431250 0.675000 0.527083 0.618750 0.527083
4 0.301562 0.458333 0.343750 0.458333 0.343750 0.514583 0.301562 0.514583
4 0.495312 0.470833 0.532813 0.470833 0.532813 0.525000 0.495312 0.525000
4 0.351562 0.481250 0.396875 0.481250 0.396875 0.545833 0.351562 0.545833
8 0.093750 0.452083 0.231250 0.452083 0.231250 0.616667 0.093750 0.616667
4 0.267187 0.506250 0.317188 0.506250 0.317188 0.566667 0.267187 0.566667
4 0.340625 0.531250 0.393750 0.531250 0.393750 0.604167 0.340625 0.604167
4 0.545312 0.531250 0.604687 0.531250 0.604687 0.625000 0.545312 0.625000
4 0.225000 0.545833 0.292187 0.545833 0.292187 0.637500 0.225000 0.637500
4 0.295312 0.610417 0.367188 0.610417 0.367188 0.693750 0.295312 0.693750
4 0.212500 0.750000 0.342187 0.750000 0.342187 0.929167 0.212500 0.929167
4 0.601562 0.804167 0.739062 0.804167 0.739062 1.000000 0.601562 1.000000