4 0.496875 0.368750 0.518750 0.368750 0.518750 0.400000 0.496875 0.400000
4 0.471875 0.372917 0.490625 0.372917 0.490625 0.400000 0.471875 0.400000
4 0.535938 0.370833 0.560937 0.370833 0.560937 0.406250 0.535938 0.406250
4 0.504687 0.387500 0.526563 0.387500 0.526563 0.416667 0.504687 0.416667
4 0.554688 0.385417 0.582812 0.385417 0.582812 0.420833 0.554688 0.420833
4 0.528125 0.404167 0.553125 0.404167 0.553125 0.441667 0.528125 0.441667
4 0.407812 0.408333 0.425000 0.408333 0.425000 0.443750 0.407812 0.443750
4 0.475000 0.408333 0.501563 0.408333 0.501563 0.443750 0.475000 0.443750
9 0.250000 0.389583 0.301562 0.389583 0.301562 0.483333 0.250000 0.483333
7 0.325000 0.404167 0.365625 0.404167 0.365625 0.468750 0.325000 0.468750
7 0.596875 0.414583 0.634375 0.414583 0.634375 0.468750 0.596875 0.468750
4 0.373437 0.443750 0.406250 0.443750 0.406250 0.481250 0.373437 0.481250
7 0.301563 0.422917 0.345312 0.422917 0.345312 0.504167 0.301563 0.504167
4 0.571875 0.443750 0.617188 0.443750 0.617188 0.497917 0.571875 0.497917
4 0.495313 0.447917 0.526563 0.447917 0.526563 0.497917 0.495313 0.497917
9 0.146875 0.429167 0.260937 0.429167 0.260937 0.577083 0.146875 0.577083
4 0.571875 0.479167 0.614063 0.479167 0.614063 0.533333 0.571875 0.533333
4 0.365625 0.489583 0.400000 0.489583 0.400000 0.535417 0.365625 0.535417
4 0.321875 0.545833 0.371875 0.545833 0.371875 0.629167 0.321875 0.629167
4 0.657813 0.550000 0.731250 0.550000 0.731250 0.660417 0.657813 0.660417
4 0.009375 0.579167 0.095312 0.579167 0.095312 0.685417 0.009375 0.685417
9 0.115625 0.545833 0.278125 0.545833 0.278125 0.750000 0.115625 0.750000
4 0.550000 0.633333 0.637500 0.633333 0.637500 0.779167 0.550000 0.779167
4 0.957812 0.731250 1.000000 0.731250 1.000000 0.891667 0.957812 0.891667
4 0.001563 0.754167 0.090625 0.754167 0.090625 0.883333 0.001563 0.883333
4 0.253125 0.766667 0.329687 0.766667 0.329687 0.925000 0.253125 0.925000
4 0.867188 0.875000 0.989062 0.875000 0.989062 1.000000 0.867188 1.000000