7 0.239062 0.429167 0.290625 0.429167 0.290625 0.502083 0.239062 0.502083
0 0.279687 0.420833 0.359375 0.420833 0.359375 0.520833 0.279687 0.520833
4 0.368750 0.450000 0.407813 0.450000 0.407813 0.493750 0.368750 0.493750
9 0.179688 0.458333 0.245312 0.458333 0.245312 0.525000 0.179688 0.525000
4 0.362500 0.481250 0.404688 0.481250 0.404688 0.522917 0.362500 0.522917
4 0.345312 0.514583 0.395313 0.514583 0.395313 0.575000 0.345312 0.575000
8 0.156250 0.491667 0.295312 0.491667 0.295312 0.679167 0.156250 0.679167
9 0.071875 0.510417 0.167187 0.510417 0.167187 0.664583 0.071875 0.664583
4 0.318750 0.564583 0.382812 0.564583 0.382812 0.629167 0.318750 0.629167
0 0.557813 0.481250 0.729688 0.481250 0.729688 0.737500 0.557813 0.737500
4 0.293750 0.604167 0.368750 0.604167 0.368750 0.704167 0.293750 0.704167
6 0.262500 0.683333 0.365625 0.683333 0.365625 0.831250 0.262500 0.831250
4 0.590625 0.800000 0.754687 0.800000 0.754687 1.000000 0.590625 1.000000