8 0.284375 0.377083 0.340625 0.377083 0.340625 0.447917 0.284375 0.447917
9 0.225000 0.404167 0.289062 0.404167 0.289062 0.468750 0.225000 0.468750
4 0.320312 0.433333 0.362500 0.433333 0.362500 0.485417 0.320312 0.485417
4 0.365625 0.441667 0.406250 0.441667 0.406250 0.512500 0.365625 0.512500
9 0.129688 0.450000 0.240625 0.450000 0.240625 0.579167 0.129688 0.579167
4 0.498437 0.489583 0.556250 0.489583 0.556250 0.575000 0.498437 0.575000
9 0.189062 0.452083 0.318750 0.452083 0.318750 0.625000 0.189062 0.625000
4 0.346875 0.508333 0.404688 0.508333 0.404688 0.583333 0.346875 0.583333
4 0.320312 0.556250 0.381250 0.556250 0.381250 0.631250 0.320312 0.631250
4 0.284375 0.610417 0.387500 0.610417 0.387500 0.725000 0.284375 0.725000
8 0.032812 0.512500 0.267188 0.512500 0.267188 0.829167 0.032812 0.829167
4 0.231250 0.683333 0.357813 0.683333 0.357813 0.827083 0.231250 0.827083
9 0.000000 0.745833 0.103125 0.745833 0.103125 1.000000 0.000000 1.000000
4 0.585938 0.802083 0.735937 0.802083 0.735937 1.000000 0.585938 1.000000
4 0.195312 0.816667 0.340625 0.816667 0.340625 1.000000 0.195312 1.000000