4 0.484375 0.341667 0.495313 0.341667 0.495313 0.352083 0.484375 0.352083
7 0.501563 0.335417 0.521875 0.335417 0.521875 0.362500 0.501563 0.362500
4 0.464063 0.343750 0.476562 0.343750 0.476562 0.366667 0.464063 0.366667
4 0.484375 0.354167 0.500000 0.354167 0.500000 0.383333 0.484375 0.383333
8 0.517187 0.343750 0.546875 0.343750 0.546875 0.393750 0.517187 0.393750
4 0.471875 0.366667 0.482813 0.366667 0.482813 0.381250 0.471875 0.381250
4 0.478125 0.381250 0.501563 0.381250 0.501563 0.406250 0.478125 0.406250
4 0.354687 0.402083 0.376562 0.402083 0.376562 0.439583 0.354687 0.439583
4 0.392187 0.406250 0.418750 0.406250 0.418750 0.439583 0.392187 0.439583
4 0.476562 0.406250 0.506250 0.406250 0.506250 0.443750 0.476562 0.443750
9 0.279687 0.397917 0.353125 0.397917 0.353125 0.512500 0.279687 0.512500
4 0.548438 0.425000 0.592187 0.425000 0.592187 0.493750 0.548438 0.493750
4 0.371875 0.447917 0.415625 0.447917 0.415625 0.477083 0.371875 0.477083
7 0.220312 0.437500 0.276562 0.437500 0.276562 0.508333 0.220312 0.508333
4 0.362500 0.472917 0.414062 0.472917 0.414062 0.525000 0.362500 0.525000
9 0.589063 0.458333 0.664062 0.458333 0.664062 0.589583 0.589063 0.589583
4 0.525000 0.539583 0.587500 0.539583 0.587500 0.633333 0.525000 0.633333
4 0.298438 0.575000 0.368750 0.575000 0.368750 0.693750 0.298438 0.693750
8 0.067187 0.493750 0.275000 0.493750 0.275000 0.781250 0.067187 0.781250
4 0.245312 0.679167 0.345312 0.679167 0.345312 0.814583 0.245312 0.814583
9 0.004688 0.737500 0.125000 0.737500 0.125000 1.000000 0.004688 1.000000
4 0.201563 0.814583 0.314063 0.814583 0.314063 0.985417 0.201563 0.985417