4 0.390625 0.400000 0.423438 0.400000 0.423438 0.443750 0.390625 0.443750
8 0.320312 0.387500 0.376563 0.387500 0.376563 0.468750 0.320312 0.468750
9 0.259375 0.400000 0.307812 0.400000 0.307812 0.475000 0.259375 0.475000
9 0.284375 0.439583 0.339062 0.439583 0.339062 0.527083 0.284375 0.527083
8 0.148438 0.412500 0.262500 0.412500 0.262500 0.564583 0.148438 0.564583
4 0.367188 0.466667 0.409375 0.466667 0.409375 0.516667 0.367188 0.516667
4 0.354687 0.489583 0.404688 0.489583 0.404688 0.550000 0.354687 0.550000
4 0.320312 0.554167 0.378125 0.554167 0.378125 0.620833 0.320312 0.620833
11 0.000000 0.516667 0.184375 0.516667 0.184375 0.729167 0.000000 0.729167
4 0.293750 0.595833 0.368750 0.595833 0.368750 0.695833 0.293750 0.695833
6 0.281250 0.654167 0.367188 0.654167 0.367188 0.781250 0.281250 0.781250
4 0.237500 0.762500 0.350000 0.762500 0.350000 0.912500 0.237500 0.912500