8 0.331250 0.372917 0.382812 0.372917 0.382812 0.456250 0.331250 0.456250
11 0.275000 0.377083 0.335938 0.377083 0.335938 0.460417 0.275000 0.460417
4 0.381250 0.435417 0.415625 0.435417 0.415625 0.472917 0.381250 0.472917
4 0.206250 0.458333 0.232813 0.458333 0.232813 0.493750 0.206250 0.493750
4 0.315625 0.458333 0.356250 0.458333 0.356250 0.497917 0.315625 0.497917
7 0.226562 0.445833 0.281250 0.445833 0.281250 0.522917 0.226562 0.522917
7 0.614062 0.443750 0.671875 0.443750 0.671875 0.527083 0.614062 0.527083
4 0.367188 0.466667 0.407813 0.466667 0.407813 0.512500 0.367188 0.512500
6 0.343750 0.522917 0.400000 0.522917 0.400000 0.597917 0.343750 0.597917
7 0.140625 0.512500 0.220313 0.512500 0.220313 0.612500 0.140625 0.612500
4 0.210938 0.568750 0.281250 0.568750 0.281250 0.647917 0.210938 0.647917
4 0.306250 0.610417 0.381250 0.610417 0.381250 0.710417 0.306250 0.710417
4 0.529688 0.616667 0.609375 0.616667 0.609375 0.722917 0.529688 0.722917
4 0.078125 0.714583 0.184375 0.714583 0.184375 0.833333 0.078125 0.833333
4 0.196875 0.820833 0.328125 0.820833 0.328125 0.993750 0.196875 0.993750