0 0.323437 0.385417 0.381250 0.385417 0.381250 0.462500 0.323437 0.462500
7 0.284375 0.395833 0.329687 0.395833 0.329687 0.462500 0.284375 0.462500
4 0.487500 0.422917 0.515625 0.422917 0.515625 0.464583 0.487500 0.464583
4 0.376563 0.431250 0.415625 0.431250 0.415625 0.475000 0.376563 0.475000
8 0.275000 0.414583 0.356250 0.414583 0.356250 0.518750 0.275000 0.518750
9 0.217188 0.431250 0.278125 0.431250 0.278125 0.529167 0.217188 0.529167
4 0.368750 0.472917 0.410938 0.472917 0.410938 0.522917 0.368750 0.522917
4 0.509375 0.472917 0.556250 0.472917 0.556250 0.535417 0.509375 0.535417
4 0.348437 0.510417 0.398438 0.510417 0.398438 0.570833 0.348437 0.570833
9 0.217188 0.500000 0.307812 0.500000 0.307812 0.616667 0.217188 0.616667
8 0.026563 0.456250 0.204688 0.456250 0.204688 0.681250 0.026563 0.681250
4 0.320312 0.554167 0.384375 0.554167 0.384375 0.618750 0.320312 0.618750
4 0.293750 0.597917 0.368750 0.597917 0.368750 0.697917 0.293750 0.697917
6 0.285938 0.654167 0.371875 0.654167 0.371875 0.781250 0.285938 0.781250
4 0.570312 0.712500 0.696875 0.712500 0.696875 0.925000 0.570312 0.925000
4 0.234375 0.764583 0.346875 0.764583 0.346875 0.914583 0.234375 0.914583
4 0.807812 0.766667 0.970313 0.766667 0.970313 1.000000 0.807812 1.000000