9 0.339062 0.347917 0.370312 0.347917 0.370312 0.395833 0.339062 0.395833
8 0.495313 0.347917 0.523438 0.347917 0.523438 0.400000 0.495313 0.400000
4 0.467188 0.364583 0.481250 0.364583 0.481250 0.389583 0.467188 0.389583
4 0.470312 0.385417 0.489063 0.385417 0.489063 0.410417 0.470312 0.410417
7 0.312500 0.379167 0.345313 0.379167 0.345313 0.422917 0.312500 0.422917
7 0.350000 0.383333 0.379688 0.383333 0.379688 0.427083 0.350000 0.427083
4 0.387500 0.397917 0.412500 0.397917 0.412500 0.416667 0.387500 0.416667
4 0.479687 0.404167 0.503125 0.404167 0.503125 0.433333 0.479687 0.433333
4 0.384375 0.414583 0.412500 0.414583 0.412500 0.443750 0.384375 0.443750
4 0.295312 0.414583 0.321875 0.414583 0.321875 0.447917 0.295312 0.447917
9 0.331250 0.404167 0.367188 0.404167 0.367188 0.466667 0.331250 0.466667
4 0.251562 0.422917 0.284375 0.422917 0.284375 0.456250 0.251562 0.456250
4 0.387500 0.433333 0.418750 0.433333 0.418750 0.466667 0.387500 0.466667
4 0.315625 0.437500 0.353125 0.437500 0.353125 0.489583 0.315625 0.489583
4 0.257812 0.450000 0.289062 0.450000 0.289062 0.487500 0.257812 0.487500
4 0.375000 0.447917 0.409375 0.447917 0.409375 0.489583 0.375000 0.489583
4 0.359375 0.468750 0.396875 0.468750 0.396875 0.520833 0.359375 0.520833
8 0.140625 0.443750 0.245312 0.443750 0.245312 0.575000 0.140625 0.575000
4 0.279687 0.483333 0.326562 0.483333 0.326562 0.539583 0.279687 0.539583
4 0.348438 0.489583 0.395313 0.489583 0.395313 0.552083 0.348438 0.552083
4 0.232812 0.550000 0.295312 0.550000 0.295312 0.627083 0.232812 0.627083
8 0.000000 0.522917 0.150000 0.522917 0.150000 0.756250 0.000000 0.756250
4 0.303125 0.627083 0.379688 0.627083 0.379688 0.727083 0.303125 0.727083
4 0.128125 0.664583 0.226562 0.664583 0.226562 0.797917 0.128125 0.797917
4 0.187500 0.814583 0.312500 0.814583 0.312500 0.970833 0.187500 0.970833