0 0.506250 0.368750 0.535938 0.368750 0.535938 0.408333 0.506250 0.408333
4 0.550000 0.389583 0.567187 0.389583 0.567187 0.414583 0.550000 0.414583
7 0.339062 0.395833 0.371875 0.395833 0.371875 0.447917 0.339062 0.447917
4 0.576562 0.408333 0.604687 0.408333 0.604687 0.441667 0.576562 0.441667
4 0.525000 0.412500 0.550000 0.412500 0.550000 0.443750 0.525000 0.443750
9 0.265625 0.389583 0.314063 0.389583 0.314063 0.470833 0.265625 0.470833
4 0.482813 0.412500 0.510938 0.412500 0.510938 0.452083 0.482813 0.452083
4 0.384375 0.422917 0.410938 0.422917 0.410938 0.454167 0.384375 0.454167
4 0.603125 0.427083 0.640625 0.427083 0.640625 0.475000 0.603125 0.475000
7 0.314062 0.418750 0.356250 0.418750 0.356250 0.489583 0.314062 0.489583
4 0.542187 0.443750 0.576562 0.443750 0.576562 0.497917 0.542187 0.497917
4 0.375000 0.458333 0.407813 0.458333 0.407813 0.493750 0.375000 0.493750
9 0.184375 0.416667 0.276562 0.416667 0.276562 0.547917 0.184375 0.547917
4 0.585938 0.493750 0.637500 0.493750 0.637500 0.547917 0.585938 0.547917
4 0.262500 0.493750 0.307812 0.493750 0.307812 0.556250 0.262500 0.556250
4 0.345313 0.495833 0.390625 0.495833 0.390625 0.577083 0.345313 0.577083
4 0.512500 0.502083 0.545312 0.502083 0.545312 0.572917 0.512500 0.572917
4 0.114062 0.508333 0.165625 0.508333 0.165625 0.577083 0.114062 0.577083
7 0.690625 0.508333 0.767188 0.508333 0.767188 0.602083 0.690625 0.602083
9 0.164062 0.520833 0.298438 0.520833 0.298438 0.700000 0.164062 0.700000
4 0.048438 0.633333 0.120313 0.633333 0.120313 0.735417 0.048438 0.735417
4 0.301562 0.654167 0.359375 0.654167 0.359375 0.743750 0.301562 0.743750
4 0.556250 0.650000 0.639062 0.650000 0.639062 0.770833 0.556250 0.770833
4 0.876563 0.695833 0.982812 0.695833 0.982812 0.866667 0.876563 0.866667
4 0.751563 0.739583 0.871875 0.739583 0.871875 0.933333 0.751563 0.933333