8 0.275000 0.383333 0.328125 0.383333 0.328125 0.454167 0.275000 0.454167
8 0.215625 0.406250 0.295313 0.406250 0.295313 0.493750 0.215625 0.493750
4 0.609375 0.450000 0.656250 0.450000 0.656250 0.508333 0.609375 0.508333
4 0.489063 0.456250 0.532813 0.456250 0.532813 0.514583 0.489063 0.514583
4 0.295312 0.472917 0.329688 0.472917 0.329688 0.525000 0.295312 0.525000
4 0.354687 0.481250 0.396875 0.481250 0.396875 0.535417 0.354687 0.535417
4 0.353125 0.522917 0.395313 0.522917 0.395313 0.583333 0.353125 0.583333
9 0.051562 0.489583 0.182812 0.489583 0.182812 0.652083 0.051562 0.652083
9 0.140625 0.470833 0.290625 0.470833 0.290625 0.677083 0.140625 0.677083
4 0.321875 0.570833 0.375000 0.570833 0.375000 0.637500 0.321875 0.637500
4 0.285937 0.606250 0.375000 0.606250 0.375000 0.716667 0.285937 0.716667
4 0.575000 0.658333 0.675000 0.658333 0.675000 0.829167 0.575000 0.829167
4 0.239062 0.691667 0.345312 0.691667 0.345312 0.820833 0.239062 0.820833
4 0.160938 0.883333 0.323437 0.883333 0.323437 1.000000 0.160938 1.000000