8 0.601562 0.393750 0.656250 0.393750 0.656250 0.481250 0.601562 0.481250
4 0.479687 0.425000 0.517188 0.425000 0.517188 0.472917 0.479687 0.472917
9 0.304688 0.418750 0.360938 0.418750 0.360938 0.481250 0.304688 0.481250
0 0.542188 0.404167 0.614062 0.404167 0.614062 0.508333 0.542188 0.508333
4 0.368750 0.450000 0.407813 0.450000 0.407813 0.493750 0.368750 0.493750
7 0.184375 0.454167 0.248437 0.454167 0.248437 0.550000 0.184375 0.550000
4 0.362500 0.481250 0.404688 0.481250 0.404688 0.522917 0.362500 0.522917
4 0.509375 0.485417 0.554688 0.485417 0.554688 0.552083 0.509375 0.552083
0 0.221875 0.456250 0.328125 0.456250 0.328125 0.602083 0.221875 0.602083
4 0.345312 0.516667 0.395313 0.516667 0.395313 0.583333 0.345312 0.583333
9 0.601562 0.487500 0.695312 0.487500 0.695312 0.625000 0.601562 0.625000
9 0.087500 0.512500 0.189062 0.512500 0.189062 0.612500 0.087500 0.612500
4 0.303125 0.581250 0.373437 0.581250 0.373437 0.658333 0.303125 0.658333
4 0.268750 0.654167 0.356250 0.654167 0.356250 0.762500 0.268750 0.762500
4 0.542187 0.668750 0.639062 0.668750 0.639062 0.822917 0.542187 0.822917
8 0.000000 0.595833 0.235937 0.595833 0.235937 0.975000 0.000000 0.975000