9 0.237500 0.412500 0.292187 0.412500 0.292187 0.502083 0.237500 0.502083
9 0.285938 0.443750 0.339062 0.443750 0.339062 0.525000 0.285938 0.525000
7 0.648438 0.445833 0.714063 0.445833 0.714063 0.543750 0.648438 0.543750
4 0.368750 0.468750 0.414062 0.468750 0.414062 0.522917 0.368750 0.522917
8 0.553125 0.437500 0.640625 0.437500 0.640625 0.556250 0.553125 0.556250
4 0.501563 0.506250 0.557812 0.506250 0.557812 0.583333 0.501563 0.583333
8 0.060938 0.466667 0.212500 0.466667 0.212500 0.652083 0.060938 0.652083
4 0.340625 0.522917 0.404688 0.522917 0.404688 0.602083 0.340625 0.602083
4 0.240625 0.554167 0.304688 0.554167 0.304688 0.627083 0.240625 0.627083
4 0.737500 0.562500 0.809375 0.562500 0.809375 0.672917 0.737500 0.672917
4 0.268750 0.675000 0.368750 0.675000 0.368750 0.816667 0.268750 0.816667
11 0.003125 0.689583 0.160938 0.689583 0.160938 1.000000 0.003125 1.000000
4 0.604688 0.791667 0.770312 0.791667 0.770312 1.000000 0.604688 1.000000