4 0.464062 0.350000 0.479687 0.350000 0.479687 0.370833 0.464062 0.370833
4 0.487500 0.350000 0.503125 0.350000 0.503125 0.372917 0.487500 0.372917
9 0.307812 0.354167 0.357813 0.354167 0.357813 0.420833 0.307812 0.420833
4 0.410938 0.391667 0.435938 0.391667 0.435938 0.418750 0.410938 0.418750
7 0.353125 0.381250 0.384375 0.381250 0.384375 0.431250 0.353125 0.431250
4 0.478125 0.391667 0.504687 0.391667 0.504687 0.429167 0.478125 0.429167
9 0.275000 0.375000 0.332813 0.375000 0.332813 0.454167 0.275000 0.454167
4 0.390625 0.397917 0.418750 0.397917 0.418750 0.431250 0.390625 0.431250
7 0.335938 0.402083 0.371875 0.402083 0.371875 0.452083 0.335938 0.452083
4 0.381250 0.412500 0.409375 0.412500 0.409375 0.454167 0.381250 0.454167
4 0.248437 0.416667 0.281250 0.416667 0.281250 0.456250 0.248437 0.456250
4 0.332813 0.429167 0.364063 0.429167 0.364063 0.466667 0.332813 0.466667
4 0.379688 0.443750 0.415625 0.443750 0.415625 0.485417 0.379688 0.485417
4 0.200000 0.445833 0.245312 0.445833 0.245312 0.489583 0.200000 0.489583
9 0.293750 0.429167 0.351562 0.429167 0.351562 0.527083 0.293750 0.527083
4 0.504687 0.472917 0.554688 0.472917 0.554688 0.537500 0.504687 0.537500
4 0.356250 0.472917 0.407812 0.472917 0.407812 0.539583 0.356250 0.539583
4 0.178125 0.487500 0.231250 0.487500 0.231250 0.560417 0.178125 0.560417
4 0.228125 0.522917 0.295312 0.522917 0.295312 0.616667 0.228125 0.616667
4 0.304688 0.543750 0.378125 0.543750 0.378125 0.639583 0.304688 0.639583
7 0.059375 0.516667 0.182812 0.516667 0.182812 0.668750 0.059375 0.668750
4 0.535937 0.600000 0.620313 0.600000 0.620313 0.716667 0.535937 0.716667
4 0.056250 0.722917 0.190625 0.722917 0.190625 0.895833 0.056250 0.895833
4 0.882812 0.743750 1.000000 0.743750 1.000000 0.893750 0.882812 0.893750
4 0.167187 0.845833 0.320312 0.845833 0.320312 1.000000 0.167187 1.000000