9 0.248437 0.389583 0.312500 0.389583 0.312500 0.485417 0.248437 0.485417
4 0.378125 0.422917 0.404688 0.422917 0.404688 0.460417 0.378125 0.460417
4 0.228125 0.427083 0.265625 0.427083 0.265625 0.466667 0.228125 0.466667
4 0.490625 0.429167 0.521875 0.429167 0.521875 0.481250 0.490625 0.481250
4 0.325000 0.439583 0.357813 0.439583 0.357813 0.481250 0.325000 0.481250
4 0.209375 0.458333 0.246875 0.458333 0.246875 0.504167 0.209375 0.504167
4 0.620312 0.464583 0.665625 0.464583 0.665625 0.516667 0.620312 0.516667
9 0.265625 0.443750 0.342187 0.443750 0.342187 0.554167 0.265625 0.554167
4 0.370312 0.475000 0.410938 0.475000 0.410938 0.522917 0.370312 0.522917
4 0.118750 0.504167 0.181250 0.504167 0.181250 0.556250 0.118750 0.556250
4 0.584375 0.506250 0.640625 0.506250 0.640625 0.575000 0.584375 0.575000
4 0.510937 0.514583 0.560937 0.514583 0.560937 0.595833 0.510937 0.595833
4 0.332813 0.522917 0.385937 0.522917 0.385937 0.602083 0.332813 0.602083
4 0.118750 0.535417 0.185938 0.535417 0.185938 0.618750 0.118750 0.618750
4 0.184375 0.572917 0.260937 0.572917 0.260937 0.668750 0.184375 0.668750
7 0.001563 0.608333 0.110937 0.608333 0.110937 0.797917 0.001563 0.797917
4 0.170313 0.668750 0.295312 0.668750 0.295312 0.791667 0.170313 0.791667
4 0.543750 0.654167 0.643750 0.654167 0.643750 0.837500 0.543750 0.837500
7 0.718750 0.652083 0.896875 0.652083 0.896875 0.931250 0.718750 0.931250