4 0.301563 0.412500 0.331250 0.412500 0.331250 0.452083 0.301563 0.452083
4 0.546875 0.414583 0.582812 0.414583 0.582812 0.454167 0.546875 0.454167
4 0.334375 0.418750 0.365625 0.418750 0.365625 0.454167 0.334375 0.454167
4 0.381250 0.427083 0.415625 0.427083 0.415625 0.464583 0.381250 0.464583
7 0.262500 0.422917 0.307812 0.422917 0.307812 0.479167 0.262500 0.479167
4 0.485938 0.433333 0.520313 0.433333 0.520313 0.479167 0.485938 0.479167
4 0.312500 0.447917 0.351562 0.447917 0.351562 0.487500 0.312500 0.487500
7 0.554688 0.441667 0.601562 0.441667 0.601562 0.512500 0.554688 0.512500
4 0.378125 0.462500 0.418750 0.462500 0.418750 0.502083 0.378125 0.502083
4 0.295312 0.477083 0.337500 0.477083 0.337500 0.520833 0.295312 0.520833
4 0.201562 0.487500 0.242188 0.487500 0.242188 0.527083 0.201562 0.527083
4 0.356250 0.497917 0.400000 0.497917 0.400000 0.547917 0.356250 0.547917
4 0.284375 0.497917 0.325000 0.497917 0.325000 0.564583 0.284375 0.564583
7 0.198437 0.506250 0.290625 0.506250 0.290625 0.631250 0.198437 0.631250
4 0.350000 0.541667 0.395313 0.541667 0.395313 0.595833 0.350000 0.595833
9 0.029687 0.483333 0.182812 0.483333 0.182812 0.654167 0.029687 0.654167
4 0.348438 0.570833 0.415625 0.570833 0.415625 0.656250 0.348438 0.656250
7 0.137500 0.560417 0.254688 0.560417 0.254688 0.720833 0.137500 0.720833
9 0.000000 0.589583 0.070312 0.589583 0.070312 0.777083 0.000000 0.777083
4 0.262500 0.639583 0.357813 0.639583 0.357813 0.743750 0.262500 0.743750
4 0.554688 0.637500 0.643750 0.637500 0.643750 0.756250 0.554688 0.756250
4 0.239062 0.745833 0.343750 0.745833 0.343750 0.870833 0.239062 0.870833
9 0.000000 0.658333 0.182812 0.658333 0.182812 1.000000 0.000000 1.000000
4 0.153125 0.883333 0.303125 0.883333 0.303125 1.000000 0.153125 1.000000
4 0.606250 0.889583 0.745313 0.889583 0.745313 1.000000 0.606250 1.000000