7 0.312500 0.391667 0.343750 0.391667 0.343750 0.439583 0.312500 0.439583
4 0.348438 0.406250 0.381250 0.406250 0.381250 0.443750 0.348438 0.443750
4 0.395313 0.412500 0.425000 0.412500 0.425000 0.445833 0.395313 0.445833
4 0.484375 0.414583 0.517187 0.414583 0.517187 0.462500 0.484375 0.462500
4 0.265625 0.425000 0.293750 0.425000 0.293750 0.466667 0.265625 0.466667
4 0.587500 0.429167 0.625000 0.429167 0.625000 0.477083 0.587500 0.477083
4 0.325000 0.439583 0.356250 0.439583 0.356250 0.485417 0.325000 0.485417
4 0.373438 0.454167 0.409375 0.454167 0.409375 0.500000 0.373438 0.500000
4 0.306250 0.460417 0.343750 0.460417 0.343750 0.516667 0.306250 0.516667
9 0.131250 0.445833 0.239063 0.445833 0.239063 0.587500 0.131250 0.587500
7 0.239062 0.468750 0.314062 0.468750 0.314062 0.579167 0.239062 0.579167
4 0.356250 0.493750 0.400000 0.493750 0.400000 0.554167 0.356250 0.554167
4 0.507812 0.489583 0.562500 0.489583 0.562500 0.568750 0.507812 0.568750
4 0.364063 0.518750 0.420313 0.518750 0.420313 0.589583 0.364063 0.589583
4 0.604687 0.520833 0.665625 0.520833 0.665625 0.595833 0.604687 0.595833
7 0.134375 0.554167 0.259375 0.554167 0.259375 0.735417 0.134375 0.735417
4 0.279688 0.597917 0.362500 0.597917 0.362500 0.710417 0.279688 0.710417
9 0.000000 0.552083 0.100000 0.552083 0.100000 0.772917 0.000000 0.772917
7 0.726562 0.558333 0.918750 0.558333 0.918750 0.812500 0.726562 0.812500
4 0.240625 0.743750 0.346875 0.743750 0.346875 0.862500 0.240625 0.862500
9 0.000000 0.658333 0.182812 0.658333 0.182812 1.000000 0.000000 1.000000
4 0.151562 0.877083 0.306250 0.877083 0.306250 1.000000 0.151562 1.000000