7 0.300000 0.395833 0.334375 0.395833 0.334375 0.447917 0.300000 0.447917
4 0.382812 0.412500 0.415625 0.412500 0.415625 0.450000 0.382812 0.450000
7 0.246875 0.437500 0.293750 0.437500 0.293750 0.500000 0.246875 0.500000
4 0.304688 0.454167 0.346875 0.454167 0.346875 0.506250 0.304688 0.506250
6 0.373437 0.458333 0.407813 0.458333 0.407813 0.508333 0.373437 0.508333
4 0.562500 0.464583 0.612500 0.464583 0.612500 0.529167 0.562500 0.529167
4 0.268750 0.500000 0.307812 0.500000 0.307812 0.539583 0.268750 0.539583
4 0.356250 0.500000 0.400000 0.500000 0.400000 0.562500 0.356250 0.562500
9 0.106250 0.497917 0.204687 0.497917 0.204687 0.612500 0.106250 0.612500
4 0.257812 0.529167 0.318750 0.529167 0.318750 0.597917 0.257812 0.597917
4 0.303125 0.606250 0.379688 0.606250 0.379688 0.693750 0.303125 0.693750
7 0.000000 0.579167 0.098437 0.579167 0.098437 0.747917 0.000000 0.747917
9 0.076563 0.608333 0.228125 0.608333 0.228125 0.800000 0.076563 0.800000
4 0.571875 0.747917 0.693750 0.747917 0.693750 0.904167 0.571875 0.904167