9 0.309375 0.404167 0.365625 0.404167 0.365625 0.466667 0.309375 0.466667
0 0.485938 0.402083 0.553125 0.402083 0.553125 0.502083 0.485938 0.502083
4 0.368750 0.450000 0.407813 0.450000 0.407813 0.493750 0.368750 0.493750
7 0.223438 0.433333 0.276562 0.433333 0.276562 0.520833 0.223438 0.520833
0 0.260937 0.425000 0.339062 0.425000 0.339062 0.550000 0.260937 0.550000
4 0.362500 0.481250 0.404688 0.481250 0.404688 0.522917 0.362500 0.522917
9 0.148438 0.472917 0.234375 0.472917 0.234375 0.552083 0.148438 0.552083
4 0.501562 0.487500 0.554688 0.487500 0.554688 0.562500 0.501562 0.562500
4 0.345312 0.514583 0.395313 0.514583 0.395313 0.575000 0.345312 0.575000
8 0.684375 0.470833 0.845313 0.470833 0.845313 0.654167 0.684375 0.654167
4 0.318750 0.564583 0.382812 0.564583 0.382812 0.629167 0.318750 0.629167
9 0.001563 0.547917 0.128125 0.547917 0.128125 0.716667 0.001563 0.716667
8 0.092188 0.531250 0.287500 0.531250 0.287500 0.777083 0.092188 0.777083
4 0.293750 0.604167 0.368750 0.604167 0.368750 0.704167 0.293750 0.704167
6 0.239062 0.735417 0.351562 0.735417 0.351562 0.908333 0.239062 0.908333
4 0.570312 0.729167 0.690625 0.729167 0.690625 0.937500 0.570312 0.937500