9 0.309375 0.404167 0.365625 0.404167 0.365625 0.466667 0.309375 0.466667
4 0.487500 0.431250 0.526563 0.431250 0.526563 0.487500 0.487500 0.487500
4 0.368750 0.450000 0.407813 0.450000 0.407813 0.493750 0.368750 0.493750
7 0.206250 0.445833 0.265625 0.445833 0.265625 0.537500 0.206250 0.537500
0 0.253125 0.429167 0.339062 0.429167 0.339062 0.554167 0.253125 0.554167
8 0.642187 0.435417 0.757812 0.435417 0.757812 0.556250 0.642187 0.556250
4 0.362500 0.481250 0.404688 0.481250 0.404688 0.522917 0.362500 0.522917
9 0.135937 0.493750 0.221875 0.493750 0.221875 0.572917 0.135937 0.572917
4 0.345312 0.514583 0.395313 0.514583 0.395313 0.575000 0.345312 0.575000
4 0.317188 0.568750 0.381250 0.568750 0.381250 0.633333 0.317188 0.633333
4 0.518750 0.558333 0.589063 0.558333 0.589063 0.660417 0.518750 0.660417
9 0.000000 0.558333 0.114062 0.558333 0.114062 0.756250 0.000000 0.756250
4 0.281250 0.618750 0.367188 0.618750 0.367188 0.725000 0.281250 0.725000
0 0.665625 0.512500 0.903125 0.512500 0.903125 0.835417 0.665625 0.835417
8 0.050000 0.545833 0.260937 0.545833 0.260937 0.837500 0.050000 0.837500
6 0.217188 0.770833 0.346875 0.770833 0.346875 0.956250 0.217188 0.956250
4 0.625000 0.833333 0.770312 0.833333 0.770312 1.000000 0.625000 1.000000