9 0.334375 0.377083 0.379688 0.377083 0.379688 0.447917 0.334375 0.447917
8 0.587500 0.385417 0.642188 0.385417 0.642188 0.475000 0.587500 0.475000
4 0.384375 0.427083 0.414062 0.427083 0.414062 0.458333 0.384375 0.458333
8 0.268750 0.397917 0.348438 0.397917 0.348438 0.529167 0.268750 0.529167
4 0.503125 0.460417 0.548438 0.460417 0.548438 0.520833 0.503125 0.520833
4 0.362500 0.462500 0.406250 0.462500 0.406250 0.525000 0.362500 0.525000
7 0.160938 0.477083 0.239063 0.477083 0.239063 0.566667 0.160938 0.566667
4 0.343750 0.506250 0.393750 0.506250 0.393750 0.570833 0.343750 0.570833
9 0.179688 0.500000 0.295312 0.500000 0.295312 0.643750 0.179688 0.643750
7 0.048437 0.552083 0.157812 0.552083 0.157812 0.677083 0.048437 0.677083
4 0.296875 0.618750 0.368750 0.618750 0.368750 0.710417 0.296875 0.710417
7 0.698438 0.645833 0.812500 0.645833 0.812500 0.831250 0.698438 0.831250
4 0.231250 0.785417 0.356250 0.785417 0.356250 0.943750 0.231250 0.943750