7 0.323437 0.387500 0.350000 0.387500 0.350000 0.422917 0.323437 0.422917
4 0.356250 0.397917 0.385937 0.397917 0.385937 0.433333 0.356250 0.433333
4 0.400000 0.402083 0.428125 0.402083 0.428125 0.433333 0.400000 0.433333
4 0.278125 0.412500 0.307812 0.412500 0.307812 0.447917 0.278125 0.447917
4 0.473438 0.408333 0.506250 0.408333 0.506250 0.452083 0.473438 0.452083
4 0.334375 0.425000 0.367188 0.425000 0.367188 0.464583 0.334375 0.464583
4 0.531250 0.425000 0.565625 0.425000 0.565625 0.466667 0.531250 0.466667
4 0.384375 0.437500 0.417187 0.437500 0.417187 0.477083 0.384375 0.477083
4 0.307812 0.452083 0.345312 0.452083 0.345312 0.508333 0.307812 0.508333
4 0.364062 0.475000 0.406250 0.475000 0.406250 0.527083 0.364062 0.527083
9 0.151562 0.435417 0.251563 0.435417 0.251563 0.572917 0.151562 0.572917
7 0.257812 0.460417 0.323438 0.460417 0.323438 0.556250 0.257812 0.556250
4 0.510938 0.497917 0.567187 0.497917 0.567187 0.570833 0.510938 0.570833
4 0.370312 0.500000 0.420313 0.500000 0.420313 0.575000 0.370312 0.575000
4 0.660937 0.502083 0.718750 0.502083 0.718750 0.575000 0.660937 0.575000
7 0.154688 0.543750 0.259375 0.543750 0.259375 0.695833 0.154688 0.695833
4 0.290625 0.579167 0.364063 0.579167 0.364063 0.685417 0.290625 0.685417
9 0.000000 0.529167 0.132812 0.529167 0.132812 0.743750 0.000000 0.743750
4 0.257812 0.700000 0.354688 0.700000 0.354688 0.820833 0.257812 0.820833
9 0.000000 0.656250 0.184375 0.656250 0.184375 0.997917 0.000000 0.997917
4 0.159375 0.868750 0.310937 0.868750 0.310937 1.000000 0.159375 1.000000