10 0.528125 0.406250 0.562500 0.406250 0.562500 0.452083 0.528125 0.452083
4 0.287500 0.420833 0.320312 0.420833 0.320312 0.462500 0.287500 0.462500
4 0.326562 0.429167 0.357812 0.429167 0.357812 0.472917 0.326562 0.472917
4 0.371875 0.437500 0.410938 0.437500 0.410938 0.481250 0.371875 0.481250
10 0.243750 0.441667 0.292187 0.441667 0.292187 0.502083 0.243750 0.502083
4 0.306250 0.456250 0.346875 0.456250 0.346875 0.495833 0.306250 0.495833
4 0.373438 0.470833 0.417187 0.470833 0.417187 0.512500 0.373438 0.512500
4 0.498437 0.472917 0.548438 0.472917 0.548438 0.525000 0.498437 0.525000
4 0.293750 0.483333 0.332813 0.483333 0.332813 0.525000 0.293750 0.525000
4 0.284375 0.497917 0.325000 0.497917 0.325000 0.564583 0.284375 0.564583
4 0.350000 0.506250 0.401562 0.506250 0.401562 0.562500 0.350000 0.562500
4 0.178125 0.510417 0.223437 0.510417 0.223437 0.566667 0.178125 0.566667
10 0.606250 0.479167 0.685937 0.479167 0.685937 0.618750 0.606250 0.618750
10 0.200000 0.500000 0.292187 0.500000 0.292187 0.625000 0.200000 0.625000
4 0.350000 0.541667 0.398438 0.541667 0.398438 0.595833 0.350000 0.595833
4 0.517187 0.525000 0.578125 0.525000 0.578125 0.614583 0.517187 0.614583
9 0.017187 0.491667 0.170313 0.491667 0.170313 0.662500 0.017187 0.662500
4 0.348438 0.570833 0.415625 0.570833 0.415625 0.656250 0.348438 0.656250
10 0.134375 0.560417 0.254688 0.560417 0.254688 0.725000 0.134375 0.725000
9 0.000000 0.589583 0.070312 0.589583 0.070312 0.777083 0.000000 0.777083
4 0.264062 0.639583 0.357812 0.639583 0.357812 0.750000 0.264062 0.750000
4 0.239062 0.745833 0.343750 0.745833 0.343750 0.872917 0.239062 0.872917
9 0.000000 0.658333 0.182812 0.658333 0.182812 1.000000 0.000000 1.000000
4 0.153125 0.883333 0.303125 0.883333 0.303125 1.000000 0.153125 1.000000