8 0.481250 0.327083 0.500000 0.327083 0.500000 0.364583 0.481250 0.364583
4 0.464062 0.354167 0.475000 0.354167 0.475000 0.368750 0.464062 0.368750
9 0.325000 0.356250 0.359375 0.356250 0.359375 0.412500 0.325000 0.412500
7 0.350000 0.383333 0.379688 0.383333 0.379688 0.427083 0.350000 0.427083
4 0.387500 0.397917 0.412500 0.397917 0.412500 0.416667 0.387500 0.416667
7 0.287500 0.391667 0.329688 0.391667 0.329688 0.452083 0.287500 0.452083
4 0.529688 0.410417 0.554688 0.410417 0.554688 0.441667 0.529688 0.441667
4 0.384375 0.414583 0.412500 0.414583 0.412500 0.443750 0.384375 0.443750
4 0.257812 0.414583 0.292188 0.414583 0.292188 0.445833 0.257812 0.445833
9 0.321875 0.408333 0.365625 0.408333 0.365625 0.479167 0.321875 0.479167
4 0.384375 0.435417 0.415625 0.435417 0.415625 0.468750 0.384375 0.468750
4 0.260937 0.447917 0.295313 0.447917 0.295313 0.487500 0.260937 0.487500
4 0.375000 0.450000 0.409375 0.450000 0.409375 0.491667 0.375000 0.491667
4 0.300000 0.452083 0.340625 0.452083 0.340625 0.506250 0.300000 0.506250
4 0.356250 0.470833 0.398438 0.470833 0.398438 0.527083 0.356250 0.527083
4 0.259375 0.489583 0.303125 0.489583 0.303125 0.545833 0.259375 0.545833
4 0.237500 0.533333 0.296875 0.533333 0.296875 0.606250 0.237500 0.606250
8 0.000000 0.487500 0.181250 0.487500 0.181250 0.687500 0.000000 0.687500
4 0.318750 0.541667 0.385937 0.541667 0.385937 0.639583 0.318750 0.639583
4 0.154688 0.637500 0.245313 0.637500 0.245313 0.745833 0.154688 0.745833