8 0.582812 0.385417 0.637500 0.385417 0.637500 0.466667 0.582812 0.466667
0 0.523438 0.387500 0.576563 0.387500 0.576563 0.468750 0.523438 0.468750
9 0.298437 0.414583 0.354687 0.414583 0.354687 0.493750 0.298437 0.493750
4 0.496875 0.443750 0.528125 0.443750 0.528125 0.500000 0.496875 0.500000
4 0.371875 0.456250 0.406250 0.456250 0.406250 0.493750 0.371875 0.493750
9 0.564063 0.437500 0.639062 0.437500 0.639062 0.547917 0.564063 0.547917
4 0.362500 0.487500 0.404688 0.487500 0.404688 0.529167 0.362500 0.529167
7 0.164062 0.466667 0.242188 0.466667 0.242188 0.579167 0.164062 0.579167
0 0.204687 0.462500 0.326562 0.462500 0.326562 0.625000 0.204687 0.625000
4 0.340625 0.520833 0.395313 0.520833 0.395313 0.585417 0.340625 0.585417
9 0.076563 0.516667 0.185938 0.516667 0.185938 0.631250 0.076563 0.631250
4 0.514062 0.564583 0.581250 0.564583 0.581250 0.656250 0.514062 0.656250
4 0.300000 0.591667 0.370312 0.591667 0.370312 0.675000 0.300000 0.675000
4 0.254688 0.675000 0.356250 0.675000 0.356250 0.804167 0.254688 0.804167
8 0.000000 0.618750 0.220312 0.618750 0.220312 1.000000 0.000000 1.000000
4 0.603125 0.802083 0.739063 0.802083 0.739063 1.000000 0.603125 1.000000