4 0.345313 0.406250 0.375000 0.406250 0.375000 0.441667 0.345313 0.441667
7 0.293750 0.404167 0.328125 0.404167 0.328125 0.445833 0.293750 0.445833
6 0.392188 0.416667 0.421875 0.416667 0.421875 0.456250 0.392188 0.456250
4 0.323438 0.435417 0.351562 0.435417 0.351562 0.462500 0.323438 0.462500
4 0.321875 0.454167 0.353125 0.454167 0.353125 0.493750 0.321875 0.493750
4 0.379688 0.450000 0.415625 0.450000 0.415625 0.497917 0.379688 0.497917
9 0.195312 0.441667 0.260937 0.441667 0.260937 0.533333 0.195312 0.533333
9 0.253125 0.475000 0.320312 0.475000 0.320312 0.568750 0.253125 0.568750
4 0.356250 0.506250 0.406250 0.506250 0.406250 0.562500 0.356250 0.562500
7 0.126562 0.491667 0.204687 0.491667 0.204687 0.587500 0.126562 0.587500
9 0.717187 0.485417 0.842187 0.485417 0.842187 0.670833 0.717187 0.670833
9 0.007812 0.547917 0.134375 0.547917 0.134375 0.743750 0.007812 0.743750
7 0.096875 0.587500 0.231250 0.587500 0.231250 0.770833 0.096875 0.770833
4 0.262500 0.718750 0.367188 0.718750 0.367188 0.845833 0.262500 0.845833