4 0.493750 0.360417 0.509375 0.360417 0.509375 0.383333 0.493750 0.383333
4 0.467187 0.362500 0.482812 0.362500 0.482812 0.383333 0.467187 0.383333
9 0.317188 0.354167 0.357813 0.354167 0.357813 0.408333 0.317188 0.408333
4 0.410938 0.391667 0.435938 0.391667 0.435938 0.418750 0.410938 0.418750
7 0.353125 0.381250 0.384375 0.381250 0.384375 0.431250 0.353125 0.431250
4 0.393750 0.393750 0.421875 0.393750 0.421875 0.427083 0.393750 0.427083
9 0.273438 0.375000 0.331250 0.375000 0.331250 0.454167 0.273438 0.454167
7 0.334375 0.393750 0.370312 0.393750 0.370312 0.443750 0.334375 0.443750
4 0.264063 0.414583 0.292187 0.414583 0.292187 0.450000 0.264063 0.450000
4 0.381250 0.412500 0.409375 0.412500 0.409375 0.454167 0.381250 0.454167
4 0.487500 0.422917 0.514062 0.422917 0.514062 0.460417 0.487500 0.460417
4 0.332813 0.429167 0.364063 0.429167 0.364063 0.466667 0.332813 0.466667
4 0.220313 0.433333 0.265625 0.433333 0.265625 0.477083 0.220313 0.477083
4 0.381250 0.435417 0.417187 0.435417 0.417187 0.477083 0.381250 0.477083
9 0.296875 0.425000 0.354688 0.425000 0.354688 0.522917 0.296875 0.522917
4 0.364063 0.468750 0.409375 0.468750 0.409375 0.527083 0.364063 0.527083
4 0.195312 0.472917 0.248437 0.472917 0.248437 0.545833 0.195312 0.545833
4 0.234375 0.512500 0.301562 0.512500 0.301562 0.597917 0.234375 0.597917
4 0.320312 0.518750 0.387500 0.518750 0.387500 0.600000 0.320312 0.600000
7 0.103125 0.504167 0.204687 0.504167 0.204687 0.639583 0.103125 0.639583
4 0.526562 0.541667 0.600000 0.541667 0.600000 0.637500 0.526562 0.637500
4 0.000000 0.600000 0.073438 0.600000 0.073438 0.693750 0.000000 0.693750
4 0.106250 0.681250 0.221875 0.681250 0.221875 0.816667 0.106250 0.816667
4 0.221875 0.752083 0.350000 0.752083 0.350000 0.914583 0.221875 0.914583
4 0.620313 0.856250 0.762500 0.856250 0.762500 1.000000 0.620313 1.000000