9 0.337500 0.372917 0.381250 0.372917 0.381250 0.437500 0.337500 0.437500
8 0.298438 0.381250 0.365625 0.381250 0.365625 0.485417 0.298438 0.485417
4 0.385937 0.422917 0.415625 0.422917 0.415625 0.454167 0.385937 0.454167
4 0.376563 0.452083 0.412500 0.452083 0.412500 0.487500 0.376563 0.487500
7 0.214063 0.447917 0.275000 0.447917 0.275000 0.529167 0.214063 0.529167
4 0.362500 0.470833 0.401562 0.470833 0.401562 0.520833 0.362500 0.520833
9 0.250000 0.452083 0.328125 0.452083 0.328125 0.562500 0.250000 0.562500
7 0.142188 0.495833 0.221875 0.495833 0.221875 0.581250 0.142188 0.581250
4 0.342188 0.522917 0.393750 0.522917 0.393750 0.595833 0.342188 0.595833
7 0.020312 0.547917 0.151562 0.547917 0.151562 0.668750 0.020312 0.668750
4 0.300000 0.618750 0.381250 0.618750 0.381250 0.714583 0.300000 0.714583
4 0.543750 0.637500 0.645312 0.637500 0.645312 0.791667 0.543750 0.791667
0 0.000000 0.568750 0.248438 0.568750 0.248438 0.922917 0.000000 0.922917
4 0.212500 0.775000 0.334375 0.775000 0.334375 0.927083 0.212500 0.927083