11 0.545312 0.406250 0.626563 0.406250 0.626563 0.522917 0.545312 0.522917
7 0.239062 0.429167 0.290625 0.429167 0.290625 0.502083 0.239062 0.502083
0 0.287500 0.416667 0.354687 0.416667 0.354687 0.518750 0.287500 0.518750
4 0.368750 0.450000 0.407813 0.450000 0.407813 0.493750 0.368750 0.493750
4 0.487500 0.454167 0.528125 0.454167 0.528125 0.506250 0.487500 0.506250
9 0.178125 0.468750 0.243750 0.468750 0.243750 0.535417 0.178125 0.535417
4 0.362500 0.481250 0.404688 0.481250 0.404688 0.522917 0.362500 0.522917
4 0.345312 0.514583 0.395313 0.514583 0.395313 0.575000 0.345312 0.575000
8 0.173438 0.489583 0.296875 0.489583 0.296875 0.670833 0.173438 0.670833
9 0.071875 0.510417 0.167187 0.510417 0.167187 0.664583 0.071875 0.664583
4 0.318750 0.564583 0.382812 0.564583 0.382812 0.629167 0.318750 0.629167
4 0.293750 0.604167 0.368750 0.604167 0.368750 0.704167 0.293750 0.704167
0 0.573438 0.504167 0.770312 0.504167 0.770312 0.808333 0.573438 0.808333
6 0.262500 0.683333 0.365625 0.683333 0.365625 0.831250 0.262500 0.831250
9 0.000000 0.697917 0.160938 0.697917 0.160938 1.000000 0.000000 1.000000