9 0.323437 0.352083 0.357813 0.352083 0.357813 0.402083 0.323437 0.402083
4 0.514062 0.385417 0.534375 0.385417 0.534375 0.418750 0.514062 0.418750
9 0.292187 0.364583 0.345312 0.364583 0.345312 0.443750 0.292187 0.443750
4 0.412500 0.391667 0.434375 0.391667 0.434375 0.418750 0.412500 0.418750
4 0.393750 0.395833 0.417187 0.395833 0.417187 0.425000 0.393750 0.425000
7 0.335938 0.389583 0.378125 0.389583 0.378125 0.447917 0.335938 0.447917
4 0.479687 0.402083 0.506250 0.402083 0.506250 0.435417 0.479687 0.435417
4 0.264063 0.406250 0.300000 0.406250 0.300000 0.441667 0.264063 0.441667
4 0.381250 0.410417 0.412500 0.410417 0.412500 0.445833 0.381250 0.445833
4 0.384375 0.429167 0.417187 0.429167 0.417187 0.458333 0.384375 0.458333
4 0.228125 0.429167 0.262500 0.429167 0.262500 0.468750 0.228125 0.468750
7 0.304688 0.418750 0.362500 0.418750 0.362500 0.504167 0.304688 0.504167
4 0.378125 0.439583 0.417187 0.439583 0.417187 0.487500 0.378125 0.487500
4 0.242188 0.450000 0.281250 0.450000 0.281250 0.502083 0.242188 0.502083
4 0.354687 0.472917 0.404688 0.472917 0.404688 0.533333 0.354687 0.533333
4 0.265625 0.483333 0.318750 0.483333 0.318750 0.554167 0.265625 0.554167
4 0.135938 0.489583 0.185938 0.489583 0.185938 0.550000 0.135938 0.550000
7 0.168750 0.468750 0.251562 0.468750 0.251562 0.572917 0.168750 0.572917
4 0.185938 0.581250 0.271875 0.581250 0.271875 0.681250 0.185938 0.681250
4 0.296875 0.585417 0.376563 0.585417 0.376563 0.689583 0.296875 0.689583
4 0.546875 0.602083 0.626562 0.602083 0.626562 0.718750 0.546875 0.718750
4 0.046875 0.620833 0.148438 0.620833 0.148438 0.735417 0.046875 0.735417