4 0.465625 0.356250 0.481250 0.356250 0.481250 0.377083 0.465625 0.377083
4 0.490625 0.356250 0.506250 0.356250 0.506250 0.379167 0.490625 0.379167
9 0.317188 0.354167 0.357813 0.354167 0.357813 0.408333 0.317188 0.408333
4 0.410938 0.391667 0.435938 0.391667 0.435938 0.418750 0.410938 0.418750
7 0.353125 0.381250 0.384375 0.381250 0.384375 0.431250 0.353125 0.431250
4 0.393750 0.393750 0.421875 0.393750 0.421875 0.427083 0.393750 0.427083
9 0.275000 0.375000 0.332813 0.375000 0.332813 0.454167 0.275000 0.454167
7 0.335938 0.402083 0.371875 0.402083 0.371875 0.452083 0.335938 0.452083
4 0.485937 0.412500 0.512500 0.412500 0.512500 0.450000 0.485937 0.450000
4 0.257812 0.414583 0.285937 0.414583 0.285937 0.450000 0.257812 0.450000
4 0.381250 0.412500 0.409375 0.412500 0.409375 0.454167 0.381250 0.454167
4 0.332813 0.429167 0.364063 0.429167 0.364063 0.466667 0.332813 0.466667
4 0.381250 0.437500 0.417187 0.437500 0.417187 0.479167 0.381250 0.479167
4 0.212500 0.437500 0.257812 0.437500 0.257812 0.481250 0.212500 0.481250
9 0.295312 0.431250 0.353125 0.431250 0.353125 0.529167 0.295312 0.529167
4 0.364063 0.468750 0.409375 0.468750 0.409375 0.527083 0.364063 0.527083
4 0.189063 0.481250 0.242188 0.481250 0.242188 0.554167 0.189063 0.554167
4 0.232813 0.514583 0.300000 0.514583 0.300000 0.600000 0.232813 0.600000
4 0.523438 0.525000 0.579687 0.525000 0.579687 0.600000 0.523438 0.600000
4 0.317188 0.527083 0.384375 0.527083 0.384375 0.608333 0.317188 0.608333
7 0.093750 0.502083 0.200000 0.502083 0.200000 0.645833 0.093750 0.645833
4 0.096875 0.693750 0.212500 0.693750 0.212500 0.829167 0.096875 0.829167
4 0.582813 0.752083 0.725000 0.752083 0.725000 0.981250 0.582813 0.981250
4 0.203125 0.781250 0.350000 0.781250 0.350000 0.960417 0.203125 0.960417