8 0.512500 0.347917 0.539062 0.347917 0.539062 0.385417 0.512500 0.385417
4 0.473438 0.395833 0.503125 0.395833 0.503125 0.429167 0.473438 0.429167
4 0.389063 0.395833 0.426563 0.395833 0.426563 0.437500 0.389063 0.437500
4 0.350000 0.404167 0.378125 0.404167 0.378125 0.439583 0.350000 0.439583
9 0.243750 0.393750 0.301563 0.393750 0.301563 0.470833 0.243750 0.470833
7 0.537500 0.412500 0.581250 0.412500 0.581250 0.472917 0.537500 0.472917
4 0.348437 0.433333 0.367188 0.433333 0.367188 0.477083 0.348437 0.477083
9 0.276562 0.408333 0.353125 0.408333 0.353125 0.520833 0.276562 0.520833
4 0.373437 0.447917 0.414062 0.447917 0.414062 0.497917 0.373437 0.497917
7 0.217188 0.445833 0.267188 0.445833 0.267188 0.520833 0.217188 0.520833
9 0.568750 0.435417 0.637500 0.435417 0.637500 0.558333 0.568750 0.558333
4 0.357812 0.475000 0.398438 0.475000 0.398438 0.547917 0.357812 0.547917
4 0.503125 0.493750 0.560937 0.493750 0.560937 0.577083 0.503125 0.577083
8 0.054688 0.483333 0.273438 0.483333 0.273438 0.791667 0.054688 0.791667
4 0.290625 0.591667 0.378125 0.591667 0.378125 0.706250 0.290625 0.706250
4 0.231250 0.687500 0.351562 0.687500 0.351562 0.831250 0.231250 0.831250
9 0.000000 0.720833 0.125000 0.720833 0.125000 1.000000 0.000000 1.000000
4 0.193750 0.829167 0.334375 0.829167 0.334375 0.993750 0.193750 0.993750