4 0.265625 0.429167 0.296875 0.429167 0.296875 0.470833 0.265625 0.470833
4 0.321875 0.437500 0.353125 0.437500 0.353125 0.479167 0.321875 0.479167
4 0.485937 0.443750 0.523438 0.443750 0.523438 0.497917 0.485937 0.497917
8 0.190625 0.420833 0.275000 0.420833 0.275000 0.545833 0.190625 0.545833
4 0.295312 0.462500 0.337500 0.462500 0.337500 0.518750 0.295312 0.518750
4 0.348438 0.485417 0.393750 0.485417 0.393750 0.547917 0.348438 0.547917
4 0.510938 0.500000 0.559375 0.500000 0.559375 0.568750 0.510938 0.568750
4 0.256250 0.518750 0.310937 0.518750 0.310937 0.585417 0.256250 0.585417
8 0.028125 0.485417 0.210938 0.485417 0.210938 0.675000 0.028125 0.675000
4 0.328125 0.564583 0.389062 0.564583 0.389062 0.647917 0.328125 0.647917
4 0.195312 0.587500 0.275000 0.587500 0.275000 0.691667 0.195312 0.691667
4 0.260938 0.675000 0.351562 0.675000 0.351562 0.781250 0.260938 0.781250