9 0.229688 0.395833 0.303125 0.395833 0.303125 0.504167 0.229688 0.504167
4 0.370312 0.439583 0.404688 0.439583 0.404688 0.483333 0.370312 0.483333
4 0.320312 0.447917 0.353125 0.447917 0.353125 0.489583 0.320312 0.489583
7 0.550000 0.437500 0.601562 0.437500 0.601562 0.518750 0.550000 0.518750
4 0.160938 0.472917 0.215625 0.472917 0.215625 0.527083 0.160938 0.527083
4 0.487500 0.487500 0.532813 0.487500 0.532813 0.541667 0.487500 0.541667
9 0.248438 0.460417 0.331250 0.460417 0.331250 0.581250 0.248438 0.581250
4 0.176563 0.506250 0.229687 0.506250 0.229687 0.562500 0.176563 0.562500
4 0.356250 0.514583 0.403125 0.514583 0.403125 0.568750 0.356250 0.568750
0 0.603125 0.479167 0.778125 0.479167 0.778125 0.731250 0.603125 0.731250
4 0.292188 0.597917 0.367188 0.597917 0.367188 0.702083 0.292188 0.702083
4 0.032813 0.595833 0.128125 0.595833 0.128125 0.712500 0.032813 0.712500
4 0.110937 0.641667 0.217188 0.641667 0.217188 0.779167 0.110937 0.779167
4 0.817187 0.637500 0.965625 0.637500 0.965625 0.787500 0.817187 0.787500