9 0.331250 0.368750 0.381250 0.368750 0.381250 0.443750 0.331250 0.443750
4 0.385937 0.427083 0.415625 0.427083 0.415625 0.458333 0.385937 0.458333
4 0.482812 0.420833 0.518750 0.420833 0.518750 0.468750 0.482812 0.468750
8 0.604688 0.406250 0.676562 0.406250 0.676562 0.510417 0.604688 0.510417
8 0.278125 0.397917 0.351562 0.397917 0.351562 0.520833 0.278125 0.520833
4 0.367188 0.462500 0.409375 0.462500 0.409375 0.518750 0.367188 0.518750
7 0.173438 0.468750 0.253125 0.468750 0.253125 0.566667 0.173438 0.566667
4 0.346875 0.493750 0.400000 0.493750 0.400000 0.556250 0.346875 0.556250
9 0.196875 0.485417 0.298438 0.485417 0.298438 0.618750 0.196875 0.618750
4 0.526562 0.533333 0.587500 0.533333 0.587500 0.620833 0.526562 0.620833
7 0.070312 0.539583 0.176563 0.539583 0.176563 0.664583 0.070312 0.664583
4 0.307812 0.595833 0.376562 0.595833 0.376562 0.687500 0.307812 0.687500
4 0.250000 0.741667 0.359375 0.741667 0.359375 0.881250 0.250000 0.881250