4 0.350000 0.395833 0.381250 0.395833 0.381250 0.433333 0.350000 0.433333
4 0.389063 0.402083 0.426563 0.402083 0.426563 0.441667 0.389063 0.441667
4 0.290625 0.406250 0.331250 0.406250 0.331250 0.454167 0.290625 0.454167
9 0.526563 0.393750 0.575000 0.393750 0.575000 0.470833 0.526563 0.470833
4 0.585938 0.418750 0.615625 0.418750 0.615625 0.458333 0.585938 0.458333
4 0.329688 0.422917 0.367188 0.422917 0.367188 0.466667 0.329688 0.466667
4 0.387500 0.435417 0.423437 0.435417 0.423437 0.475000 0.387500 0.475000
4 0.235937 0.450000 0.279687 0.450000 0.279687 0.493750 0.235937 0.493750
4 0.309375 0.460417 0.348438 0.460417 0.348438 0.506250 0.309375 0.506250
4 0.490625 0.456250 0.535938 0.456250 0.535938 0.518750 0.490625 0.518750
7 0.625000 0.443750 0.692187 0.443750 0.692187 0.543750 0.625000 0.543750
4 0.362500 0.479167 0.406250 0.479167 0.406250 0.527083 0.362500 0.527083
4 0.562500 0.470833 0.609375 0.470833 0.609375 0.537500 0.562500 0.537500
4 0.284375 0.481250 0.334375 0.481250 0.334375 0.543750 0.284375 0.543750
4 0.351562 0.512500 0.398438 0.512500 0.398438 0.575000 0.351562 0.575000
8 0.089063 0.458333 0.215625 0.458333 0.215625 0.631250 0.089063 0.631250
9 0.196875 0.493750 0.298438 0.493750 0.298438 0.625000 0.196875 0.625000
4 0.353125 0.550000 0.415625 0.550000 0.415625 0.635417 0.353125 0.635417
9 0.137500 0.556250 0.256250 0.556250 0.256250 0.712500 0.137500 0.712500
4 0.520312 0.595833 0.589063 0.595833 0.589063 0.700000 0.520312 0.700000
8 0.000000 0.577083 0.079687 0.577083 0.079687 0.766667 0.000000 0.766667
4 0.260937 0.631250 0.357813 0.631250 0.357813 0.735417 0.260937 0.735417
4 0.818750 0.639583 0.945312 0.639583 0.945312 0.783333 0.818750 0.783333
4 0.237500 0.743750 0.342188 0.743750 0.342188 0.875000 0.237500 0.875000
8 0.000000 0.658333 0.187500 0.658333 0.187500 1.000000 0.000000 1.000000
9 0.750000 0.716667 0.946875 0.716667 0.946875 0.993750 0.750000 0.993750
4 0.159375 0.879167 0.307812 0.879167 0.307812 1.000000 0.159375 1.000000