8 0.281250 0.368750 0.339063 0.368750 0.339063 0.456250 0.281250 0.456250
4 0.398438 0.397917 0.425000 0.397917 0.425000 0.435417 0.398438 0.435417
9 0.531250 0.387500 0.589063 0.387500 0.589063 0.479167 0.531250 0.479167
4 0.481250 0.414583 0.510938 0.414583 0.510938 0.462500 0.481250 0.462500
4 0.393750 0.427083 0.423437 0.427083 0.423437 0.460417 0.393750 0.460417
11 0.223438 0.389583 0.303125 0.389583 0.303125 0.508333 0.223438 0.508333
8 0.292187 0.400000 0.354687 0.400000 0.354687 0.508333 0.292187 0.508333
4 0.370312 0.464583 0.404688 0.464583 0.404688 0.510417 0.370312 0.510417
4 0.500000 0.485417 0.540625 0.485417 0.540625 0.539583 0.500000 0.539583
4 0.254687 0.516667 0.312500 0.516667 0.312500 0.579167 0.254687 0.579167
4 0.337500 0.518750 0.392188 0.518750 0.392188 0.589583 0.337500 0.589583
7 0.143750 0.502083 0.229687 0.502083 0.229687 0.616667 0.143750 0.616667
7 0.681250 0.529167 0.767188 0.529167 0.767188 0.627083 0.681250 0.627083
6 0.315625 0.585417 0.385937 0.585417 0.385937 0.691667 0.315625 0.691667
7 0.000000 0.620833 0.109375 0.620833 0.109375 0.793750 0.000000 0.793750
4 0.264062 0.706250 0.360938 0.706250 0.360938 0.839583 0.264062 0.839583
4 0.006250 0.795833 0.159375 0.795833 0.159375 0.958333 0.006250 0.958333