7 0.268750 0.402083 0.307812 0.402083 0.307812 0.462500 0.268750 0.462500
7 0.603125 0.416667 0.653125 0.416667 0.653125 0.487500 0.603125 0.487500
7 0.312500 0.420833 0.359375 0.420833 0.359375 0.485417 0.312500 0.485417
8 0.535937 0.410417 0.601562 0.410417 0.601562 0.506250 0.535937 0.506250
4 0.476562 0.433333 0.520312 0.433333 0.520312 0.489583 0.476562 0.489583
9 0.218750 0.422917 0.278125 0.422917 0.278125 0.516667 0.218750 0.516667
4 0.364063 0.479167 0.407812 0.479167 0.407812 0.541667 0.364063 0.541667
9 0.264062 0.466667 0.329688 0.466667 0.329688 0.556250 0.264062 0.556250
4 0.654687 0.493750 0.706250 0.493750 0.706250 0.554167 0.654687 0.554167
4 0.521875 0.537500 0.590625 0.537500 0.590625 0.627083 0.521875 0.627083
4 0.328125 0.554167 0.396875 0.554167 0.396875 0.635417 0.328125 0.635417
8 0.009375 0.491667 0.175000 0.491667 0.175000 0.706250 0.009375 0.706250
4 0.207813 0.602083 0.285938 0.602083 0.285938 0.695833 0.207813 0.695833
4 0.242187 0.747917 0.364062 0.747917 0.364062 0.891667 0.242187 0.891667