8 0.315625 0.366667 0.354687 0.366667 0.354687 0.427083 0.315625 0.427083
8 0.284375 0.387500 0.334375 0.387500 0.334375 0.450000 0.284375 0.450000
4 0.346875 0.412500 0.385937 0.412500 0.385937 0.454167 0.346875 0.454167
4 0.325000 0.431250 0.353125 0.431250 0.353125 0.491667 0.325000 0.491667
4 0.356250 0.450000 0.421875 0.450000 0.421875 0.514583 0.356250 0.514583
4 0.490625 0.464583 0.559375 0.464583 0.559375 0.547917 0.490625 0.547917
9 0.131250 0.447917 0.246875 0.447917 0.246875 0.579167 0.131250 0.579167
9 0.179688 0.452083 0.329688 0.452083 0.329688 0.618750 0.179688 0.618750
4 0.342187 0.506250 0.423438 0.506250 0.423438 0.591667 0.342187 0.591667
4 0.317188 0.550000 0.389063 0.550000 0.389063 0.643750 0.317188 0.643750
7 0.012500 0.564583 0.145313 0.564583 0.145313 0.733333 0.012500 0.733333
8 0.034375 0.506250 0.268750 0.506250 0.268750 0.827083 0.034375 0.827083
4 0.281250 0.602083 0.373437 0.602083 0.373437 0.737500 0.281250 0.737500
4 0.234375 0.677083 0.348437 0.677083 0.348437 0.839583 0.234375 0.839583
4 0.559375 0.706250 0.707812 0.706250 0.707812 0.906250 0.559375 0.906250
4 0.187500 0.822917 0.357812 0.822917 0.357812 1.000000 0.187500 1.000000