4 0.484375 0.395833 0.507812 0.395833 0.507812 0.433333 0.484375 0.433333
9 0.325000 0.389583 0.373438 0.389583 0.373438 0.450000 0.325000 0.450000
4 0.389063 0.406250 0.417187 0.406250 0.417187 0.435417 0.389063 0.435417
8 0.254688 0.393750 0.314062 0.393750 0.314062 0.472917 0.254688 0.472917
4 0.384375 0.431250 0.418750 0.431250 0.418750 0.466667 0.384375 0.466667
4 0.325000 0.433333 0.357813 0.433333 0.357813 0.470833 0.325000 0.470833
8 0.189062 0.414583 0.275000 0.414583 0.275000 0.510417 0.189062 0.510417
4 0.373438 0.445833 0.409375 0.445833 0.409375 0.491667 0.373438 0.491667
4 0.310938 0.447917 0.348438 0.447917 0.348438 0.500000 0.310938 0.500000
4 0.489063 0.443750 0.526563 0.443750 0.526563 0.512500 0.489063 0.512500
4 0.362500 0.466667 0.396875 0.466667 0.396875 0.491667 0.362500 0.491667
4 0.287500 0.475000 0.332813 0.475000 0.332813 0.527083 0.287500 0.527083
4 0.353125 0.483333 0.398438 0.483333 0.398438 0.535417 0.353125 0.535417
4 0.254688 0.510417 0.303125 0.510417 0.303125 0.583333 0.254688 0.583333
4 0.348438 0.520833 0.393750 0.520833 0.393750 0.589583 0.348438 0.589583
4 0.315625 0.566667 0.381250 0.566667 0.381250 0.647917 0.315625 0.647917
9 0.090625 0.497917 0.287500 0.497917 0.287500 0.737500 0.090625 0.737500
4 0.276562 0.616667 0.370312 0.616667 0.370312 0.731250 0.276562 0.731250
9 0.000000 0.554167 0.098437 0.554167 0.098437 0.800000 0.000000 0.800000
4 0.226562 0.720833 0.345313 0.720833 0.345313 0.864583 0.226562 0.864583