7 0.240625 0.418750 0.292187 0.418750 0.292187 0.491667 0.240625 0.491667
0 0.287500 0.416667 0.354687 0.416667 0.354687 0.518750 0.287500 0.518750
4 0.368750 0.450000 0.407813 0.450000 0.407813 0.493750 0.368750 0.493750
9 0.184375 0.452083 0.251562 0.452083 0.251562 0.518750 0.184375 0.518750
11 0.554688 0.412500 0.648438 0.412500 0.648438 0.558333 0.554688 0.558333
4 0.362500 0.481250 0.404688 0.481250 0.404688 0.522917 0.362500 0.522917
4 0.489063 0.475000 0.540625 0.475000 0.540625 0.539583 0.489063 0.539583
4 0.345312 0.514583 0.395313 0.514583 0.395313 0.575000 0.345312 0.575000
8 0.173438 0.491667 0.307812 0.491667 0.307812 0.658333 0.173438 0.658333
9 0.084375 0.502083 0.179688 0.502083 0.179688 0.656250 0.084375 0.656250
4 0.318750 0.564583 0.382812 0.564583 0.382812 0.629167 0.318750 0.629167
4 0.293750 0.597917 0.368750 0.597917 0.368750 0.697917 0.293750 0.697917
6 0.268750 0.677083 0.362500 0.677083 0.362500 0.808333 0.268750 0.808333
0 0.614062 0.562500 0.934375 0.562500 0.934375 1.000000 0.614062 1.000000
9 0.000000 0.679167 0.179688 0.679167 0.179688 1.000000 0.000000 1.000000
4 0.173438 0.883333 0.328125 0.883333 0.328125 1.000000 0.173438 1.000000