0 0.501562 0.362500 0.531250 0.362500 0.531250 0.400000 0.501562 0.400000
4 0.542187 0.379167 0.560937 0.379167 0.560937 0.406250 0.542187 0.406250
4 0.518750 0.395833 0.542188 0.395833 0.542188 0.433333 0.518750 0.433333
4 0.567188 0.404167 0.592187 0.404167 0.592187 0.437500 0.567188 0.437500
4 0.479687 0.410417 0.506250 0.410417 0.506250 0.435417 0.479687 0.435417
7 0.334375 0.400000 0.370312 0.400000 0.370312 0.452083 0.334375 0.452083
9 0.256250 0.389583 0.310937 0.389583 0.310937 0.470833 0.256250 0.470833
4 0.382812 0.425000 0.410937 0.425000 0.410937 0.460417 0.382812 0.460417
4 0.535938 0.429167 0.571875 0.429167 0.571875 0.477083 0.535938 0.477083
4 0.595313 0.431250 0.626563 0.431250 0.626563 0.475000 0.595313 0.475000
7 0.310937 0.427083 0.353125 0.427083 0.353125 0.485417 0.310937 0.485417
4 0.373438 0.462500 0.409375 0.462500 0.409375 0.510417 0.373438 0.510417
9 0.176563 0.422917 0.271875 0.422917 0.271875 0.552083 0.176563 0.552083
4 0.575000 0.479167 0.615625 0.479167 0.615625 0.533333 0.575000 0.533333
4 0.496875 0.487500 0.537500 0.487500 0.537500 0.533333 0.496875 0.533333
4 0.245313 0.506250 0.304688 0.506250 0.304688 0.558333 0.245313 0.558333
7 0.682813 0.495833 0.737500 0.495833 0.737500 0.572917 0.682813 0.572917
4 0.339062 0.512500 0.387500 0.512500 0.387500 0.575000 0.339062 0.575000
4 0.104687 0.516667 0.151562 0.516667 0.151562 0.583333 0.104687 0.583333
9 0.167187 0.525000 0.289062 0.525000 0.289062 0.702083 0.167187 0.702083
4 0.546875 0.610417 0.615625 0.610417 0.615625 0.704167 0.546875 0.704167
4 0.290625 0.656250 0.357812 0.656250 0.357812 0.752083 0.290625 0.752083
4 0.045312 0.656250 0.121875 0.656250 0.121875 0.752083 0.045312 0.752083
4 0.787500 0.622917 0.923438 0.622917 0.923438 0.795833 0.787500 0.795833
4 0.703125 0.675000 0.823438 0.675000 0.823438 0.841667 0.703125 0.841667