8 0.296875 0.358333 0.346875 0.358333 0.346875 0.435417 0.296875 0.435417
4 0.393750 0.414583 0.423437 0.414583 0.423437 0.447917 0.393750 0.447917
8 0.306250 0.387500 0.368750 0.387500 0.368750 0.483333 0.306250 0.483333
11 0.243750 0.381250 0.314063 0.381250 0.314063 0.491667 0.243750 0.491667
4 0.484375 0.429167 0.518750 0.429167 0.518750 0.472917 0.484375 0.472917
4 0.376562 0.445833 0.410938 0.445833 0.410938 0.491667 0.376562 0.491667
4 0.284375 0.475000 0.334375 0.475000 0.334375 0.531250 0.284375 0.531250
4 0.507812 0.472917 0.550000 0.472917 0.550000 0.533333 0.507812 0.533333
7 0.187500 0.472917 0.251563 0.472917 0.251563 0.564583 0.187500 0.564583
4 0.350000 0.497917 0.400000 0.497917 0.400000 0.556250 0.350000 0.556250
9 0.587500 0.441667 0.678125 0.441667 0.678125 0.612500 0.587500 0.612500
4 0.125000 0.508333 0.179688 0.508333 0.179688 0.560417 0.125000 0.560417
4 0.517188 0.527083 0.576562 0.527083 0.576562 0.625000 0.517188 0.625000
6 0.328125 0.554167 0.390625 0.554167 0.390625 0.643750 0.328125 0.643750
7 0.060938 0.562500 0.179688 0.562500 0.179688 0.693750 0.060938 0.693750
4 0.128125 0.660417 0.231250 0.660417 0.231250 0.775000 0.128125 0.775000
4 0.282813 0.662500 0.373437 0.662500 0.373437 0.777083 0.282813 0.777083
4 0.587500 0.820833 0.712500 0.820833 0.712500 1.000000 0.587500 1.000000