8 0.482812 0.331250 0.507812 0.331250 0.507812 0.377083 0.482812 0.377083
4 0.468750 0.370833 0.481250 0.370833 0.481250 0.387500 0.468750 0.387500
9 0.328125 0.352083 0.362500 0.352083 0.362500 0.408333 0.328125 0.408333
4 0.289062 0.391667 0.314063 0.391667 0.314063 0.416667 0.289062 0.416667
7 0.351562 0.383333 0.381250 0.383333 0.381250 0.427083 0.351562 0.427083
4 0.387500 0.397917 0.412500 0.397917 0.412500 0.416667 0.387500 0.416667
7 0.292187 0.387500 0.334375 0.387500 0.334375 0.447917 0.292187 0.447917
4 0.384375 0.414583 0.412500 0.414583 0.412500 0.443750 0.384375 0.443750
9 0.329688 0.406250 0.365625 0.406250 0.365625 0.468750 0.329688 0.468750
4 0.281250 0.427083 0.315625 0.427083 0.315625 0.466667 0.281250 0.466667
4 0.387500 0.433333 0.418750 0.433333 0.418750 0.466667 0.387500 0.466667
4 0.375000 0.447917 0.409375 0.447917 0.409375 0.489583 0.375000 0.489583
4 0.307812 0.445833 0.345312 0.445833 0.345312 0.497917 0.307812 0.497917
4 0.359375 0.468750 0.396875 0.468750 0.396875 0.520833 0.359375 0.520833
4 0.254688 0.470833 0.298437 0.470833 0.298437 0.527083 0.254688 0.527083
4 0.576562 0.485417 0.629688 0.485417 0.629688 0.543750 0.576562 0.543750
4 0.254687 0.512500 0.304688 0.512500 0.304688 0.579167 0.254687 0.579167
4 0.334375 0.510417 0.389062 0.510417 0.389062 0.589583 0.334375 0.589583
8 0.062500 0.468750 0.212500 0.468750 0.212500 0.637500 0.062500 0.637500
4 0.198437 0.589583 0.273438 0.589583 0.273438 0.677083 0.198437 0.677083
8 0.000000 0.600000 0.065625 0.600000 0.065625 0.818750 0.000000 0.818750
4 0.235937 0.762500 0.348438 0.762500 0.348438 0.916667 0.235937 0.916667
4 0.000000 0.850000 0.118750 0.850000 0.118750 1.000000 0.000000 1.000000