4 0.342187 0.404167 0.373437 0.404167 0.373437 0.443750 0.342187 0.443750
4 0.389062 0.412500 0.420312 0.412500 0.420312 0.450000 0.389062 0.450000
4 0.476562 0.416667 0.510938 0.416667 0.510938 0.454167 0.476562 0.454167
7 0.576563 0.402083 0.617188 0.402083 0.617188 0.468750 0.576563 0.468750
7 0.279687 0.414583 0.320312 0.414583 0.320312 0.462500 0.279687 0.462500
4 0.537500 0.429167 0.570312 0.429167 0.570312 0.468750 0.537500 0.468750
4 0.323437 0.437500 0.357813 0.437500 0.357813 0.477083 0.323437 0.477083
4 0.384375 0.447917 0.420312 0.447917 0.420312 0.487500 0.384375 0.487500
4 0.225000 0.464583 0.268750 0.464583 0.268750 0.510417 0.225000 0.510417
4 0.304688 0.466667 0.343750 0.466667 0.343750 0.514583 0.304688 0.514583
4 0.492188 0.477083 0.531250 0.477083 0.531250 0.531250 0.492188 0.531250
4 0.360937 0.487500 0.403125 0.487500 0.403125 0.535417 0.360937 0.535417
4 0.276562 0.489583 0.329687 0.489583 0.329687 0.556250 0.276562 0.556250
4 0.646875 0.491667 0.710938 0.491667 0.710938 0.564583 0.646875 0.564583
4 0.353125 0.527083 0.396875 0.527083 0.396875 0.587500 0.353125 0.587500
8 0.053125 0.468750 0.196875 0.468750 0.196875 0.660417 0.053125 0.660417
9 0.200000 0.504167 0.301563 0.504167 0.301563 0.635417 0.200000 0.635417
4 0.523438 0.547917 0.590625 0.547917 0.590625 0.650000 0.523438 0.650000
4 0.351562 0.562500 0.414062 0.562500 0.414062 0.645833 0.351562 0.645833
7 0.625000 0.537500 0.715625 0.537500 0.715625 0.679167 0.625000 0.679167
9 0.135937 0.562500 0.254688 0.562500 0.254688 0.718750 0.135937 0.718750
8 0.000000 0.577083 0.079687 0.577083 0.079687 0.766667 0.000000 0.766667
4 0.259375 0.633333 0.356250 0.633333 0.356250 0.737500 0.259375 0.737500
4 0.237500 0.743750 0.342188 0.743750 0.342188 0.875000 0.237500 0.875000
8 0.000000 0.652083 0.193750 0.652083 0.193750 1.000000 0.000000 1.000000
4 0.151562 0.879167 0.306250 0.879167 0.306250 1.000000 0.151562 1.000000