8 0.546875 0.360417 0.585938 0.360417 0.585938 0.422917 0.546875 0.422917
4 0.507812 0.406250 0.537500 0.406250 0.537500 0.447917 0.507812 0.447917
9 0.301562 0.387500 0.367188 0.387500 0.367188 0.489583 0.301562 0.489583
4 0.390625 0.429167 0.418750 0.429167 0.418750 0.466667 0.390625 0.466667
7 0.253125 0.420833 0.295313 0.420833 0.295313 0.483333 0.253125 0.483333
4 0.487500 0.427083 0.515625 0.427083 0.515625 0.477083 0.487500 0.477083
4 0.371875 0.456250 0.407812 0.456250 0.407812 0.500000 0.371875 0.500000
4 0.518750 0.500000 0.570312 0.500000 0.570312 0.570833 0.518750 0.570833
8 0.143750 0.456250 0.303125 0.456250 0.303125 0.685417 0.143750 0.685417
4 0.314062 0.543750 0.387500 0.543750 0.387500 0.641667 0.314062 0.641667
7 0.000000 0.566667 0.139063 0.566667 0.139063 0.743750 0.000000 0.743750
4 0.271875 0.629167 0.364063 0.629167 0.364063 0.739583 0.271875 0.739583
9 0.000000 0.679167 0.162500 0.679167 0.162500 1.000000 0.000000 1.000000
4 0.579688 0.795833 0.737500 0.795833 0.737500 1.000000 0.579688 1.000000
4 0.195312 0.825000 0.334375 0.825000 0.334375 1.000000 0.195312 1.000000