4 0.475000 0.370833 0.501563 0.370833 0.501563 0.414583 0.475000 0.414583
8 0.264063 0.387500 0.325000 0.387500 0.325000 0.466667 0.264063 0.466667
4 0.339062 0.416667 0.381250 0.416667 0.381250 0.460417 0.339062 0.460417
4 0.484375 0.416667 0.520312 0.416667 0.520312 0.466667 0.484375 0.466667
4 0.318750 0.452083 0.359375 0.452083 0.359375 0.489583 0.318750 0.489583
4 0.359375 0.466667 0.417188 0.466667 0.417188 0.529167 0.359375 0.529167
9 0.170312 0.464583 0.312500 0.464583 0.312500 0.620833 0.170312 0.620833
4 0.342188 0.495833 0.403125 0.495833 0.403125 0.591667 0.342188 0.591667
9 0.053125 0.479167 0.200000 0.479167 0.200000 0.637500 0.053125 0.637500
4 0.320312 0.560417 0.376563 0.560417 0.376563 0.635417 0.320312 0.635417
7 0.720313 0.527083 0.826562 0.527083 0.826562 0.677083 0.720313 0.677083
9 0.625000 0.508333 0.731250 0.508333 0.731250 0.706250 0.625000 0.706250
4 0.293750 0.589583 0.375000 0.589583 0.375000 0.708333 0.293750 0.708333
8 0.000000 0.522917 0.248438 0.522917 0.248438 0.883333 0.000000 0.883333
4 0.229687 0.697917 0.356250 0.697917 0.356250 0.827083 0.229687 0.827083
4 0.192187 0.818750 0.351562 0.818750 0.351562 1.000000 0.192187 1.000000