7 0.501563 0.333333 0.514062 0.333333 0.514062 0.358333 0.501563 0.358333
4 0.460938 0.339583 0.473437 0.339583 0.473437 0.354167 0.460938 0.354167
7 0.481250 0.335417 0.496875 0.335417 0.496875 0.360417 0.481250 0.360417
7 0.514063 0.345833 0.539062 0.345833 0.539062 0.383333 0.514063 0.383333
4 0.468750 0.358333 0.482812 0.358333 0.482812 0.377083 0.468750 0.377083
4 0.475000 0.372917 0.495312 0.372917 0.495312 0.393750 0.475000 0.393750
8 0.328125 0.366667 0.357812 0.366667 0.357812 0.410417 0.328125 0.410417
4 0.475000 0.389583 0.495312 0.389583 0.495312 0.422917 0.475000 0.422917
4 0.354688 0.406250 0.375000 0.406250 0.375000 0.435417 0.354688 0.435417
4 0.396875 0.406250 0.417187 0.406250 0.417187 0.435417 0.396875 0.435417
7 0.535938 0.404167 0.564063 0.404167 0.564063 0.460417 0.535938 0.460417
9 0.276562 0.402083 0.354687 0.402083 0.354687 0.527083 0.276562 0.527083
9 0.562500 0.418750 0.625000 0.418750 0.625000 0.520833 0.562500 0.520833
7 0.215625 0.435417 0.265625 0.435417 0.265625 0.508333 0.215625 0.508333
4 0.381250 0.450000 0.412500 0.450000 0.412500 0.493750 0.381250 0.493750
4 0.503125 0.472917 0.545312 0.472917 0.545312 0.541667 0.503125 0.541667
4 0.362500 0.481250 0.404688 0.481250 0.404688 0.535417 0.362500 0.535417
8 0.053125 0.497917 0.271875 0.497917 0.271875 0.800000 0.053125 0.800000
4 0.295313 0.593750 0.370312 0.593750 0.370312 0.706250 0.295313 0.706250
4 0.246875 0.681250 0.343750 0.681250 0.343750 0.797917 0.246875 0.797917
9 0.000000 0.733333 0.112500 0.733333 0.112500 1.000000 0.000000 1.000000
4 0.196875 0.818750 0.325000 0.818750 0.325000 0.983333 0.196875 0.983333