4 0.315625 0.368750 0.346875 0.368750 0.346875 0.402083 0.315625 0.402083
4 0.545312 0.383333 0.575000 0.383333 0.575000 0.422917 0.545312 0.422917
4 0.357813 0.391667 0.387500 0.391667 0.387500 0.431250 0.357813 0.431250
4 0.518750 0.400000 0.548438 0.400000 0.548438 0.445833 0.518750 0.445833
4 0.396875 0.408333 0.425000 0.408333 0.425000 0.441667 0.396875 0.441667
4 0.384375 0.416667 0.417187 0.416667 0.417187 0.458333 0.384375 0.458333
4 0.478125 0.414583 0.515625 0.414583 0.515625 0.462500 0.478125 0.462500
4 0.340625 0.420833 0.365625 0.420833 0.365625 0.470833 0.340625 0.470833
7 0.301563 0.418750 0.360937 0.418750 0.360937 0.506250 0.301563 0.506250
9 0.179688 0.410417 0.285938 0.410417 0.285938 0.529167 0.179688 0.529167
4 0.382812 0.439583 0.429688 0.439583 0.429688 0.502083 0.382812 0.502083
4 0.598438 0.470833 0.657813 0.470833 0.657813 0.547917 0.598438 0.547917
4 0.501562 0.483333 0.562500 0.483333 0.562500 0.560417 0.501562 0.560417
7 0.245313 0.462500 0.326563 0.462500 0.326563 0.583333 0.245313 0.583333
4 0.323437 0.500000 0.395313 0.500000 0.395313 0.587500 0.323437 0.587500
9 0.043750 0.470833 0.214062 0.470833 0.214062 0.675000 0.043750 0.675000
4 0.310938 0.568750 0.387500 0.568750 0.387500 0.662500 0.310938 0.662500
4 0.000000 0.597917 0.070312 0.597917 0.070312 0.685417 0.000000 0.685417
4 0.000000 0.681250 0.065625 0.681250 0.065625 0.804167 0.000000 0.804167
4 0.700000 0.645833 0.840625 0.645833 0.840625 0.856250 0.700000 0.856250
9 0.000000 0.620833 0.225000 0.620833 0.225000 0.927083 0.000000 0.927083
4 0.846875 0.691667 1.000000 0.691667 1.000000 0.877083 0.846875 0.877083
4 0.223437 0.697917 0.343750 0.697917 0.343750 0.881250 0.223437 0.881250