8 0.310938 0.375000 0.348438 0.375000 0.348438 0.435417 0.310938 0.435417
9 0.273438 0.383333 0.315625 0.383333 0.315625 0.441667 0.273438 0.441667
4 0.359375 0.397917 0.381250 0.397917 0.381250 0.431250 0.359375 0.431250
4 0.346875 0.416667 0.373438 0.416667 0.373438 0.452083 0.346875 0.452083
4 0.381250 0.408333 0.418750 0.408333 0.418750 0.470833 0.381250 0.470833
9 0.215625 0.406250 0.290625 0.406250 0.290625 0.493750 0.215625 0.493750
4 0.535937 0.431250 0.582812 0.431250 0.582812 0.500000 0.535937 0.500000
4 0.359375 0.468750 0.407813 0.468750 0.407813 0.539583 0.359375 0.539583
9 0.234375 0.425000 0.331250 0.425000 0.331250 0.585417 0.234375 0.585417
4 0.335938 0.518750 0.400000 0.518750 0.400000 0.589583 0.335938 0.589583
4 0.543750 0.550000 0.610938 0.550000 0.610938 0.677083 0.543750 0.677083
8 0.045312 0.481250 0.262500 0.481250 0.262500 0.797917 0.045312 0.797917
4 0.284375 0.595833 0.375000 0.595833 0.375000 0.727083 0.284375 0.727083
4 0.245313 0.681250 0.343750 0.681250 0.343750 0.820833 0.245313 0.820833
9 0.000000 0.718750 0.131250 0.718750 0.131250 0.993750 0.000000 0.993750
4 0.196875 0.820833 0.325000 0.820833 0.325000 0.995833 0.196875 0.995833