9 0.328125 0.381250 0.373437 0.381250 0.373437 0.452083 0.328125 0.452083
4 0.489062 0.414583 0.515625 0.414583 0.515625 0.450000 0.489062 0.450000
4 0.382812 0.431250 0.412500 0.431250 0.412500 0.462500 0.382812 0.462500
8 0.260937 0.410417 0.340625 0.410417 0.340625 0.541667 0.260937 0.541667
4 0.356250 0.477083 0.404688 0.477083 0.404688 0.541667 0.356250 0.541667
7 0.581250 0.475000 0.631250 0.475000 0.631250 0.562500 0.581250 0.562500
7 0.131250 0.489583 0.226562 0.489583 0.226562 0.587500 0.131250 0.587500
4 0.331250 0.520833 0.385937 0.520833 0.385937 0.591667 0.331250 0.591667
9 0.140625 0.518750 0.270313 0.518750 0.270313 0.689583 0.140625 0.689583
4 0.531250 0.566667 0.601562 0.566667 0.601562 0.677083 0.531250 0.677083
8 0.759375 0.516667 0.954688 0.516667 0.954688 0.766667 0.759375 0.766667
7 0.001563 0.579167 0.129688 0.579167 0.129688 0.716667 0.001563 0.716667
4 0.281250 0.650000 0.367188 0.650000 0.367188 0.764583 0.281250 0.764583
7 0.678125 0.593750 0.829688 0.593750 0.829688 0.845833 0.678125 0.845833