7 0.315625 0.389583 0.346875 0.389583 0.346875 0.427083 0.315625 0.427083
4 0.353125 0.395833 0.382812 0.395833 0.382812 0.431250 0.353125 0.431250
6 0.396875 0.406250 0.426563 0.406250 0.426563 0.439583 0.396875 0.439583
4 0.340625 0.427083 0.367188 0.427083 0.367188 0.460417 0.340625 0.460417
4 0.387500 0.433333 0.418750 0.433333 0.418750 0.472917 0.387500 0.472917
4 0.492187 0.437500 0.525000 0.437500 0.525000 0.481250 0.492187 0.481250
9 0.231250 0.425000 0.281250 0.425000 0.281250 0.508333 0.231250 0.508333
9 0.289062 0.443750 0.348437 0.443750 0.348437 0.520833 0.289062 0.520833
7 0.618750 0.447917 0.675000 0.447917 0.675000 0.520833 0.618750 0.520833
4 0.371875 0.472917 0.410938 0.472917 0.410938 0.514583 0.371875 0.514583
7 0.168750 0.460417 0.234375 0.460417 0.234375 0.545833 0.168750 0.545833
7 0.587500 0.479167 0.651562 0.479167 0.651562 0.575000 0.587500 0.575000
9 0.096875 0.493750 0.193750 0.493750 0.193750 0.639583 0.096875 0.639583
7 0.193750 0.514583 0.278125 0.514583 0.278125 0.635417 0.193750 0.635417
4 0.304688 0.622917 0.378125 0.622917 0.378125 0.714583 0.304688 0.714583
4 0.550000 0.635417 0.637500 0.635417 0.637500 0.772917 0.550000 0.772917
9 0.000000 0.685417 0.179688 0.685417 0.179688 0.954167 0.000000 0.954167
4 0.207812 0.814583 0.351562 0.814583 0.351562 1.000000 0.207812 1.000000