4 0.348438 0.395833 0.376562 0.395833 0.376562 0.452083 0.348438 0.452083
4 0.384375 0.400000 0.425000 0.400000 0.425000 0.458333 0.384375 0.458333
9 0.528125 0.400000 0.590625 0.400000 0.590625 0.477083 0.528125 0.477083
4 0.476562 0.412500 0.521875 0.412500 0.521875 0.477083 0.476562 0.477083
9 0.268750 0.400000 0.353125 0.400000 0.353125 0.537500 0.268750 0.537500
7 0.204687 0.439583 0.278125 0.439583 0.278125 0.520833 0.204687 0.520833
4 0.368750 0.460417 0.418750 0.460417 0.418750 0.508333 0.368750 0.508333
4 0.353125 0.483333 0.404687 0.483333 0.404687 0.552083 0.353125 0.552083
4 0.279687 0.593750 0.376563 0.593750 0.376563 0.710417 0.279687 0.710417
8 0.056250 0.502083 0.271875 0.502083 0.271875 0.810417 0.056250 0.810417
4 0.242187 0.681250 0.340625 0.681250 0.340625 0.829167 0.242187 0.829167
9 0.000000 0.727083 0.126562 0.727083 0.126562 0.997917 0.000000 0.997917
4 0.190625 0.829167 0.339062 0.829167 0.339062 0.997917 0.190625 0.997917