8 0.306250 0.379167 0.339062 0.379167 0.339062 0.439583 0.306250 0.439583
8 0.256250 0.400000 0.312500 0.400000 0.312500 0.475000 0.256250 0.475000
7 0.581250 0.406250 0.623437 0.406250 0.623437 0.468750 0.581250 0.468750
4 0.382812 0.427083 0.421875 0.427083 0.421875 0.483333 0.382812 0.483333
9 0.545312 0.418750 0.589062 0.418750 0.589062 0.497917 0.545312 0.497917
4 0.348437 0.475000 0.406250 0.475000 0.406250 0.531250 0.348437 0.531250
9 0.148438 0.452083 0.225000 0.452083 0.225000 0.568750 0.148438 0.568750
4 0.342188 0.520833 0.395313 0.520833 0.395313 0.581250 0.342188 0.581250
9 0.168750 0.460417 0.301563 0.460417 0.301563 0.645833 0.168750 0.645833
4 0.320312 0.562500 0.378125 0.562500 0.378125 0.639583 0.320312 0.639583
4 0.293750 0.608333 0.379688 0.608333 0.379688 0.704167 0.293750 0.704167
4 0.235938 0.687500 0.343750 0.687500 0.343750 0.825000 0.235938 0.825000
8 0.000000 0.552083 0.226562 0.552083 0.226562 1.000000 0.000000 1.000000
4 0.595313 0.793750 0.737500 0.793750 0.737500 1.000000 0.595313 1.000000
4 0.200000 0.833333 0.337500 0.833333 0.337500 0.995833 0.200000 0.995833