9 0.331250 0.347917 0.362500 0.347917 0.362500 0.393750 0.331250 0.393750
9 0.304688 0.364583 0.348437 0.364583 0.348437 0.433333 0.304688 0.433333
4 0.412500 0.391667 0.434375 0.391667 0.434375 0.418750 0.412500 0.418750
4 0.392188 0.395833 0.415625 0.395833 0.415625 0.425000 0.392188 0.425000
7 0.529687 0.379167 0.567188 0.379167 0.567188 0.447917 0.529687 0.447917
7 0.340625 0.389583 0.378125 0.389583 0.378125 0.439583 0.340625 0.439583
4 0.260937 0.408333 0.293750 0.408333 0.293750 0.445833 0.260937 0.445833
4 0.381250 0.414583 0.412500 0.414583 0.412500 0.450000 0.381250 0.450000
4 0.381250 0.429167 0.417187 0.429167 0.417187 0.475000 0.381250 0.475000
4 0.260937 0.429167 0.295313 0.429167 0.295313 0.479167 0.260937 0.479167
9 0.312500 0.414583 0.360938 0.414583 0.360938 0.493750 0.312500 0.493750
4 0.215625 0.441667 0.232813 0.441667 0.232813 0.483333 0.215625 0.483333
7 0.228125 0.431250 0.289062 0.431250 0.289062 0.518750 0.228125 0.518750
4 0.556250 0.445833 0.598438 0.445833 0.598438 0.506250 0.556250 0.506250
4 0.367188 0.456250 0.407813 0.456250 0.407813 0.502083 0.367188 0.502083
4 0.281250 0.466667 0.328125 0.466667 0.328125 0.533333 0.281250 0.533333
4 0.535937 0.475000 0.590625 0.475000 0.590625 0.541667 0.535937 0.541667
4 0.520313 0.508333 0.576562 0.508333 0.576562 0.591667 0.520313 0.591667
4 0.334375 0.514583 0.392188 0.514583 0.392188 0.589583 0.334375 0.589583
4 0.142187 0.539583 0.212500 0.539583 0.212500 0.620833 0.142187 0.620833
4 0.228125 0.541667 0.295312 0.541667 0.295312 0.631250 0.228125 0.631250
4 0.032812 0.747917 0.173437 0.747917 0.173437 0.920833 0.032812 0.920833