9 0.310937 0.370833 0.345313 0.370833 0.345313 0.429167 0.310937 0.429167
9 0.343750 0.385417 0.381250 0.385417 0.381250 0.439583 0.343750 0.439583
8 0.246875 0.377083 0.317188 0.377083 0.317188 0.477083 0.246875 0.477083
4 0.392188 0.418750 0.420312 0.418750 0.420312 0.458333 0.392188 0.458333
4 0.378125 0.454167 0.415625 0.454167 0.415625 0.495833 0.378125 0.495833
11 0.143750 0.422917 0.259375 0.422917 0.259375 0.593750 0.143750 0.593750
8 0.232812 0.433333 0.328125 0.433333 0.328125 0.597917 0.232812 0.597917
4 0.342188 0.510417 0.393750 0.510417 0.393750 0.564583 0.342188 0.564583
4 0.087500 0.527083 0.153125 0.527083 0.153125 0.589583 0.087500 0.589583
4 0.317188 0.554167 0.381250 0.554167 0.381250 0.635417 0.317188 0.635417
7 0.000000 0.595833 0.132812 0.595833 0.132812 0.762500 0.000000 0.762500
6 0.285938 0.643750 0.373438 0.643750 0.373438 0.768750 0.285938 0.768750
4 0.090625 0.697917 0.215625 0.697917 0.215625 0.831250 0.090625 0.831250
4 0.237500 0.762500 0.351562 0.762500 0.351562 0.908333 0.237500 0.908333