8 0.287500 0.356250 0.345313 0.356250 0.345313 0.443750 0.287500 0.443750
4 0.400000 0.395833 0.426563 0.395833 0.426563 0.433333 0.400000 0.433333
4 0.478125 0.402083 0.506250 0.402083 0.506250 0.439583 0.478125 0.439583
8 0.296875 0.393750 0.365625 0.393750 0.365625 0.489583 0.296875 0.489583
4 0.393750 0.427083 0.423437 0.427083 0.423437 0.460417 0.393750 0.460417
11 0.235937 0.391667 0.307812 0.391667 0.307812 0.500000 0.235937 0.500000
4 0.496875 0.435417 0.529687 0.435417 0.529687 0.485417 0.496875 0.485417
4 0.375000 0.452083 0.409375 0.452083 0.409375 0.497917 0.375000 0.497917
9 0.562500 0.412500 0.635938 0.412500 0.635938 0.545833 0.562500 0.545833
4 0.501563 0.468750 0.540625 0.468750 0.540625 0.535417 0.501563 0.535417
4 0.276562 0.489583 0.331250 0.489583 0.331250 0.554167 0.276562 0.554167
4 0.348437 0.504167 0.398438 0.504167 0.398438 0.562500 0.348437 0.562500
7 0.168750 0.487500 0.240625 0.487500 0.240625 0.583333 0.168750 0.583333
4 0.082812 0.527083 0.154687 0.527083 0.154687 0.597917 0.082812 0.597917
6 0.321875 0.566667 0.389062 0.566667 0.389062 0.664583 0.321875 0.664583
7 0.029687 0.589583 0.150000 0.589583 0.150000 0.729167 0.029687 0.729167
4 0.532813 0.610417 0.607812 0.610417 0.607812 0.716667 0.532813 0.716667
4 0.276563 0.681250 0.367188 0.681250 0.367188 0.806250 0.276563 0.806250
4 0.087500 0.710417 0.203125 0.710417 0.203125 0.833333 0.087500 0.833333
7 0.818750 0.697917 1.000000 0.697917 1.000000 0.902083 0.818750 0.902083