4 0.390625 0.402083 0.423438 0.402083 0.423438 0.445833 0.390625 0.445833
8 0.321875 0.387500 0.378125 0.387500 0.378125 0.468750 0.321875 0.468750
9 0.259375 0.400000 0.307812 0.400000 0.307812 0.475000 0.259375 0.475000
9 0.287500 0.435417 0.342187 0.435417 0.342187 0.522917 0.287500 0.522917
8 0.153125 0.412500 0.257812 0.412500 0.257812 0.564583 0.153125 0.564583
4 0.367188 0.466667 0.409375 0.466667 0.409375 0.516667 0.367188 0.516667
4 0.354687 0.489583 0.404688 0.489583 0.404688 0.550000 0.354687 0.550000
4 0.320312 0.554167 0.378125 0.554167 0.378125 0.620833 0.320312 0.620833
11 0.000000 0.500000 0.184375 0.500000 0.184375 0.716667 0.000000 0.716667
4 0.293750 0.595833 0.368750 0.595833 0.368750 0.695833 0.293750 0.695833
6 0.281250 0.654167 0.367188 0.654167 0.367188 0.781250 0.281250 0.781250
8 0.000000 0.622917 0.184375 0.622917 0.184375 0.997917 0.000000 0.997917
4 0.237500 0.762500 0.350000 0.762500 0.350000 0.912500 0.237500 0.912500