9 0.331250 0.368750 0.381250 0.368750 0.381250 0.443750 0.331250 0.443750
4 0.481250 0.412500 0.514062 0.412500 0.514062 0.454167 0.481250 0.454167
4 0.385937 0.427083 0.415625 0.427083 0.415625 0.458333 0.385937 0.458333
8 0.592188 0.404167 0.656250 0.404167 0.656250 0.487500 0.592188 0.487500
8 0.273438 0.400000 0.354688 0.400000 0.354688 0.527083 0.273438 0.527083
4 0.367188 0.462500 0.409375 0.462500 0.409375 0.518750 0.367188 0.518750
7 0.165625 0.477083 0.248438 0.477083 0.248438 0.568750 0.165625 0.568750
4 0.346875 0.493750 0.400000 0.493750 0.400000 0.556250 0.346875 0.556250
4 0.510938 0.489583 0.562500 0.489583 0.562500 0.560417 0.510938 0.560417
9 0.185937 0.491667 0.293750 0.491667 0.293750 0.627083 0.185937 0.627083
7 0.064062 0.543750 0.168750 0.543750 0.168750 0.662500 0.064062 0.662500
4 0.301563 0.602083 0.378125 0.602083 0.378125 0.700000 0.301563 0.700000
4 0.237500 0.760417 0.360937 0.760417 0.360937 0.918750 0.237500 0.918750
4 0.796875 0.783333 0.979688 0.783333 0.979688 1.000000 0.796875 1.000000