7 0.331250 0.377083 0.357813 0.377083 0.357813 0.414583 0.331250 0.414583
4 0.365625 0.383333 0.395313 0.383333 0.395313 0.418750 0.365625 0.418750
6 0.401562 0.395833 0.428125 0.395833 0.428125 0.420833 0.401562 0.420833
4 0.359375 0.402083 0.385938 0.402083 0.385938 0.435417 0.359375 0.435417
4 0.395313 0.416667 0.418750 0.416667 0.418750 0.445833 0.395313 0.445833
9 0.262500 0.404167 0.307812 0.404167 0.307812 0.468750 0.262500 0.468750
4 0.479687 0.420833 0.514062 0.420833 0.514062 0.464583 0.479687 0.464583
9 0.321875 0.422917 0.365625 0.422917 0.365625 0.481250 0.321875 0.481250
4 0.382812 0.445833 0.417188 0.445833 0.417188 0.487500 0.382812 0.487500
7 0.215625 0.437500 0.260937 0.437500 0.260937 0.508333 0.215625 0.508333
7 0.256250 0.460417 0.318750 0.460417 0.318750 0.550000 0.256250 0.550000
9 0.156250 0.462500 0.231250 0.462500 0.231250 0.564583 0.156250 0.564583
4 0.332813 0.550000 0.393750 0.550000 0.393750 0.625000 0.332813 0.625000
9 0.168750 0.545833 0.265625 0.545833 0.265625 0.702083 0.168750 0.702083
4 0.276562 0.668750 0.378125 0.668750 0.378125 0.797917 0.276562 0.797917
4 0.601562 0.808333 0.745313 0.808333 0.745313 1.000000 0.601562 1.000000