4 0.481250 0.350000 0.506250 0.350000 0.506250 0.375000 0.481250 0.375000
4 0.467188 0.368750 0.495312 0.368750 0.495312 0.404167 0.467188 0.404167
8 0.295313 0.379167 0.339062 0.379167 0.339062 0.439583 0.295313 0.439583
9 0.245312 0.397917 0.298437 0.397917 0.298437 0.466667 0.245312 0.466667
4 0.334375 0.425000 0.371875 0.425000 0.371875 0.466667 0.334375 0.466667
4 0.373437 0.439583 0.404687 0.439583 0.404687 0.487500 0.373437 0.487500
9 0.171875 0.429167 0.275000 0.429167 0.275000 0.508333 0.171875 0.508333
9 0.204687 0.447917 0.323437 0.447917 0.323437 0.597917 0.204687 0.597917
4 0.359375 0.500000 0.410937 0.500000 0.410937 0.585417 0.359375 0.585417
4 0.326562 0.554167 0.376563 0.554167 0.376563 0.620833 0.326562 0.620833
8 0.053125 0.506250 0.248438 0.506250 0.248438 0.795833 0.053125 0.795833
4 0.287500 0.608333 0.365625 0.608333 0.365625 0.716667 0.287500 0.716667
4 0.000000 0.664583 0.050000 0.664583 0.050000 0.772917 0.000000 0.772917
4 0.232813 0.693750 0.346875 0.693750 0.346875 0.831250 0.232813 0.831250
9 0.000000 0.750000 0.096875 0.750000 0.096875 1.000000 0.000000 1.000000
4 0.195312 0.835417 0.343750 0.835417 0.343750 1.000000 0.195312 1.000000