9 0.256250 0.383333 0.320312 0.383333 0.320312 0.479167 0.256250 0.479167
4 0.235938 0.420833 0.273438 0.420833 0.273438 0.460417 0.235938 0.460417
4 0.378125 0.422917 0.404688 0.422917 0.404688 0.460417 0.378125 0.460417
4 0.325000 0.439583 0.357813 0.439583 0.357813 0.481250 0.325000 0.481250
4 0.212500 0.445833 0.250000 0.445833 0.250000 0.491667 0.212500 0.491667
4 0.498438 0.447917 0.531250 0.447917 0.531250 0.500000 0.498438 0.500000
9 0.271875 0.435417 0.348438 0.435417 0.348438 0.545833 0.271875 0.545833
4 0.368750 0.470833 0.409375 0.470833 0.409375 0.518750 0.368750 0.518750
4 0.148438 0.481250 0.201562 0.481250 0.201562 0.533333 0.148438 0.533333
4 0.646875 0.485417 0.701562 0.485417 0.701562 0.545833 0.646875 0.545833
4 0.335938 0.510417 0.389062 0.510417 0.389062 0.589583 0.335938 0.589583
4 0.132812 0.520833 0.200000 0.520833 0.200000 0.604167 0.132812 0.604167
4 0.607812 0.541667 0.682812 0.541667 0.682812 0.633333 0.607812 0.633333
4 0.523438 0.556250 0.587500 0.556250 0.587500 0.656250 0.523438 0.656250
4 0.193750 0.562500 0.270313 0.562500 0.270313 0.658333 0.193750 0.658333
7 0.000000 0.587500 0.123438 0.587500 0.123438 0.762500 0.000000 0.762500
4 0.209375 0.635417 0.321875 0.635417 0.321875 0.747917 0.209375 0.747917
4 0.575000 0.800000 0.725000 0.800000 0.725000 1.000000 0.575000 1.000000