4 0.492188 0.375000 0.521875 0.375000 0.521875 0.408333 0.492188 0.408333
8 0.296875 0.379167 0.346875 0.379167 0.346875 0.441667 0.296875 0.441667
4 0.353125 0.400000 0.376563 0.400000 0.376563 0.435417 0.353125 0.435417
4 0.487500 0.406250 0.515625 0.406250 0.515625 0.441667 0.487500 0.441667
9 0.245312 0.395833 0.315625 0.395833 0.315625 0.454167 0.245312 0.454167
4 0.335938 0.422917 0.371875 0.422917 0.371875 0.458333 0.335938 0.458333
9 0.187500 0.416667 0.271875 0.416667 0.271875 0.489583 0.187500 0.489583
4 0.370313 0.427083 0.414062 0.427083 0.414062 0.481250 0.370313 0.481250
4 0.301563 0.470833 0.334375 0.470833 0.334375 0.541667 0.301563 0.541667
4 0.359375 0.487500 0.409375 0.487500 0.409375 0.562500 0.359375 0.562500
9 0.203125 0.450000 0.315625 0.450000 0.315625 0.612500 0.203125 0.612500
4 0.332813 0.541667 0.384375 0.541667 0.384375 0.608333 0.332813 0.608333
4 0.290625 0.587500 0.370312 0.587500 0.370312 0.702083 0.290625 0.702083
8 0.056250 0.502083 0.268750 0.502083 0.268750 0.810417 0.056250 0.810417
4 0.012500 0.614583 0.070312 0.614583 0.070312 0.716667 0.012500 0.716667
4 0.226562 0.691667 0.342187 0.691667 0.342187 0.827083 0.226562 0.827083
9 0.000000 0.731250 0.121875 0.731250 0.121875 1.000000 0.000000 1.000000
4 0.171875 0.829167 0.339063 0.829167 0.339063 1.000000 0.171875 1.000000