8 0.493750 0.345833 0.518750 0.345833 0.518750 0.391667 0.493750 0.391667
9 0.334375 0.350000 0.365625 0.350000 0.365625 0.397917 0.334375 0.397917
7 0.351562 0.383333 0.381250 0.383333 0.381250 0.427083 0.351562 0.427083
4 0.387500 0.397917 0.412500 0.397917 0.412500 0.416667 0.387500 0.416667
7 0.304688 0.391667 0.337500 0.391667 0.337500 0.435417 0.304688 0.435417
4 0.479688 0.402083 0.500000 0.402083 0.500000 0.425000 0.479688 0.425000
4 0.384375 0.414583 0.412500 0.414583 0.412500 0.443750 0.384375 0.443750
4 0.295312 0.414583 0.321875 0.414583 0.321875 0.447917 0.295312 0.447917
9 0.331250 0.404167 0.367188 0.404167 0.367188 0.466667 0.331250 0.466667
4 0.242188 0.425000 0.276563 0.425000 0.276563 0.458333 0.242188 0.458333
4 0.387500 0.433333 0.418750 0.433333 0.418750 0.466667 0.387500 0.466667
4 0.310938 0.441667 0.348438 0.441667 0.348438 0.493750 0.310938 0.493750
4 0.375000 0.447917 0.409375 0.447917 0.409375 0.489583 0.375000 0.489583
4 0.256250 0.454167 0.290625 0.454167 0.290625 0.495833 0.256250 0.495833
4 0.359375 0.468750 0.396875 0.468750 0.396875 0.520833 0.359375 0.520833
8 0.131250 0.445833 0.243750 0.445833 0.243750 0.579167 0.131250 0.579167
4 0.275000 0.489583 0.323437 0.489583 0.323437 0.545833 0.275000 0.545833
4 0.348438 0.489583 0.395313 0.489583 0.395313 0.552083 0.348438 0.552083
4 0.231250 0.552083 0.293750 0.552083 0.293750 0.629167 0.231250 0.629167
8 0.000000 0.527083 0.145313 0.527083 0.145313 0.770833 0.000000 0.770833
4 0.300000 0.635417 0.382812 0.635417 0.382812 0.743750 0.300000 0.743750
4 0.117187 0.677083 0.225000 0.677083 0.225000 0.820833 0.117187 0.820833
4 0.176563 0.835417 0.304688 0.835417 0.304688 0.995833 0.176563 0.995833