8 0.214063 0.416667 0.287500 0.416667 0.287500 0.512500 0.214063 0.512500
8 0.546875 0.397917 0.631250 0.397917 0.631250 0.547917 0.546875 0.547917
4 0.310938 0.454167 0.346875 0.454167 0.346875 0.502083 0.310938 0.502083
4 0.356250 0.479167 0.401562 0.479167 0.401562 0.541667 0.356250 0.541667
7 0.651563 0.447917 0.726562 0.447917 0.726562 0.572917 0.651563 0.572917
4 0.276563 0.497917 0.320312 0.497917 0.320312 0.550000 0.276563 0.550000
8 0.093750 0.452083 0.231250 0.452083 0.231250 0.616667 0.093750 0.616667
4 0.509375 0.510417 0.554688 0.510417 0.554688 0.572917 0.509375 0.572917
4 0.346875 0.527083 0.398438 0.527083 0.398438 0.597917 0.346875 0.597917
4 0.229688 0.537500 0.296875 0.537500 0.296875 0.629167 0.229688 0.629167
4 0.301563 0.600000 0.370312 0.600000 0.370312 0.679167 0.301563 0.679167
4 0.582813 0.597917 0.662500 0.597917 0.662500 0.722917 0.582813 0.722917
9 0.000000 0.597917 0.206250 0.597917 0.206250 1.000000 0.000000 1.000000
4 0.223438 0.720833 0.348438 0.720833 0.348438 0.897917 0.223438 0.897917