4 0.459375 0.362500 0.501563 0.362500 0.501563 0.397917 0.459375 0.397917
8 0.304688 0.370833 0.343750 0.370833 0.343750 0.437500 0.304688 0.437500
4 0.478125 0.389583 0.509375 0.389583 0.509375 0.425000 0.478125 0.425000
8 0.253125 0.389583 0.318750 0.389583 0.318750 0.468750 0.253125 0.468750
4 0.382812 0.414583 0.425000 0.414583 0.425000 0.466667 0.382812 0.466667
4 0.340625 0.418750 0.373438 0.418750 0.373438 0.464583 0.340625 0.464583
4 0.303125 0.445833 0.353125 0.445833 0.353125 0.500000 0.303125 0.500000
9 0.176562 0.437500 0.243750 0.437500 0.243750 0.541667 0.176562 0.541667
4 0.346875 0.468750 0.404688 0.468750 0.404688 0.522917 0.346875 0.522917
7 0.632812 0.458333 0.685938 0.458333 0.685938 0.547917 0.632812 0.547917
9 0.571875 0.445833 0.642188 0.445833 0.642188 0.570833 0.571875 0.570833
4 0.339063 0.510417 0.414062 0.510417 0.414062 0.579167 0.339063 0.579167
9 0.175000 0.464583 0.314063 0.464583 0.314063 0.641667 0.175000 0.641667
9 0.006250 0.506250 0.171875 0.506250 0.171875 0.656250 0.006250 0.656250
4 0.317188 0.560417 0.396875 0.560417 0.396875 0.650000 0.317188 0.650000
4 0.284375 0.604167 0.379688 0.604167 0.379688 0.718750 0.284375 0.718750
8 0.000000 0.527083 0.232813 0.527083 0.232813 0.943750 0.000000 0.943750
4 0.239062 0.677083 0.359375 0.677083 0.359375 0.822917 0.239062 0.822917
4 0.184375 0.814583 0.343750 0.814583 0.343750 1.000000 0.184375 1.000000