7 0.528125 0.393750 0.562500 0.393750 0.562500 0.450000 0.528125 0.450000
9 0.315625 0.377083 0.370312 0.377083 0.370312 0.468750 0.315625 0.468750
4 0.393750 0.418750 0.415625 0.418750 0.415625 0.450000 0.393750 0.450000
8 0.579688 0.391667 0.643750 0.391667 0.643750 0.483333 0.579688 0.483333
4 0.490625 0.429167 0.523438 0.429167 0.523438 0.477083 0.490625 0.477083
4 0.379688 0.445833 0.407812 0.445833 0.407812 0.481250 0.379688 0.481250
8 0.207813 0.427083 0.326563 0.427083 0.326563 0.614583 0.207813 0.614583
4 0.334375 0.510417 0.396875 0.510417 0.396875 0.593750 0.334375 0.593750
7 0.062500 0.529167 0.182812 0.529167 0.182812 0.645833 0.062500 0.645833
4 0.554688 0.556250 0.631250 0.556250 0.631250 0.664583 0.554688 0.664583
4 0.301563 0.577083 0.371875 0.577083 0.371875 0.660417 0.301563 0.660417
9 0.018750 0.602083 0.214062 0.602083 0.214062 0.854167 0.018750 0.854167
4 0.559375 0.689583 0.659375 0.689583 0.659375 0.868750 0.559375 0.868750
4 0.220312 0.779167 0.340625 0.779167 0.340625 0.937500 0.220312 0.937500