9 0.518750 0.381250 0.554688 0.381250 0.554688 0.450000 0.518750 0.450000
4 0.376563 0.431250 0.414062 0.431250 0.414062 0.475000 0.376563 0.475000
4 0.321875 0.435417 0.360938 0.435417 0.360938 0.485417 0.321875 0.485417
4 0.495312 0.456250 0.535937 0.456250 0.535937 0.529167 0.495312 0.529167
4 0.296875 0.468750 0.339063 0.468750 0.339063 0.520833 0.296875 0.520833
4 0.350000 0.481250 0.403125 0.481250 0.403125 0.539583 0.350000 0.539583
9 0.107813 0.466667 0.204687 0.466667 0.204687 0.595833 0.107813 0.595833
4 0.346875 0.516667 0.398438 0.516667 0.398438 0.587500 0.346875 0.587500
9 0.159375 0.464583 0.293750 0.464583 0.293750 0.662500 0.159375 0.662500
4 0.318750 0.564583 0.379688 0.564583 0.379688 0.645833 0.318750 0.645833
4 0.284375 0.602083 0.373438 0.602083 0.373438 0.729167 0.284375 0.729167
4 0.793750 0.637500 0.910937 0.637500 0.910937 0.779167 0.793750 0.779167
4 0.234375 0.685417 0.345313 0.685417 0.345313 0.825000 0.234375 0.825000
8 0.000000 0.575000 0.204687 0.575000 0.204687 1.000000 0.000000 1.000000
4 0.565625 0.706250 0.703125 0.706250 0.703125 0.929167 0.565625 0.929167
4 0.187500 0.822917 0.334375 0.822917 0.334375 1.000000 0.187500 1.000000