9 0.337500 0.372917 0.381250 0.372917 0.381250 0.437500 0.337500 0.437500
4 0.385937 0.427083 0.415625 0.427083 0.415625 0.458333 0.385937 0.458333
8 0.292188 0.395833 0.359375 0.395833 0.359375 0.508333 0.292188 0.508333
4 0.371875 0.452083 0.414062 0.452083 0.414062 0.508333 0.371875 0.508333
4 0.492188 0.452083 0.531250 0.452083 0.531250 0.508333 0.492188 0.508333
4 0.362500 0.470833 0.401562 0.470833 0.401562 0.520833 0.362500 0.520833
7 0.190625 0.456250 0.262500 0.456250 0.262500 0.554167 0.190625 0.554167
9 0.229688 0.466667 0.318750 0.466667 0.318750 0.579167 0.229688 0.579167
7 0.115625 0.504167 0.206250 0.504167 0.206250 0.608333 0.115625 0.608333
8 0.696875 0.481250 0.826562 0.481250 0.826562 0.650000 0.696875 0.650000
4 0.325000 0.554167 0.390625 0.554167 0.390625 0.635417 0.325000 0.635417
4 0.525000 0.550000 0.585938 0.550000 0.585938 0.654167 0.525000 0.654167
7 0.000000 0.581250 0.096875 0.581250 0.096875 0.675000 0.000000 0.675000
4 0.278125 0.664583 0.375000 0.664583 0.375000 0.781250 0.278125 0.781250
0 0.000000 0.620833 0.207813 0.620833 0.207813 1.000000 0.000000 1.000000