8 0.295313 0.383333 0.340625 0.383333 0.340625 0.445833 0.295313 0.445833
7 0.575000 0.395833 0.614062 0.395833 0.614062 0.468750 0.575000 0.468750
8 0.243750 0.404167 0.307812 0.404167 0.307812 0.477083 0.243750 0.477083
4 0.387500 0.418750 0.418750 0.418750 0.418750 0.468750 0.387500 0.468750
9 0.532813 0.395833 0.576562 0.395833 0.576562 0.493750 0.532813 0.493750
4 0.326562 0.431250 0.368750 0.431250 0.368750 0.468750 0.326562 0.468750
4 0.300000 0.458333 0.342188 0.458333 0.342188 0.514583 0.300000 0.514583
4 0.351562 0.468750 0.395312 0.468750 0.395312 0.535417 0.351562 0.535417
9 0.137500 0.450000 0.220312 0.450000 0.220312 0.558333 0.137500 0.558333
9 0.168750 0.460417 0.309375 0.460417 0.309375 0.639583 0.168750 0.639583
4 0.345313 0.514583 0.404687 0.514583 0.404687 0.585417 0.345313 0.585417
4 0.315625 0.562500 0.382812 0.562500 0.382812 0.643750 0.315625 0.643750
4 0.279687 0.604167 0.367188 0.604167 0.367188 0.714583 0.279687 0.714583
4 0.539062 0.635417 0.640625 0.635417 0.640625 0.793750 0.539062 0.793750
4 0.239063 0.683333 0.348438 0.683333 0.348438 0.818750 0.239063 0.818750
8 0.000000 0.562500 0.223438 0.562500 0.223438 1.000000 0.000000 1.000000
4 0.195312 0.822917 0.332812 0.822917 0.332812 0.997917 0.195312 0.997917