4 0.462500 0.350000 0.482812 0.350000 0.482812 0.377083 0.462500 0.377083
7 0.495312 0.354167 0.521875 0.354167 0.521875 0.387500 0.495312 0.387500
8 0.304688 0.381250 0.345313 0.381250 0.345313 0.437500 0.304688 0.437500
4 0.359375 0.393750 0.387500 0.393750 0.387500 0.427083 0.359375 0.427083
4 0.506250 0.391667 0.543750 0.391667 0.543750 0.433333 0.506250 0.433333
9 0.260937 0.387500 0.309375 0.387500 0.309375 0.441667 0.260937 0.441667
4 0.345313 0.420833 0.368750 0.420833 0.368750 0.452083 0.345313 0.452083
4 0.381250 0.425000 0.417187 0.425000 0.417187 0.466667 0.381250 0.466667
4 0.496875 0.441667 0.537500 0.441667 0.537500 0.493750 0.496875 0.493750
9 0.206250 0.418750 0.285938 0.418750 0.285938 0.527083 0.206250 0.527083
4 0.303125 0.462500 0.339062 0.462500 0.339062 0.529167 0.303125 0.529167
4 0.362500 0.481250 0.415625 0.481250 0.415625 0.541667 0.362500 0.541667
9 0.221875 0.437500 0.310938 0.437500 0.310938 0.604167 0.221875 0.604167
4 0.328125 0.531250 0.398438 0.531250 0.398438 0.614583 0.328125 0.614583
4 0.284375 0.597917 0.364063 0.597917 0.364063 0.693750 0.284375 0.693750
8 0.040625 0.497917 0.273438 0.497917 0.273438 0.802083 0.040625 0.802083
4 0.235938 0.691667 0.345313 0.691667 0.345313 0.810417 0.235938 0.810417
9 0.000000 0.735417 0.118750 0.735417 0.118750 1.000000 0.000000 1.000000
4 0.182813 0.814583 0.334375 0.814583 0.334375 1.000000 0.182813 1.000000