7 0.256250 0.406250 0.306250 0.406250 0.306250 0.466667 0.256250 0.466667
7 0.598438 0.404167 0.646875 0.404167 0.646875 0.485417 0.598438 0.485417
4 0.478125 0.420833 0.517188 0.420833 0.517188 0.479167 0.478125 0.479167
8 0.534375 0.406250 0.596875 0.406250 0.596875 0.497917 0.534375 0.497917
7 0.312500 0.416667 0.356250 0.416667 0.356250 0.491667 0.312500 0.491667
9 0.217188 0.429167 0.278125 0.429167 0.278125 0.522917 0.217188 0.522917
4 0.645313 0.483333 0.689063 0.483333 0.689063 0.547917 0.645313 0.547917
4 0.360938 0.491667 0.406250 0.491667 0.406250 0.541667 0.360938 0.541667
9 0.262500 0.468750 0.323437 0.468750 0.323437 0.570833 0.262500 0.570833
4 0.515625 0.518750 0.579687 0.518750 0.579687 0.595833 0.515625 0.595833
4 0.329687 0.560417 0.393750 0.560417 0.393750 0.645833 0.329687 0.645833
8 0.004687 0.500000 0.168750 0.500000 0.168750 0.720833 0.004687 0.720833
4 0.201563 0.620833 0.284375 0.620833 0.284375 0.700000 0.201563 0.700000
4 0.237500 0.756250 0.360937 0.756250 0.360937 0.916667 0.237500 0.916667