8 0.281250 0.368750 0.339063 0.368750 0.339063 0.456250 0.281250 0.456250
4 0.398438 0.397917 0.425000 0.397917 0.425000 0.435417 0.398438 0.435417
9 0.539062 0.391667 0.596875 0.391667 0.596875 0.493750 0.539062 0.493750
4 0.393750 0.427083 0.423437 0.427083 0.423437 0.460417 0.393750 0.460417
4 0.482812 0.418750 0.515625 0.418750 0.515625 0.470833 0.482812 0.470833
11 0.223438 0.391667 0.303125 0.391667 0.303125 0.510417 0.223438 0.510417
8 0.292187 0.400000 0.354687 0.400000 0.354687 0.508333 0.292187 0.508333
4 0.370312 0.464583 0.404688 0.464583 0.404688 0.510417 0.370312 0.510417
4 0.506250 0.504167 0.550000 0.504167 0.550000 0.564583 0.506250 0.564583
4 0.256250 0.508333 0.310937 0.508333 0.310937 0.566667 0.256250 0.566667
7 0.150000 0.493750 0.228125 0.493750 0.228125 0.608333 0.150000 0.608333
4 0.337500 0.518750 0.392188 0.518750 0.392188 0.589583 0.337500 0.589583
7 0.698437 0.545833 0.795312 0.545833 0.795312 0.675000 0.698437 0.675000
6 0.315625 0.583333 0.385937 0.583333 0.385937 0.683333 0.315625 0.683333
7 0.000000 0.612500 0.109375 0.612500 0.109375 0.785417 0.000000 0.785417
4 0.264062 0.706250 0.360938 0.706250 0.360938 0.839583 0.264062 0.839583
4 0.026563 0.777083 0.165625 0.777083 0.165625 0.933333 0.026563 0.933333