8 0.289062 0.387500 0.339063 0.387500 0.339063 0.458333 0.289062 0.458333
9 0.229687 0.404167 0.284375 0.404167 0.284375 0.479167 0.229687 0.479167
4 0.375000 0.429167 0.420312 0.429167 0.420312 0.466667 0.375000 0.466667
4 0.325000 0.433333 0.360937 0.433333 0.360937 0.479167 0.325000 0.479167
4 0.359375 0.450000 0.412500 0.450000 0.412500 0.512500 0.359375 0.512500
9 0.131250 0.445833 0.243750 0.445833 0.243750 0.562500 0.131250 0.562500
9 0.189062 0.454167 0.317187 0.454167 0.317187 0.633333 0.189062 0.633333
4 0.346875 0.514583 0.396875 0.514583 0.396875 0.587500 0.346875 0.587500
4 0.509375 0.508333 0.581250 0.508333 0.581250 0.608333 0.509375 0.608333
4 0.317188 0.554167 0.381250 0.554167 0.381250 0.643750 0.317188 0.643750
8 0.028125 0.479167 0.284375 0.479167 0.284375 0.808333 0.028125 0.808333
4 0.281250 0.608333 0.384375 0.608333 0.384375 0.718750 0.281250 0.718750
4 0.232812 0.679167 0.351562 0.679167 0.351562 0.837500 0.232812 0.837500
9 0.000000 0.750000 0.112500 0.750000 0.112500 1.000000 0.000000 1.000000
4 0.184375 0.829167 0.360938 0.829167 0.360938 0.995833 0.184375 0.995833
4 0.618750 0.939583 0.790625 0.939583 0.790625 1.000000 0.618750 1.000000