0 0.506250 0.368750 0.535938 0.368750 0.535938 0.408333 0.506250 0.408333
4 0.550000 0.389583 0.567187 0.389583 0.567187 0.414583 0.550000 0.414583
7 0.339062 0.395833 0.371875 0.395833 0.371875 0.447917 0.339062 0.447917
9 0.267187 0.377083 0.317188 0.377083 0.317188 0.468750 0.267187 0.468750
4 0.576562 0.408333 0.604687 0.408333 0.604687 0.441667 0.576562 0.441667
4 0.525000 0.412500 0.550000 0.412500 0.550000 0.443750 0.525000 0.443750
4 0.482813 0.412500 0.510938 0.412500 0.510938 0.452083 0.482813 0.452083
4 0.384375 0.422917 0.410938 0.422917 0.410938 0.454167 0.384375 0.454167
7 0.314062 0.418750 0.356250 0.418750 0.356250 0.489583 0.314062 0.489583
4 0.607812 0.435417 0.645313 0.435417 0.645313 0.483333 0.607812 0.483333
4 0.375000 0.458333 0.407813 0.458333 0.407813 0.493750 0.375000 0.493750
9 0.185938 0.412500 0.275000 0.412500 0.275000 0.554167 0.185938 0.554167
4 0.550000 0.456250 0.584375 0.456250 0.584375 0.510417 0.550000 0.510417
4 0.262500 0.493750 0.307812 0.493750 0.307812 0.556250 0.262500 0.556250
4 0.345313 0.495833 0.390625 0.495833 0.390625 0.577083 0.345313 0.577083
4 0.601562 0.514583 0.653125 0.514583 0.653125 0.568750 0.601562 0.568750
4 0.114062 0.508333 0.165625 0.508333 0.165625 0.577083 0.114062 0.577083
4 0.510938 0.516667 0.543750 0.516667 0.543750 0.587500 0.510938 0.587500
7 0.710938 0.522917 0.787500 0.522917 0.787500 0.616667 0.710938 0.616667
9 0.170313 0.514583 0.295312 0.514583 0.295312 0.691667 0.170313 0.691667
4 0.057813 0.629167 0.129688 0.629167 0.129688 0.731250 0.057813 0.731250
4 0.293750 0.641667 0.368750 0.641667 0.368750 0.735417 0.293750 0.735417
4 0.564062 0.695833 0.671875 0.695833 0.671875 0.864583 0.564062 0.864583
4 0.925000 0.750000 1.000000 0.750000 1.000000 0.972917 0.925000 0.972917
4 0.793750 0.822917 0.970313 0.822917 0.970313 1.000000 0.793750 1.000000
4 0.003125 0.868750 0.078125 0.868750 0.078125 0.995833 0.003125 0.995833
4 0.150000 0.925000 0.281250 0.925000 0.281250 1.000000 0.150000 1.000000