8 0.309375 0.379167 0.343750 0.379167 0.343750 0.435417 0.309375 0.435417
4 0.507812 0.393750 0.532812 0.393750 0.532812 0.427083 0.507812 0.427083
9 0.264062 0.391667 0.314063 0.391667 0.314063 0.435417 0.264062 0.435417
9 0.206250 0.404167 0.270313 0.404167 0.270313 0.470833 0.206250 0.470833
4 0.343750 0.427083 0.371875 0.427083 0.371875 0.460417 0.343750 0.460417
4 0.379688 0.422917 0.409375 0.422917 0.409375 0.475000 0.379688 0.475000
4 0.496875 0.435417 0.529687 0.435417 0.529687 0.483333 0.496875 0.483333
4 0.310937 0.466667 0.337500 0.466667 0.337500 0.516667 0.310937 0.516667
4 0.359375 0.485417 0.403125 0.485417 0.403125 0.543750 0.359375 0.543750
9 0.207813 0.439583 0.318750 0.439583 0.318750 0.602083 0.207813 0.602083
4 0.331250 0.531250 0.387500 0.531250 0.387500 0.608333 0.331250 0.608333
4 0.284375 0.593750 0.379688 0.593750 0.379688 0.704167 0.284375 0.704167
8 0.037500 0.500000 0.257812 0.500000 0.257812 0.802083 0.037500 0.802083
4 0.240625 0.697917 0.343750 0.697917 0.343750 0.829167 0.240625 0.829167
9 0.000000 0.727083 0.125000 0.727083 0.125000 1.000000 0.000000 1.000000
4 0.173437 0.829167 0.342187 0.829167 0.342187 1.000000 0.173437 1.000000