9 0.337500 0.341667 0.368750 0.341667 0.368750 0.387500 0.337500 0.387500
9 0.309375 0.362500 0.353125 0.362500 0.353125 0.431250 0.309375 0.431250
4 0.412500 0.391667 0.434375 0.391667 0.434375 0.418750 0.412500 0.418750
4 0.285938 0.387500 0.318750 0.387500 0.318750 0.425000 0.285938 0.425000
4 0.392188 0.395833 0.415625 0.395833 0.415625 0.425000 0.392188 0.425000
7 0.343750 0.387500 0.381250 0.387500 0.381250 0.437500 0.343750 0.437500
4 0.381250 0.414583 0.412500 0.414583 0.412500 0.450000 0.381250 0.450000
9 0.317188 0.410417 0.365625 0.410417 0.365625 0.489583 0.317188 0.489583
4 0.381250 0.429167 0.417187 0.429167 0.417187 0.475000 0.381250 0.475000
7 0.245312 0.414583 0.306250 0.414583 0.306250 0.502083 0.245312 0.502083
4 0.370312 0.452083 0.410938 0.452083 0.410938 0.497917 0.370312 0.497917
7 0.565625 0.427083 0.628125 0.427083 0.628125 0.531250 0.565625 0.531250
4 0.290625 0.460417 0.337500 0.460417 0.337500 0.527083 0.290625 0.527083
4 0.343750 0.483333 0.396875 0.483333 0.396875 0.552083 0.343750 0.552083
4 0.192187 0.491667 0.251562 0.491667 0.251562 0.562500 0.192187 0.562500
4 0.243750 0.527083 0.304688 0.527083 0.304688 0.606250 0.243750 0.606250
4 0.050000 0.550000 0.129688 0.550000 0.129688 0.625000 0.050000 0.625000
4 0.632812 0.570833 0.728125 0.570833 0.728125 0.687500 0.632812 0.687500
4 0.135937 0.625000 0.242188 0.625000 0.242188 0.754167 0.135937 0.754167
4 0.185938 0.750000 0.337500 0.750000 0.337500 0.970833 0.185938 0.970833
4 0.787500 0.804167 0.968750 0.804167 0.968750 0.995833 0.787500 0.995833