4 0.365625 0.381250 0.392188 0.381250 0.392188 0.414583 0.365625 0.414583
4 0.403125 0.393750 0.426563 0.393750 0.426563 0.422917 0.403125 0.422917
4 0.475000 0.400000 0.500000 0.400000 0.500000 0.439583 0.475000 0.439583
9 0.339062 0.393750 0.378125 0.393750 0.378125 0.450000 0.339062 0.450000
9 0.290625 0.393750 0.329688 0.393750 0.329688 0.454167 0.290625 0.454167
8 0.520313 0.381250 0.571875 0.381250 0.571875 0.466667 0.520313 0.466667
4 0.390625 0.422917 0.423438 0.422917 0.423438 0.458333 0.390625 0.458333
7 0.245313 0.420833 0.289062 0.420833 0.289062 0.485417 0.245313 0.485417
4 0.609375 0.441667 0.648438 0.441667 0.648438 0.491667 0.609375 0.491667
7 0.293750 0.429167 0.346875 0.429167 0.346875 0.512500 0.293750 0.512500
9 0.206250 0.431250 0.265625 0.431250 0.265625 0.529167 0.206250 0.529167
4 0.498438 0.456250 0.535938 0.456250 0.535938 0.508333 0.498438 0.508333
4 0.351562 0.506250 0.400000 0.506250 0.400000 0.570833 0.351562 0.570833
9 0.240625 0.487500 0.310937 0.487500 0.310937 0.600000 0.240625 0.600000
4 0.309375 0.593750 0.385937 0.593750 0.385937 0.691667 0.309375 0.691667
8 0.000000 0.522917 0.143750 0.522917 0.143750 0.766667 0.000000 0.766667
4 0.529687 0.591667 0.612500 0.591667 0.612500 0.716667 0.529687 0.716667
4 0.157812 0.658333 0.259375 0.658333 0.259375 0.760417 0.157812 0.760417
4 0.190625 0.835417 0.340625 0.835417 0.340625 1.000000 0.190625 1.000000