9 0.507812 0.356250 0.539062 0.356250 0.539062 0.418750 0.507812 0.418750
9 0.320312 0.362500 0.354688 0.362500 0.354688 0.420833 0.320312 0.420833
9 0.350000 0.377083 0.387500 0.377083 0.387500 0.431250 0.350000 0.431250
4 0.473438 0.395833 0.501563 0.395833 0.501563 0.429167 0.473438 0.429167
8 0.262500 0.368750 0.325000 0.368750 0.325000 0.462500 0.262500 0.462500
4 0.395313 0.406250 0.423437 0.406250 0.423437 0.445833 0.395313 0.445833
7 0.575000 0.416667 0.620313 0.416667 0.620313 0.468750 0.575000 0.468750
4 0.382812 0.439583 0.420312 0.439583 0.420312 0.481250 0.382812 0.481250
11 0.187500 0.412500 0.279687 0.412500 0.279687 0.552083 0.187500 0.552083
8 0.254687 0.416667 0.343750 0.416667 0.343750 0.554167 0.254687 0.554167
4 0.167188 0.468750 0.209375 0.468750 0.209375 0.518750 0.167188 0.518750
4 0.351562 0.485417 0.398438 0.485417 0.398438 0.539583 0.351562 0.539583
4 0.325000 0.539583 0.389063 0.539583 0.389063 0.620833 0.325000 0.620833
7 0.060937 0.550000 0.175000 0.550000 0.175000 0.693750 0.060937 0.693750
4 0.176563 0.595833 0.268750 0.595833 0.268750 0.693750 0.176563 0.693750
6 0.292187 0.625000 0.378125 0.625000 0.378125 0.743750 0.292187 0.743750
4 0.239062 0.760417 0.353125 0.760417 0.353125 0.906250 0.239062 0.906250