9 0.270313 0.377083 0.325000 0.377083 0.325000 0.460417 0.270313 0.460417
0 0.518750 0.379167 0.571875 0.379167 0.571875 0.462500 0.518750 0.462500
4 0.576562 0.410417 0.607812 0.410417 0.607812 0.456250 0.576562 0.456250
7 0.312500 0.410417 0.357812 0.410417 0.357812 0.481250 0.312500 0.481250
4 0.381250 0.441667 0.415625 0.441667 0.415625 0.487500 0.381250 0.487500
9 0.203125 0.410417 0.281250 0.410417 0.281250 0.529167 0.203125 0.529167
4 0.625000 0.447917 0.667188 0.447917 0.667188 0.508333 0.625000 0.508333
4 0.175000 0.462500 0.212500 0.462500 0.212500 0.514583 0.175000 0.514583
4 0.292187 0.470833 0.339062 0.470833 0.339062 0.527083 0.292187 0.527083
4 0.356250 0.475000 0.395313 0.475000 0.395313 0.531250 0.356250 0.531250
4 0.570312 0.475000 0.621875 0.475000 0.621875 0.541667 0.570312 0.541667
4 0.503125 0.481250 0.548438 0.481250 0.548438 0.543750 0.503125 0.543750
4 0.679688 0.502083 0.751562 0.502083 0.751562 0.581250 0.679688 0.581250
9 0.195312 0.493750 0.304688 0.493750 0.304688 0.652083 0.195312 0.652083
4 0.106250 0.572917 0.176563 0.572917 0.176563 0.652083 0.106250 0.652083
4 0.320312 0.577083 0.387500 0.577083 0.387500 0.658333 0.320312 0.658333
4 0.000000 0.566667 0.090625 0.566667 0.090625 0.675000 0.000000 0.675000
4 0.628125 0.587500 0.720313 0.587500 0.720313 0.712500 0.628125 0.712500
4 0.196875 0.779167 0.331250 0.779167 0.331250 0.952083 0.196875 0.952083
4 0.000000 0.764583 0.140625 0.764583 0.140625 1.000000 0.000000 1.000000
4 0.581250 0.822917 0.714063 0.822917 0.714063 1.000000 0.581250 1.000000
4 0.807812 0.825000 0.975000 0.825000 0.975000 1.000000 0.807812 1.000000