7 0.325000 0.379167 0.351562 0.379167 0.351562 0.416667 0.325000 0.416667
7 0.290625 0.404167 0.326562 0.404167 0.326562 0.450000 0.290625 0.450000
4 0.340625 0.410417 0.370312 0.410417 0.370312 0.445833 0.340625 0.445833
6 0.387500 0.425000 0.417187 0.425000 0.417187 0.464583 0.387500 0.464583
4 0.315625 0.439583 0.343750 0.439583 0.343750 0.466667 0.315625 0.466667
4 0.375000 0.456250 0.412500 0.456250 0.412500 0.504167 0.375000 0.504167
4 0.314063 0.460417 0.350000 0.460417 0.350000 0.502083 0.314063 0.502083
9 0.190625 0.445833 0.256250 0.445833 0.256250 0.541667 0.190625 0.541667
9 0.246875 0.475000 0.318750 0.475000 0.318750 0.583333 0.246875 0.583333
4 0.354687 0.510417 0.404688 0.510417 0.404688 0.570833 0.354687 0.570833
9 0.692187 0.462500 0.801562 0.462500 0.801562 0.627083 0.692187 0.627083
7 0.118750 0.495833 0.200000 0.495833 0.200000 0.600000 0.118750 0.600000
9 0.000000 0.552083 0.126562 0.552083 0.126562 0.747917 0.000000 0.747917
7 0.078125 0.604167 0.221875 0.604167 0.221875 0.795833 0.078125 0.795833
4 0.260938 0.720833 0.359375 0.720833 0.359375 0.862500 0.260938 0.862500