8 0.337500 0.370833 0.384375 0.370833 0.384375 0.437500 0.337500 0.437500
9 0.281250 0.387500 0.320312 0.387500 0.320312 0.452083 0.281250 0.452083
9 0.529687 0.395833 0.576562 0.395833 0.576562 0.468750 0.529687 0.468750
9 0.318750 0.408333 0.364063 0.408333 0.364063 0.475000 0.318750 0.475000
8 0.201563 0.395833 0.282813 0.395833 0.282813 0.514583 0.201563 0.514583
4 0.384375 0.441667 0.412500 0.441667 0.412500 0.481250 0.384375 0.481250
4 0.367188 0.472917 0.409375 0.472917 0.409375 0.525000 0.367188 0.525000
4 0.332813 0.535417 0.384375 0.535417 0.384375 0.589583 0.332813 0.589583
11 0.048437 0.452083 0.235937 0.452083 0.235937 0.691667 0.048437 0.691667
4 0.304688 0.585417 0.367188 0.585417 0.367188 0.662500 0.304688 0.662500
8 0.118750 0.516667 0.264062 0.516667 0.264062 0.754167 0.118750 0.754167
6 0.279688 0.656250 0.370312 0.656250 0.370312 0.777083 0.279688 0.777083
4 0.235937 0.762500 0.350000 0.762500 0.350000 0.908333 0.235937 0.908333