9 0.321875 0.377083 0.371875 0.377083 0.371875 0.475000 0.321875 0.475000
4 0.485937 0.416667 0.518750 0.416667 0.518750 0.464583 0.485937 0.464583
4 0.376563 0.435417 0.414062 0.435417 0.414062 0.477083 0.376563 0.477083
7 0.545312 0.420833 0.595313 0.420833 0.595313 0.500000 0.545312 0.500000
8 0.610938 0.412500 0.696875 0.412500 0.696875 0.543750 0.610938 0.543750
8 0.226562 0.418750 0.335938 0.418750 0.335938 0.581250 0.226562 0.581250
4 0.346875 0.489583 0.404688 0.489583 0.404688 0.564583 0.346875 0.564583
4 0.514062 0.481250 0.567188 0.481250 0.567188 0.579167 0.514062 0.579167
7 0.087500 0.514583 0.206250 0.514583 0.206250 0.637500 0.087500 0.637500
4 0.321875 0.537500 0.389062 0.537500 0.389062 0.633333 0.321875 0.633333
9 0.068750 0.564583 0.240625 0.564583 0.240625 0.789583 0.068750 0.789583
7 0.000000 0.614583 0.071875 0.614583 0.071875 0.806250 0.000000 0.806250
4 0.248438 0.731250 0.354687 0.731250 0.354687 0.875000 0.248438 0.875000