8 0.542187 0.362500 0.579688 0.362500 0.579688 0.422917 0.542187 0.422917
4 0.504687 0.402083 0.531250 0.402083 0.531250 0.443750 0.504687 0.443750
9 0.301563 0.391667 0.365625 0.391667 0.365625 0.497917 0.301563 0.497917
4 0.484375 0.418750 0.514062 0.418750 0.514062 0.470833 0.484375 0.470833
4 0.390625 0.433333 0.417188 0.433333 0.417188 0.470833 0.390625 0.470833
7 0.250000 0.420833 0.295312 0.420833 0.295312 0.493750 0.250000 0.493750
4 0.373437 0.458333 0.407813 0.458333 0.407813 0.504167 0.373437 0.504167
4 0.514062 0.481250 0.559375 0.481250 0.559375 0.547917 0.514062 0.547917
8 0.143750 0.460417 0.303125 0.460417 0.303125 0.693750 0.143750 0.693750
4 0.312500 0.545833 0.385938 0.545833 0.385938 0.645833 0.312500 0.645833
9 0.000000 0.572917 0.142187 0.572917 0.142187 0.747917 0.000000 0.747917
4 0.268750 0.633333 0.357813 0.633333 0.357813 0.747917 0.268750 0.747917
4 0.557812 0.702083 0.673438 0.702083 0.673438 0.889583 0.557812 0.889583
7 0.756250 0.737500 1.000000 0.737500 1.000000 1.000000 0.756250 1.000000
4 0.196875 0.827083 0.329688 0.827083 0.329688 1.000000 0.196875 1.000000