7 0.325000 0.379167 0.351562 0.379167 0.351562 0.416667 0.325000 0.416667
7 0.290625 0.404167 0.326562 0.404167 0.326562 0.450000 0.290625 0.450000
4 0.340625 0.410417 0.370312 0.410417 0.370312 0.445833 0.340625 0.445833
6 0.387500 0.425000 0.417187 0.425000 0.417187 0.464583 0.387500 0.464583
4 0.315625 0.439583 0.343750 0.439583 0.343750 0.466667 0.315625 0.466667
4 0.375000 0.456250 0.412500 0.456250 0.412500 0.504167 0.375000 0.504167
4 0.314063 0.460417 0.350000 0.460417 0.350000 0.502083 0.314063 0.502083
9 0.184375 0.452083 0.250000 0.452083 0.250000 0.547917 0.184375 0.547917
9 0.671875 0.452083 0.771875 0.452083 0.771875 0.604167 0.671875 0.604167
4 0.354687 0.510417 0.404688 0.510417 0.404688 0.570833 0.354687 0.570833
9 0.239063 0.487500 0.310938 0.487500 0.310938 0.595833 0.239063 0.595833
7 0.106250 0.500000 0.198437 0.500000 0.198437 0.604167 0.106250 0.604167
9 0.000000 0.558333 0.120313 0.558333 0.120313 0.747917 0.000000 0.747917
7 0.065625 0.629167 0.209375 0.629167 0.209375 0.812500 0.065625 0.812500
4 0.248437 0.737500 0.357812 0.737500 0.357812 0.879167 0.248437 0.879167