4 0.368750 0.450000 0.407813 0.450000 0.407813 0.493750 0.368750 0.493750
7 0.232813 0.429167 0.285938 0.429167 0.285938 0.516667 0.232813 0.516667
0 0.275000 0.427083 0.351562 0.427083 0.351562 0.537500 0.275000 0.537500
9 0.164062 0.468750 0.237500 0.468750 0.237500 0.535417 0.164062 0.535417
4 0.362500 0.481250 0.404688 0.481250 0.404688 0.522917 0.362500 0.522917
0 0.521875 0.429167 0.632812 0.429167 0.632812 0.604167 0.521875 0.604167
4 0.345312 0.514583 0.395313 0.514583 0.395313 0.575000 0.345312 0.575000
4 0.318750 0.564583 0.382812 0.564583 0.382812 0.629167 0.318750 0.629167
9 0.048438 0.516667 0.154688 0.516667 0.154688 0.681250 0.048438 0.681250
8 0.145312 0.504167 0.290625 0.504167 0.290625 0.706250 0.145312 0.706250
4 0.293750 0.604167 0.368750 0.604167 0.368750 0.704167 0.293750 0.704167
4 0.540625 0.606250 0.629688 0.606250 0.629688 0.745833 0.540625 0.745833
8 0.776563 0.543750 1.000000 0.543750 1.000000 0.843750 0.776563 0.843750
6 0.250000 0.702083 0.357812 0.702083 0.357812 0.858333 0.250000 0.858333