4 0.306250 0.408333 0.332813 0.408333 0.332813 0.443750 0.306250 0.443750
4 0.337500 0.412500 0.368750 0.412500 0.368750 0.452083 0.337500 0.452083
4 0.384375 0.422917 0.415625 0.422917 0.415625 0.462500 0.384375 0.462500
4 0.478125 0.425000 0.506250 0.425000 0.506250 0.462500 0.478125 0.462500
7 0.267188 0.422917 0.314063 0.422917 0.314063 0.475000 0.267188 0.475000
4 0.571875 0.435417 0.614063 0.435417 0.614063 0.475000 0.571875 0.475000
4 0.314062 0.443750 0.354687 0.443750 0.354687 0.485417 0.314062 0.485417
4 0.379688 0.460417 0.418750 0.460417 0.418750 0.497917 0.379688 0.497917
4 0.493750 0.460417 0.535938 0.460417 0.535938 0.516667 0.493750 0.516667
4 0.298437 0.475000 0.340625 0.475000 0.340625 0.516667 0.298437 0.516667
4 0.210938 0.477083 0.254688 0.477083 0.254688 0.522917 0.210938 0.522917
7 0.570312 0.464583 0.629687 0.464583 0.629687 0.550000 0.570312 0.550000
4 0.360937 0.497917 0.401562 0.497917 0.401562 0.543750 0.360937 0.543750
4 0.284375 0.497917 0.325000 0.497917 0.325000 0.564583 0.284375 0.564583
9 0.045313 0.477083 0.187500 0.477083 0.187500 0.647917 0.045313 0.647917
4 0.350000 0.537500 0.395313 0.537500 0.395313 0.595833 0.350000 0.595833
7 0.198437 0.506250 0.290625 0.506250 0.290625 0.631250 0.198437 0.631250
4 0.351562 0.570833 0.415625 0.570833 0.415625 0.656250 0.351562 0.656250
7 0.137500 0.560417 0.254688 0.560417 0.254688 0.720833 0.137500 0.720833
9 0.000000 0.589583 0.070312 0.589583 0.070312 0.777083 0.000000 0.777083
4 0.267188 0.639583 0.357812 0.639583 0.357812 0.743750 0.267188 0.743750
4 0.243750 0.745833 0.343750 0.745833 0.343750 0.870833 0.243750 0.870833
9 0.000000 0.658333 0.182812 0.658333 0.182812 1.000000 0.000000 1.000000
4 0.603125 0.804167 0.743750 0.804167 0.743750 1.000000 0.603125 1.000000
4 0.153125 0.883333 0.303125 0.883333 0.303125 1.000000 0.153125 1.000000