8 0.331250 0.372917 0.382812 0.372917 0.382812 0.456250 0.331250 0.456250
11 0.275000 0.375000 0.335938 0.375000 0.335938 0.458333 0.275000 0.458333
4 0.382812 0.431250 0.417188 0.431250 0.417188 0.468750 0.382812 0.468750
4 0.315625 0.447917 0.357813 0.447917 0.357813 0.497917 0.315625 0.497917
4 0.206250 0.458333 0.232813 0.458333 0.232813 0.493750 0.206250 0.493750
7 0.226562 0.445833 0.281250 0.445833 0.281250 0.522917 0.226562 0.522917
4 0.367188 0.466667 0.407813 0.466667 0.407813 0.512500 0.367188 0.512500
7 0.631250 0.458333 0.689063 0.458333 0.689063 0.541667 0.631250 0.541667
7 0.146875 0.508333 0.226562 0.508333 0.226562 0.608333 0.146875 0.608333
6 0.343750 0.522917 0.400000 0.522917 0.400000 0.595833 0.343750 0.595833
4 0.217187 0.560417 0.287500 0.560417 0.287500 0.635417 0.217187 0.635417
4 0.306250 0.610417 0.381250 0.610417 0.381250 0.710417 0.306250 0.710417
4 0.542188 0.666667 0.637500 0.666667 0.637500 0.802083 0.542188 0.802083
4 0.092187 0.700000 0.195312 0.700000 0.195312 0.808333 0.092187 0.808333
4 0.198437 0.808333 0.329687 0.808333 0.329687 0.981250 0.198437 0.981250