8 0.351562 0.360417 0.393750 0.360417 0.393750 0.427083 0.351562 0.427083
11 0.301563 0.364583 0.346875 0.364583 0.346875 0.433333 0.301563 0.433333
4 0.389062 0.410417 0.423438 0.410417 0.423438 0.447917 0.389062 0.447917
4 0.476562 0.410417 0.509375 0.410417 0.509375 0.452083 0.476562 0.452083
4 0.339062 0.418750 0.371875 0.418750 0.371875 0.458333 0.339062 0.458333
7 0.262500 0.418750 0.306250 0.418750 0.306250 0.485417 0.262500 0.485417
4 0.378125 0.439583 0.410938 0.439583 0.410938 0.479167 0.378125 0.479167
9 0.579688 0.443750 0.645313 0.443750 0.645313 0.558333 0.579688 0.558333
7 0.200000 0.466667 0.259375 0.466667 0.259375 0.545833 0.200000 0.545833
6 0.359375 0.485417 0.404687 0.485417 0.404687 0.550000 0.359375 0.550000
4 0.265625 0.497917 0.318750 0.497917 0.318750 0.554167 0.265625 0.554167
4 0.329687 0.558333 0.395313 0.558333 0.395313 0.639583 0.329687 0.639583
4 0.200000 0.577083 0.267187 0.577083 0.267187 0.641667 0.200000 0.641667
9 0.006250 0.552083 0.143750 0.552083 0.143750 0.712500 0.006250 0.712500
4 0.162500 0.647917 0.253125 0.647917 0.253125 0.750000 0.162500 0.750000
4 0.257812 0.700000 0.359375 0.700000 0.359375 0.816667 0.257812 0.816667