8 0.350000 0.368750 0.389062 0.368750 0.389062 0.425000 0.350000 0.425000
9 0.290625 0.381250 0.329688 0.381250 0.329688 0.445833 0.290625 0.445833
9 0.326563 0.400000 0.371875 0.400000 0.371875 0.466667 0.326563 0.466667
8 0.214063 0.389583 0.287500 0.389583 0.287500 0.502083 0.214063 0.502083
4 0.384375 0.441667 0.412500 0.441667 0.412500 0.481250 0.384375 0.481250
9 0.542188 0.416667 0.606250 0.416667 0.606250 0.508333 0.542188 0.508333
4 0.367188 0.472917 0.409375 0.472917 0.409375 0.525000 0.367188 0.525000
11 0.073437 0.447917 0.245312 0.447917 0.245312 0.662500 0.073437 0.662500
4 0.332813 0.535417 0.384375 0.535417 0.384375 0.589583 0.332813 0.589583
8 0.156250 0.493750 0.279687 0.493750 0.279687 0.710417 0.156250 0.710417
4 0.304688 0.585417 0.367188 0.585417 0.367188 0.662500 0.304688 0.662500
6 0.279688 0.656250 0.370312 0.656250 0.370312 0.777083 0.279688 0.777083
4 0.235937 0.762500 0.350000 0.762500 0.350000 0.908333 0.235937 0.908333