8 0.304688 0.372917 0.370313 0.372917 0.370313 0.475000 0.304688 0.475000
4 0.385937 0.422917 0.415625 0.422917 0.415625 0.454167 0.385937 0.454167
4 0.378125 0.443750 0.414062 0.443750 0.414062 0.479167 0.378125 0.479167
4 0.487500 0.441667 0.528125 0.441667 0.528125 0.491667 0.487500 0.491667
7 0.237500 0.437500 0.292187 0.437500 0.292187 0.514583 0.237500 0.514583
4 0.370312 0.454167 0.404688 0.454167 0.404688 0.502083 0.370312 0.502083
9 0.273438 0.443750 0.337500 0.443750 0.337500 0.527083 0.273438 0.527083
7 0.182812 0.475000 0.245312 0.475000 0.245312 0.539583 0.182812 0.539583
4 0.357812 0.500000 0.400000 0.500000 0.400000 0.554167 0.357812 0.554167
7 0.095313 0.512500 0.195312 0.512500 0.195312 0.622917 0.095313 0.622917
4 0.321875 0.564583 0.385937 0.564583 0.385937 0.643750 0.321875 0.643750
0 0.112500 0.510417 0.285938 0.510417 0.285938 0.739583 0.112500 0.739583
4 0.265625 0.670833 0.353125 0.670833 0.353125 0.791667 0.265625 0.791667