4 0.465625 0.358333 0.493750 0.358333 0.493750 0.389583 0.465625 0.389583
4 0.473438 0.383333 0.509375 0.383333 0.509375 0.425000 0.473438 0.425000
8 0.256250 0.383333 0.325000 0.383333 0.325000 0.485417 0.256250 0.485417
4 0.384375 0.418750 0.414062 0.418750 0.414062 0.464583 0.384375 0.464583
4 0.332813 0.422917 0.376562 0.422917 0.376562 0.472917 0.332813 0.472917
9 0.168750 0.429167 0.239063 0.429167 0.239063 0.508333 0.168750 0.508333
4 0.300000 0.456250 0.343750 0.456250 0.343750 0.502083 0.300000 0.502083
4 0.354687 0.464583 0.407812 0.464583 0.407812 0.518750 0.354687 0.518750
7 0.621875 0.433333 0.678125 0.433333 0.678125 0.550000 0.621875 0.550000
9 0.564063 0.429167 0.629688 0.429167 0.629688 0.560417 0.564063 0.560417
9 0.171875 0.452083 0.325000 0.452083 0.325000 0.639583 0.171875 0.639583
4 0.343750 0.512500 0.404687 0.512500 0.404687 0.583333 0.343750 0.583333
9 0.000000 0.510417 0.164062 0.510417 0.164062 0.693750 0.000000 0.693750
4 0.310938 0.564583 0.387500 0.564583 0.387500 0.641667 0.310938 0.641667
4 0.287500 0.597917 0.371875 0.597917 0.371875 0.718750 0.287500 0.718750
8 0.001562 0.533333 0.242188 0.533333 0.242188 0.937500 0.001562 0.937500
4 0.240625 0.681250 0.350000 0.681250 0.350000 0.837500 0.240625 0.837500
4 0.187500 0.806250 0.334375 0.806250 0.334375 1.000000 0.187500 1.000000