4 0.531250 0.360417 0.554688 0.360417 0.554688 0.397917 0.531250 0.397917
4 0.343750 0.360417 0.376563 0.360417 0.376563 0.402083 0.343750 0.402083
4 0.500000 0.370833 0.523438 0.370833 0.523438 0.400000 0.500000 0.400000
4 0.473438 0.381250 0.504687 0.381250 0.504687 0.425000 0.473438 0.425000
7 0.548438 0.383333 0.582813 0.383333 0.582813 0.429167 0.548438 0.429167
4 0.365625 0.400000 0.384375 0.400000 0.384375 0.425000 0.365625 0.425000
4 0.390625 0.397917 0.421875 0.397917 0.421875 0.435417 0.390625 0.435417
4 0.518750 0.395833 0.548438 0.395833 0.548438 0.441667 0.518750 0.441667
4 0.346875 0.412500 0.371875 0.412500 0.371875 0.454167 0.346875 0.454167
4 0.309375 0.412500 0.359375 0.412500 0.359375 0.477083 0.309375 0.477083
4 0.395313 0.420833 0.425000 0.420833 0.425000 0.479167 0.395313 0.479167
4 0.535938 0.420833 0.587500 0.420833 0.587500 0.487500 0.535938 0.487500
9 0.221875 0.395833 0.290625 0.395833 0.290625 0.514583 0.221875 0.514583
4 0.476562 0.437500 0.535937 0.437500 0.535937 0.491667 0.476562 0.491667
7 0.282813 0.439583 0.350000 0.439583 0.350000 0.527083 0.282813 0.527083
4 0.612500 0.445833 0.670312 0.445833 0.670312 0.525000 0.612500 0.525000
4 0.348438 0.466667 0.418750 0.466667 0.418750 0.537500 0.348438 0.537500
4 0.576563 0.477083 0.632812 0.477083 0.632812 0.568750 0.576563 0.568750
9 0.100000 0.454167 0.229688 0.454167 0.229688 0.614583 0.100000 0.614583
4 0.339062 0.510417 0.404688 0.510417 0.404688 0.587500 0.339062 0.587500
4 0.000000 0.556250 0.101562 0.556250 0.101562 0.652083 0.000000 0.652083
4 0.504688 0.533333 0.610938 0.533333 0.610938 0.675000 0.504688 0.675000
4 0.050000 0.622917 0.107813 0.622917 0.107813 0.718750 0.050000 0.718750
4 0.281250 0.608333 0.364062 0.608333 0.364062 0.737500 0.281250 0.737500
9 0.054688 0.577083 0.253125 0.577083 0.253125 0.839583 0.054688 0.839583
4 0.887500 0.802083 1.000000 0.802083 1.000000 1.000000 0.887500 1.000000
4 0.000000 0.872917 0.110937 0.872917 0.110937 1.000000 0.000000 1.000000