4 0.476562 0.347917 0.501563 0.347917 0.501563 0.366667 0.476562 0.366667
4 0.468750 0.366667 0.495313 0.366667 0.495313 0.402083 0.468750 0.402083
8 0.292187 0.383333 0.337500 0.383333 0.337500 0.443750 0.292187 0.443750
9 0.242188 0.397917 0.295312 0.397917 0.295312 0.475000 0.242188 0.475000
4 0.334375 0.427083 0.362500 0.427083 0.362500 0.468750 0.334375 0.468750
4 0.368750 0.439583 0.403125 0.439583 0.403125 0.489583 0.368750 0.489583
9 0.193750 0.447917 0.325000 0.447917 0.325000 0.620833 0.193750 0.620833
4 0.359375 0.508333 0.403125 0.508333 0.403125 0.572917 0.359375 0.572917
4 0.312500 0.558333 0.381250 0.558333 0.381250 0.627083 0.312500 0.627083
8 0.046875 0.500000 0.248437 0.500000 0.248437 0.797917 0.046875 0.797917
4 0.279688 0.612500 0.379688 0.612500 0.379688 0.706250 0.279688 0.706250
4 0.237500 0.685417 0.354687 0.685417 0.354687 0.825000 0.237500 0.825000
4 0.179688 0.833333 0.331250 0.833333 0.331250 0.995833 0.179688 0.995833