7 0.565625 0.381250 0.604688 0.381250 0.604688 0.447917 0.565625 0.447917
8 0.520312 0.368750 0.570312 0.368750 0.570312 0.462500 0.520312 0.462500
4 0.478125 0.408333 0.503125 0.408333 0.503125 0.443750 0.478125 0.443750
4 0.270313 0.422917 0.298437 0.422917 0.298437 0.464583 0.270313 0.464583
4 0.321875 0.435417 0.353125 0.435417 0.353125 0.477083 0.321875 0.477083
4 0.487500 0.437500 0.526563 0.437500 0.526563 0.487500 0.487500 0.487500
8 0.195312 0.422917 0.273438 0.422917 0.273438 0.543750 0.195312 0.543750
4 0.295312 0.462500 0.337500 0.462500 0.337500 0.518750 0.295312 0.518750
4 0.351562 0.481250 0.396875 0.481250 0.396875 0.545833 0.351562 0.545833
4 0.262500 0.508333 0.314062 0.508333 0.314062 0.575000 0.262500 0.575000
4 0.512500 0.518750 0.568750 0.518750 0.568750 0.602083 0.512500 0.602083
8 0.056250 0.472917 0.223437 0.472917 0.223437 0.650000 0.056250 0.650000
4 0.335938 0.550000 0.396875 0.550000 0.396875 0.633333 0.335938 0.633333
4 0.212500 0.566667 0.282813 0.566667 0.282813 0.658333 0.212500 0.658333
4 0.276563 0.639583 0.359375 0.639583 0.359375 0.745833 0.276563 0.745833
4 0.568750 0.654167 0.665625 0.654167 0.665625 0.804167 0.568750 0.804167
4 0.153125 0.850000 0.320312 0.850000 0.320312 1.000000 0.153125 1.000000