7 0.321875 0.385417 0.353125 0.385417 0.353125 0.422917 0.321875 0.422917
4 0.357813 0.387500 0.387500 0.387500 0.387500 0.422917 0.357813 0.422917
6 0.396875 0.404167 0.426563 0.404167 0.426563 0.437500 0.396875 0.437500
4 0.343750 0.414583 0.370313 0.414583 0.370313 0.447917 0.343750 0.447917
4 0.390625 0.425000 0.421875 0.425000 0.421875 0.464583 0.390625 0.464583
9 0.237500 0.418750 0.287500 0.418750 0.287500 0.502083 0.237500 0.502083
9 0.298437 0.445833 0.354687 0.445833 0.354687 0.512500 0.298437 0.512500
4 0.373437 0.462500 0.414062 0.462500 0.414062 0.510417 0.373437 0.510417
7 0.178125 0.458333 0.243750 0.458333 0.243750 0.543750 0.178125 0.543750
4 0.501563 0.472917 0.545312 0.472917 0.545312 0.533333 0.501563 0.533333
7 0.656250 0.500000 0.729688 0.500000 0.729688 0.575000 0.656250 0.575000
7 0.218750 0.489583 0.295312 0.489583 0.295312 0.606250 0.218750 0.606250
9 0.112500 0.483333 0.209375 0.483333 0.209375 0.618750 0.112500 0.618750
7 0.617188 0.518750 0.701563 0.518750 0.701563 0.647917 0.617188 0.647917
4 0.312500 0.600000 0.385938 0.600000 0.385938 0.691667 0.312500 0.691667
7 0.054687 0.637500 0.217187 0.637500 0.217187 0.856250 0.054687 0.856250
4 0.231250 0.760417 0.365625 0.760417 0.365625 0.929167 0.231250 0.929167