4 0.354687 0.400000 0.384375 0.400000 0.384375 0.431250 0.354687 0.431250
7 0.292187 0.406250 0.326563 0.406250 0.326563 0.458333 0.292187 0.458333
4 0.385937 0.418750 0.418750 0.418750 0.418750 0.458333 0.385937 0.458333
7 0.234375 0.443750 0.281250 0.443750 0.281250 0.516667 0.234375 0.516667
4 0.557813 0.452083 0.596875 0.452083 0.596875 0.508333 0.557813 0.508333
4 0.295312 0.460417 0.337500 0.460417 0.337500 0.512500 0.295312 0.512500
6 0.368750 0.466667 0.409375 0.466667 0.409375 0.518750 0.368750 0.518750
4 0.262500 0.504167 0.301563 0.504167 0.301563 0.543750 0.262500 0.543750
4 0.348437 0.516667 0.398438 0.516667 0.398438 0.583333 0.348437 0.583333
9 0.103125 0.504167 0.201563 0.504167 0.201563 0.618750 0.103125 0.618750
4 0.253125 0.535417 0.314062 0.535417 0.314062 0.604167 0.253125 0.604167
4 0.303125 0.606250 0.379688 0.606250 0.379688 0.693750 0.303125 0.693750
7 0.000000 0.591667 0.093750 0.591667 0.093750 0.758333 0.000000 0.758333
9 0.065625 0.618750 0.217188 0.618750 0.217188 0.822917 0.065625 0.822917
4 0.546875 0.668750 0.643750 0.668750 0.643750 0.797917 0.546875 0.797917