9 0.321875 0.379167 0.371875 0.379167 0.371875 0.466667 0.321875 0.466667
4 0.485938 0.408333 0.520313 0.408333 0.520313 0.460417 0.485938 0.460417
4 0.373438 0.433333 0.418750 0.433333 0.418750 0.477083 0.373438 0.477083
9 0.545312 0.422917 0.595313 0.422917 0.595313 0.495833 0.545312 0.495833
8 0.607812 0.406250 0.682812 0.406250 0.682812 0.529167 0.607812 0.529167
8 0.223438 0.418750 0.332813 0.418750 0.332813 0.589583 0.223438 0.589583
4 0.503125 0.472917 0.554688 0.472917 0.554688 0.543750 0.503125 0.543750
4 0.342187 0.491667 0.406250 0.491667 0.406250 0.575000 0.342187 0.575000
7 0.084375 0.518750 0.200000 0.518750 0.200000 0.645833 0.084375 0.645833
4 0.314063 0.554167 0.384375 0.554167 0.384375 0.643750 0.314063 0.643750
9 0.048437 0.560417 0.239062 0.560417 0.239062 0.797917 0.048437 0.797917
7 0.000000 0.631250 0.073438 0.631250 0.073438 0.818750 0.000000 0.818750
4 0.239063 0.741667 0.346875 0.741667 0.346875 0.893750 0.239063 0.893750
4 0.634375 0.770833 0.798438 0.770833 0.798438 0.997917 0.634375 0.997917