0 0.323437 0.385417 0.381250 0.385417 0.381250 0.462500 0.323437 0.462500
7 0.284375 0.395833 0.329687 0.395833 0.329687 0.462500 0.284375 0.462500
4 0.376563 0.431250 0.415625 0.431250 0.415625 0.475000 0.376563 0.475000
4 0.493750 0.433333 0.521875 0.433333 0.521875 0.475000 0.493750 0.475000
8 0.281250 0.410417 0.356250 0.410417 0.356250 0.504167 0.281250 0.504167
9 0.217188 0.431250 0.278125 0.431250 0.278125 0.529167 0.217188 0.529167
4 0.368750 0.472917 0.410938 0.472917 0.410938 0.522917 0.368750 0.522917
4 0.512500 0.487500 0.564063 0.487500 0.564063 0.556250 0.512500 0.556250
4 0.348437 0.510417 0.398438 0.510417 0.398438 0.570833 0.348437 0.570833
9 0.223437 0.489583 0.314062 0.489583 0.314062 0.606250 0.223437 0.606250
8 0.035937 0.450000 0.214062 0.450000 0.214062 0.675000 0.035937 0.675000
4 0.320312 0.554167 0.384375 0.554167 0.384375 0.618750 0.320312 0.618750
4 0.293750 0.597917 0.368750 0.597917 0.368750 0.697917 0.293750 0.697917
6 0.285938 0.654167 0.371875 0.654167 0.371875 0.781250 0.285938 0.781250
4 0.234375 0.764583 0.346875 0.764583 0.346875 0.914583 0.234375 0.914583
4 0.596875 0.787500 0.746875 0.787500 0.746875 1.000000 0.596875 1.000000