4 0.540625 0.410417 0.570312 0.410417 0.570312 0.445833 0.540625 0.445833
4 0.300000 0.410417 0.329687 0.410417 0.329687 0.450000 0.300000 0.450000
4 0.334375 0.416667 0.365625 0.416667 0.365625 0.452083 0.334375 0.452083
4 0.379688 0.425000 0.415625 0.425000 0.415625 0.466667 0.379688 0.466667
4 0.484375 0.427083 0.517187 0.427083 0.517187 0.470833 0.484375 0.470833
7 0.260937 0.425000 0.307812 0.425000 0.307812 0.483333 0.260937 0.483333
4 0.310938 0.450000 0.348438 0.450000 0.348438 0.487500 0.310938 0.487500
7 0.550000 0.435417 0.593750 0.435417 0.593750 0.502083 0.550000 0.502083
4 0.376562 0.460417 0.418750 0.460417 0.418750 0.502083 0.376562 0.502083
4 0.296875 0.481250 0.332812 0.481250 0.332812 0.518750 0.296875 0.518750
4 0.200000 0.491667 0.240625 0.491667 0.240625 0.537500 0.200000 0.537500
4 0.354687 0.497917 0.401562 0.497917 0.401562 0.547917 0.354687 0.547917
4 0.284375 0.497917 0.325000 0.497917 0.325000 0.564583 0.284375 0.564583
7 0.198437 0.506250 0.290625 0.506250 0.290625 0.631250 0.198437 0.631250
9 0.029687 0.483333 0.182812 0.483333 0.182812 0.654167 0.029687 0.654167
4 0.348437 0.541667 0.398438 0.541667 0.398438 0.597917 0.348437 0.597917
4 0.351562 0.570833 0.415625 0.570833 0.415625 0.656250 0.351562 0.656250
7 0.137500 0.560417 0.254688 0.560417 0.254688 0.720833 0.137500 0.720833
4 0.540625 0.600000 0.620312 0.600000 0.620312 0.702083 0.540625 0.702083
9 0.000000 0.589583 0.070312 0.589583 0.070312 0.777083 0.000000 0.777083
4 0.267188 0.639583 0.357812 0.639583 0.357812 0.743750 0.267188 0.743750
4 0.243750 0.745833 0.343750 0.745833 0.343750 0.870833 0.243750 0.870833
9 0.000000 0.658333 0.182812 0.658333 0.182812 1.000000 0.000000 1.000000
4 0.581250 0.789583 0.720313 0.789583 0.720313 1.000000 0.581250 1.000000
7 0.853125 0.804167 1.000000 0.804167 1.000000 1.000000 0.853125 1.000000
4 0.153125 0.883333 0.303125 0.883333 0.303125 1.000000 0.153125 1.000000