1 0.498437 0.350000 0.548438 0.350000 0.548438 0.429167 0.498437 0.429167
4 0.582813 0.393750 0.607812 0.393750 0.607812 0.429167 0.582813 0.429167
4 0.476562 0.397917 0.507812 0.397917 0.507812 0.441667 0.476562 0.441667
7 0.337500 0.408333 0.370312 0.408333 0.370312 0.460417 0.337500 0.460417
9 0.245312 0.397917 0.293750 0.397917 0.293750 0.487500 0.245312 0.487500
4 0.492188 0.443750 0.534375 0.443750 0.534375 0.500000 0.492188 0.500000
9 0.265625 0.422917 0.337500 0.422917 0.337500 0.541667 0.265625 0.541667
4 0.357812 0.466667 0.400000 0.466667 0.400000 0.527083 0.357812 0.527083
9 0.120312 0.462500 0.206250 0.462500 0.206250 0.606250 0.120312 0.606250
7 0.671875 0.481250 0.801562 0.481250 0.801562 0.647917 0.671875 0.647917
9 0.000000 0.564583 0.207813 0.564583 0.207813 0.918750 0.000000 0.918750
4 0.559375 0.727083 0.671875 0.727083 0.671875 0.922917 0.559375 0.922917