9 0.353125 0.379167 0.385937 0.379167 0.385937 0.425000 0.353125 0.425000
10 0.560937 0.377083 0.590625 0.377083 0.590625 0.433333 0.560937 0.433333
4 0.476562 0.402083 0.506250 0.402083 0.506250 0.443750 0.476562 0.443750
9 0.323438 0.395833 0.367188 0.395833 0.367188 0.458333 0.323438 0.458333
10 0.529687 0.402083 0.565625 0.402083 0.565625 0.468750 0.529687 0.468750
9 0.256250 0.402083 0.309375 0.402083 0.309375 0.485417 0.256250 0.485417
10 0.304688 0.443750 0.340625 0.443750 0.340625 0.504167 0.304688 0.504167
4 0.493750 0.460417 0.535938 0.460417 0.535938 0.516667 0.493750 0.516667
8 0.584375 0.433333 0.689063 0.433333 0.689063 0.610417 0.584375 0.610417
9 0.212500 0.487500 0.300000 0.487500 0.300000 0.606250 0.212500 0.606250
4 0.529687 0.566667 0.589062 0.566667 0.589062 0.660417 0.529687 0.660417
4 0.231250 0.706250 0.332813 0.706250 0.332813 0.837500 0.231250 0.837500