9 0.523438 0.358333 0.568750 0.358333 0.568750 0.452083 0.523438 0.452083
9 0.264062 0.393750 0.312500 0.393750 0.312500 0.437500 0.264062 0.437500
9 0.325000 0.391667 0.373438 0.391667 0.373438 0.458333 0.325000 0.458333
4 0.385937 0.406250 0.420313 0.406250 0.420313 0.443750 0.385937 0.443750
4 0.500000 0.427083 0.535937 0.427083 0.535937 0.470833 0.500000 0.470833
4 0.645313 0.443750 0.689063 0.443750 0.689063 0.495833 0.645313 0.495833
4 0.493750 0.454167 0.531250 0.454167 0.531250 0.516667 0.493750 0.516667
9 0.209375 0.433333 0.309375 0.433333 0.309375 0.572917 0.209375 0.572917
7 0.326563 0.510417 0.387500 0.510417 0.387500 0.600000 0.326563 0.600000
4 0.532812 0.568750 0.609375 0.568750 0.609375 0.685417 0.532812 0.685417
9 0.825000 0.593750 1.000000 0.593750 1.000000 0.889583 0.825000 0.889583