1 0.498437 0.339583 0.540625 0.339583 0.540625 0.418750 0.498437 0.418750
4 0.471875 0.397917 0.498438 0.397917 0.498438 0.429167 0.471875 0.429167
10 0.281250 0.387500 0.326562 0.387500 0.326562 0.452083 0.281250 0.452083
3 0.379687 0.400000 0.414062 0.400000 0.414062 0.458333 0.379687 0.458333
4 0.570312 0.408333 0.603125 0.408333 0.603125 0.452083 0.570312 0.452083
10 0.317188 0.414583 0.357813 0.414583 0.357813 0.485417 0.317188 0.485417
4 0.495312 0.445833 0.537500 0.445833 0.537500 0.506250 0.495312 0.506250
10 0.365625 0.452083 0.414062 0.452083 0.414062 0.522917 0.365625 0.522917
1 0.592188 0.487500 0.734375 0.487500 0.734375 0.643750 0.592188 0.643750
9 0.000000 0.529167 0.151562 0.529167 0.151562 0.812500 0.000000 0.812500
4 0.582813 0.662500 0.696875 0.662500 0.696875 0.833333 0.582813 0.833333
4 0.215625 0.754167 0.334375 0.754167 0.334375 0.904167 0.215625 0.904167