11 0.498438 0.352083 0.531250 0.352083 0.531250 0.404167 0.498438 0.404167
9 0.353125 0.377083 0.384375 0.377083 0.384375 0.422917 0.353125 0.422917
4 0.400000 0.385417 0.423438 0.385417 0.423438 0.416667 0.400000 0.416667
4 0.481250 0.404167 0.510938 0.404167 0.510938 0.445833 0.481250 0.445833
4 0.381250 0.429167 0.412500 0.429167 0.412500 0.470833 0.381250 0.470833
7 0.304688 0.447917 0.346875 0.447917 0.346875 0.504167 0.304688 0.504167
9 0.634375 0.441667 0.707813 0.441667 0.707813 0.558333 0.634375 0.558333
9 0.135938 0.447917 0.217188 0.447917 0.217188 0.600000 0.135938 0.600000
4 0.500000 0.512500 0.553125 0.512500 0.553125 0.593750 0.500000 0.593750
9 0.168750 0.479167 0.290625 0.479167 0.290625 0.662500 0.168750 0.662500
4 0.295313 0.597917 0.370312 0.597917 0.370312 0.700000 0.295313 0.700000
3 0.659375 0.587500 0.746875 0.587500 0.746875 0.729167 0.659375 0.729167