4 0.364062 0.381250 0.390625 0.381250 0.390625 0.416667 0.364062 0.416667
4 0.468750 0.387500 0.495313 0.387500 0.495313 0.416667 0.468750 0.416667
4 0.395313 0.389583 0.423437 0.389583 0.423437 0.425000 0.395313 0.425000
4 0.557813 0.397917 0.590625 0.397917 0.590625 0.441667 0.557813 0.441667
10 0.268750 0.393750 0.314062 0.393750 0.314062 0.462500 0.268750 0.462500
3 0.371875 0.414583 0.414062 0.414583 0.414062 0.483333 0.371875 0.483333
4 0.490625 0.429167 0.526562 0.429167 0.526562 0.481250 0.490625 0.481250
10 0.307812 0.418750 0.357813 0.418750 0.357813 0.500000 0.307812 0.500000
1 0.579688 0.460417 0.676563 0.460417 0.676563 0.583333 0.579688 0.583333
10 0.351562 0.481250 0.401563 0.481250 0.401563 0.564583 0.351562 0.564583
4 0.548438 0.583333 0.631250 0.583333 0.631250 0.693750 0.548438 0.693750
9 0.000000 0.581250 0.092188 0.581250 0.092188 0.875000 0.000000 0.875000