10 0.318750 0.368750 0.351562 0.368750 0.351562 0.414583 0.318750 0.414583
11 0.506250 0.343750 0.557812 0.343750 0.557812 0.447917 0.506250 0.447917
10 0.346875 0.377083 0.382812 0.377083 0.382812 0.433333 0.346875 0.433333
10 0.562500 0.383333 0.596875 0.383333 0.596875 0.429167 0.562500 0.429167
10 0.398438 0.391667 0.435937 0.391667 0.435937 0.441667 0.398438 0.441667
4 0.484375 0.441667 0.525000 0.441667 0.525000 0.497917 0.484375 0.497917
10 0.617188 0.458333 0.670313 0.458333 0.670313 0.525000 0.617188 0.525000
9 0.146875 0.425000 0.262500 0.425000 0.262500 0.568750 0.146875 0.568750
4 0.350000 0.481250 0.400000 0.481250 0.400000 0.545833 0.350000 0.545833
4 0.539062 0.585417 0.612500 0.585417 0.612500 0.702083 0.539062 0.702083
4 0.268750 0.660417 0.371875 0.660417 0.371875 0.791667 0.268750 0.791667
8 0.804688 0.827083 0.996875 0.827083 0.996875 1.000000 0.804688 1.000000