9 0.529688 0.400000 0.585938 0.400000 0.585938 0.464583 0.529688 0.464583
4 0.375000 0.429167 0.407813 0.429167 0.407813 0.470833 0.375000 0.470833
4 0.498437 0.475000 0.542187 0.475000 0.542187 0.539583 0.498437 0.539583
10 0.264062 0.497917 0.321875 0.497917 0.321875 0.572917 0.264062 0.572917
11 0.107813 0.456250 0.243750 0.456250 0.243750 0.616667 0.107813 0.616667
10 0.657813 0.497917 0.720313 0.497917 0.720313 0.579167 0.657813 0.579167
4 0.589062 0.502083 0.642188 0.502083 0.642188 0.577083 0.589062 0.577083
4 0.648438 0.575000 0.726562 0.575000 0.726562 0.679167 0.648438 0.679167
4 0.526563 0.581250 0.596875 0.581250 0.596875 0.679167 0.526563 0.679167
7 0.776562 0.606250 0.868750 0.606250 0.868750 0.733333 0.776562 0.733333
4 0.260937 0.675000 0.353125 0.675000 0.353125 0.797917 0.260937 0.797917
4 0.101562 0.675000 0.214062 0.675000 0.214062 0.802083 0.101562 0.802083