9 0.339062 0.362500 0.384375 0.362500 0.384375 0.431250 0.339062 0.431250
9 0.509375 0.372917 0.545312 0.372917 0.545312 0.420833 0.509375 0.420833
4 0.476562 0.400000 0.504687 0.400000 0.504687 0.435417 0.476562 0.435417
4 0.532813 0.420833 0.565625 0.420833 0.565625 0.464583 0.532813 0.464583
4 0.481250 0.429167 0.515625 0.429167 0.515625 0.475000 0.481250 0.475000
4 0.553125 0.447917 0.592187 0.447917 0.592187 0.502083 0.553125 0.502083
4 0.354687 0.462500 0.401562 0.462500 0.401562 0.518750 0.354687 0.518750
9 0.587500 0.427083 0.710938 0.427083 0.710938 0.643750 0.587500 0.643750
4 0.521875 0.537500 0.582813 0.537500 0.582813 0.625000 0.521875 0.625000
4 0.251562 0.650000 0.348438 0.650000 0.348438 0.770833 0.251562 0.770833
3 0.570312 0.635417 0.667188 0.635417 0.667188 0.797917 0.570312 0.797917