4 0.393750 0.397917 0.415625 0.397917 0.415625 0.425000 0.393750 0.425000
10 0.317188 0.439583 0.354687 0.439583 0.354687 0.495833 0.317188 0.495833
9 0.546875 0.422917 0.615625 0.422917 0.615625 0.514583 0.546875 0.514583
11 0.207813 0.418750 0.292187 0.418750 0.292187 0.527083 0.207813 0.527083
4 0.351562 0.491667 0.395312 0.491667 0.395312 0.547917 0.351562 0.547917
4 0.251563 0.518750 0.306250 0.518750 0.306250 0.589583 0.251563 0.589583
4 0.529687 0.591667 0.604687 0.591667 0.604687 0.702083 0.529687 0.702083
4 0.656250 0.612500 0.745313 0.612500 0.745313 0.733333 0.656250 0.733333
10 0.776563 0.610417 0.882812 0.610417 0.882812 0.750000 0.776563 0.750000
4 0.276562 0.664583 0.357813 0.664583 0.357813 0.772917 0.276562 0.772917
4 0.801562 0.787500 0.960938 0.787500 0.960938 1.000000 0.801562 1.000000