9 0.303125 0.375000 0.340625 0.375000 0.340625 0.439583 0.303125 0.439583
9 0.571875 0.379167 0.617188 0.379167 0.617188 0.458333 0.571875 0.458333
10 0.335938 0.408333 0.370313 0.408333 0.370313 0.454167 0.335938 0.454167
4 0.542188 0.422917 0.573438 0.422917 0.573438 0.468750 0.542188 0.468750
9 0.293750 0.427083 0.340625 0.427083 0.340625 0.500000 0.293750 0.500000
4 0.490625 0.445833 0.525000 0.445833 0.525000 0.497917 0.490625 0.497917
9 0.559375 0.439583 0.615625 0.439583 0.615625 0.537500 0.559375 0.537500
4 0.350000 0.489583 0.393750 0.489583 0.393750 0.543750 0.350000 0.543750
4 0.525000 0.593750 0.607812 0.593750 0.607812 0.718750 0.525000 0.718750
11 0.681250 0.545833 0.964063 0.545833 0.964063 0.966667 0.681250 0.966667
10 0.039062 0.725000 0.167187 0.725000 0.167187 0.885417 0.039062 0.885417