9 0.348438 0.356250 0.385937 0.356250 0.385937 0.420833 0.348438 0.420833
9 0.509375 0.377083 0.551563 0.377083 0.551563 0.429167 0.509375 0.429167
4 0.479687 0.412500 0.509375 0.412500 0.509375 0.445833 0.479687 0.445833
4 0.542187 0.433333 0.576562 0.433333 0.576562 0.472917 0.542187 0.472917
4 0.489063 0.441667 0.521875 0.441667 0.521875 0.489583 0.489063 0.489583
4 0.367188 0.441667 0.403125 0.441667 0.403125 0.491667 0.367188 0.491667
4 0.567188 0.462500 0.607812 0.462500 0.607812 0.514583 0.567188 0.514583
9 0.614063 0.443750 0.751563 0.443750 0.751563 0.704167 0.614063 0.704167
4 0.295313 0.562500 0.371875 0.562500 0.371875 0.662500 0.295313 0.662500
4 0.539062 0.589583 0.614062 0.589583 0.614062 0.702083 0.539062 0.702083
11 0.000000 0.625000 0.064062 0.625000 0.064062 0.785417 0.000000 0.785417
3 0.614062 0.758333 0.770312 0.758333 0.770312 1.000000 0.614062 1.000000
10 0.000000 0.779167 0.151562 0.779167 0.151562 1.000000 0.000000 1.000000