4 0.390625 0.400000 0.417188 0.400000 0.417188 0.433333 0.390625 0.433333
9 0.543750 0.416667 0.607812 0.416667 0.607812 0.497917 0.543750 0.497917
10 0.310937 0.445833 0.351562 0.445833 0.351562 0.504167 0.310937 0.504167
11 0.195312 0.416667 0.285938 0.416667 0.285938 0.539583 0.195312 0.539583
4 0.340625 0.512500 0.392187 0.512500 0.392187 0.575000 0.340625 0.575000
4 0.237500 0.535417 0.300000 0.535417 0.300000 0.608333 0.237500 0.608333
4 0.520313 0.562500 0.587500 0.562500 0.587500 0.660417 0.520313 0.660417
4 0.640625 0.589583 0.720312 0.589583 0.720312 0.695833 0.640625 0.695833
10 0.750000 0.583333 0.842188 0.583333 0.842188 0.708333 0.750000 0.708333
4 0.240625 0.725000 0.346875 0.725000 0.346875 0.864583 0.240625 0.864583
4 0.765625 0.731250 0.900000 0.731250 0.900000 0.927083 0.765625 0.927083