9 0.343750 0.377083 0.379687 0.377083 0.379687 0.439583 0.343750 0.439583
4 0.479687 0.391667 0.504687 0.391667 0.504687 0.429167 0.479687 0.429167
4 0.396875 0.397917 0.418750 0.397917 0.418750 0.431250 0.396875 0.431250
9 0.617188 0.412500 0.684375 0.412500 0.684375 0.529167 0.617188 0.529167
4 0.365625 0.458333 0.404687 0.458333 0.404687 0.508333 0.365625 0.508333
4 0.489063 0.468750 0.534375 0.468750 0.534375 0.533333 0.489063 0.533333
10 0.279687 0.475000 0.328125 0.475000 0.328125 0.543750 0.279687 0.543750
4 0.615625 0.522917 0.681250 0.522917 0.681250 0.622917 0.615625 0.622917
9 0.017187 0.497917 0.157812 0.497917 0.157812 0.700000 0.017187 0.700000
9 0.081250 0.537500 0.251563 0.537500 0.251563 0.779167 0.081250 0.779167
4 0.559375 0.704167 0.675000 0.704167 0.675000 0.885417 0.559375 0.885417
10 0.717187 0.645833 0.889062 0.645833 0.889062 0.954167 0.717187 0.954167
4 0.215625 0.775000 0.332813 0.775000 0.332813 0.933333 0.215625 0.933333