11 0.506250 0.343750 0.557812 0.343750 0.557812 0.439583 0.506250 0.439583
10 0.320312 0.370833 0.357812 0.370833 0.357812 0.416667 0.320312 0.416667
10 0.346875 0.377083 0.385937 0.377083 0.385937 0.425000 0.346875 0.425000
10 0.568750 0.387500 0.600000 0.387500 0.600000 0.429167 0.568750 0.429167
10 0.401562 0.387500 0.431250 0.387500 0.431250 0.435417 0.401562 0.435417
4 0.485938 0.456250 0.528125 0.456250 0.528125 0.508333 0.485938 0.508333
9 0.167187 0.416667 0.273438 0.416667 0.273438 0.552083 0.167187 0.552083
4 0.356250 0.464583 0.407812 0.464583 0.407812 0.529167 0.356250 0.529167
10 0.631250 0.475000 0.682812 0.475000 0.682812 0.537500 0.631250 0.537500
4 0.300000 0.612500 0.381250 0.612500 0.381250 0.731250 0.300000 0.731250
4 0.550000 0.622917 0.637500 0.622917 0.637500 0.756250 0.550000 0.756250
8 0.000000 0.702083 0.098437 0.702083 0.098437 1.000000 0.000000 1.000000
8 0.832812 0.910417 1.000000 0.910417 1.000000 1.000000 0.832812 1.000000