10 0.320312 0.368750 0.357812 0.368750 0.357812 0.414583 0.320312 0.414583
11 0.512500 0.350000 0.560937 0.350000 0.560937 0.437500 0.512500 0.437500
10 0.346875 0.377083 0.385937 0.377083 0.385937 0.425000 0.346875 0.425000
10 0.403125 0.383333 0.434375 0.383333 0.434375 0.429167 0.403125 0.429167
10 0.573438 0.395833 0.604688 0.395833 0.604688 0.437500 0.573438 0.437500
9 0.181250 0.397917 0.282813 0.397917 0.282813 0.543750 0.181250 0.543750
4 0.365625 0.452083 0.406250 0.452083 0.406250 0.510417 0.365625 0.510417
4 0.485938 0.468750 0.532813 0.468750 0.532813 0.525000 0.485938 0.525000
10 0.640625 0.485417 0.701563 0.485417 0.701563 0.560417 0.640625 0.560417
4 0.317188 0.570833 0.389063 0.570833 0.389063 0.670833 0.317188 0.670833
4 0.564063 0.670833 0.670312 0.670833 0.670312 0.843750 0.564063 0.843750
9 0.000000 0.633333 0.145313 0.633333 0.145313 1.000000 0.000000 1.000000