10 0.289062 0.406250 0.326562 0.406250 0.326562 0.458333 0.289062 0.458333
4 0.576562 0.418750 0.612500 0.418750 0.612500 0.460417 0.576562 0.460417
4 0.545312 0.429167 0.581250 0.429167 0.581250 0.477083 0.545312 0.477083
4 0.485938 0.433333 0.521875 0.433333 0.521875 0.481250 0.485938 0.481250
4 0.492188 0.477083 0.537500 0.477083 0.537500 0.539583 0.492188 0.539583
4 0.326562 0.489583 0.375000 0.489583 0.375000 0.547917 0.326562 0.547917
9 0.634375 0.506250 0.750000 0.506250 0.750000 0.712500 0.634375 0.712500
4 0.303125 0.585417 0.375000 0.585417 0.375000 0.670833 0.303125 0.670833
4 0.157812 0.608333 0.240625 0.608333 0.240625 0.697917 0.157812 0.697917
10 0.807812 0.650000 0.954688 0.650000 0.954688 0.818750 0.807812 0.818750
4 0.564063 0.727083 0.667187 0.727083 0.667187 0.885417 0.564063 0.885417