9 0.500000 0.341667 0.535937 0.341667 0.535937 0.410417 0.500000 0.410417
4 0.406250 0.372917 0.426562 0.372917 0.426562 0.404167 0.406250 0.404167
9 0.360938 0.368750 0.390625 0.368750 0.390625 0.418750 0.360938 0.418750
4 0.565625 0.387500 0.589063 0.387500 0.589063 0.412500 0.565625 0.412500
4 0.475000 0.391667 0.500000 0.391667 0.500000 0.427083 0.475000 0.427083
4 0.389063 0.410417 0.417187 0.410417 0.417187 0.445833 0.389063 0.445833
4 0.485938 0.420833 0.520313 0.420833 0.520313 0.468750 0.485938 0.468750
10 0.325000 0.431250 0.360937 0.431250 0.360937 0.481250 0.325000 0.481250
9 0.201562 0.404167 0.278125 0.404167 0.278125 0.541667 0.201562 0.541667
9 0.226562 0.443750 0.320312 0.443750 0.320312 0.591667 0.226562 0.591667
9 0.660937 0.450000 0.742188 0.450000 0.742188 0.595833 0.660937 0.595833
4 0.337500 0.510417 0.390625 0.510417 0.390625 0.581250 0.337500 0.581250
9 0.000000 0.522917 0.128125 0.522917 0.128125 0.706250 0.000000 0.706250
4 0.520312 0.585417 0.590625 0.585417 0.590625 0.704167 0.520312 0.704167
3 0.739063 0.704167 0.868750 0.704167 0.868750 0.908333 0.739063 0.908333
9 0.003125 0.706250 0.098437 0.706250 0.098437 1.000000 0.003125 1.000000