8 0.493750 0.345833 0.528125 0.345833 0.528125 0.397917 0.493750 0.397917
8 0.314063 0.352083 0.357812 0.352083 0.357812 0.422917 0.314063 0.422917
4 0.390625 0.381250 0.418750 0.381250 0.418750 0.418750 0.390625 0.418750
4 0.473438 0.406250 0.501563 0.406250 0.501563 0.441667 0.473438 0.441667
4 0.381250 0.435417 0.418750 0.435417 0.418750 0.485417 0.381250 0.485417
9 0.281250 0.404167 0.353125 0.404167 0.353125 0.520833 0.281250 0.520833
4 0.539062 0.443750 0.578125 0.443750 0.578125 0.495833 0.539062 0.495833
9 0.625000 0.429167 0.685938 0.429167 0.685938 0.541667 0.625000 0.541667
4 0.495312 0.462500 0.537500 0.462500 0.537500 0.525000 0.495312 0.525000
10 0.045312 0.535417 0.165625 0.535417 0.165625 0.679167 0.045312 0.679167
4 0.529687 0.631250 0.618750 0.631250 0.618750 0.770833 0.529687 0.770833
9 0.000000 0.729167 0.148438 0.729167 0.148438 1.000000 0.000000 1.000000