9 0.503125 0.347917 0.545312 0.347917 0.545312 0.416667 0.503125 0.416667
4 0.573438 0.391667 0.601562 0.391667 0.601562 0.427083 0.573438 0.427083
4 0.476562 0.395833 0.503125 0.395833 0.503125 0.437500 0.476562 0.437500
10 0.334375 0.418750 0.365625 0.418750 0.365625 0.464583 0.334375 0.464583
9 0.232812 0.404167 0.281250 0.404167 0.281250 0.495833 0.232812 0.495833
4 0.490625 0.435417 0.528125 0.435417 0.528125 0.487500 0.490625 0.487500
9 0.254687 0.433333 0.335938 0.433333 0.335938 0.552083 0.254687 0.552083
4 0.351562 0.481250 0.396875 0.481250 0.396875 0.541667 0.351562 0.541667
9 0.679688 0.466667 0.768750 0.466667 0.768750 0.622917 0.679688 0.622917
9 0.082813 0.477083 0.187500 0.477083 0.187500 0.631250 0.082813 0.631250
4 0.542188 0.670833 0.635938 0.670833 0.635938 0.825000 0.542188 0.825000
9 0.000000 0.597917 0.201563 0.597917 0.201563 0.979167 0.000000 0.979167