9 0.517188 0.383333 0.565625 0.383333 0.565625 0.445833 0.517188 0.445833
4 0.384375 0.410417 0.415625 0.410417 0.415625 0.447917 0.384375 0.447917
4 0.487500 0.439583 0.523438 0.439583 0.523438 0.487500 0.487500 0.487500
10 0.615625 0.460417 0.665625 0.460417 0.665625 0.520833 0.615625 0.520833
4 0.562500 0.462500 0.606250 0.462500 0.606250 0.522917 0.562500 0.522917
4 0.351562 0.466667 0.400000 0.466667 0.400000 0.520833 0.351562 0.520833
4 0.503125 0.495833 0.548438 0.495833 0.548438 0.560417 0.503125 0.560417
4 0.604688 0.512500 0.659375 0.512500 0.659375 0.589583 0.604688 0.589583
11 0.000000 0.497917 0.187500 0.497917 0.187500 0.731250 0.000000 0.731250
10 0.193750 0.566667 0.278125 0.566667 0.278125 0.675000 0.193750 0.675000
8 0.673437 0.508333 0.984375 0.508333 0.984375 0.997917 0.673437 0.997917