9 0.526563 0.393750 0.575000 0.393750 0.575000 0.458333 0.526563 0.458333
4 0.367188 0.445833 0.406250 0.445833 0.406250 0.497917 0.367188 0.497917
4 0.495313 0.456250 0.531250 0.456250 0.531250 0.508333 0.495313 0.508333
10 0.635938 0.477083 0.687500 0.477083 0.687500 0.547917 0.635938 0.547917
4 0.573437 0.481250 0.618750 0.481250 0.618750 0.545833 0.573437 0.545833
4 0.514062 0.529167 0.567188 0.529167 0.567188 0.606250 0.514062 0.606250
11 0.054688 0.475000 0.221875 0.475000 0.221875 0.666667 0.054688 0.666667
10 0.234375 0.527083 0.303125 0.527083 0.303125 0.616667 0.234375 0.616667
4 0.621875 0.539583 0.687500 0.539583 0.687500 0.625000 0.621875 0.625000
8 0.720312 0.554167 1.000000 0.554167 1.000000 1.000000 0.720312 1.000000
4 0.000000 0.791667 0.148438 0.791667 0.148438 0.968750 0.000000 0.968750
4 0.181250 0.847917 0.317187 0.847917 0.317187 1.000000 0.181250 1.000000