9 0.357812 0.354167 0.396875 0.354167 0.396875 0.410417 0.357812 0.410417
4 0.500000 0.381250 0.526563 0.381250 0.526563 0.414583 0.500000 0.414583
4 0.468750 0.381250 0.496875 0.381250 0.496875 0.418750 0.468750 0.418750
9 0.548438 0.370833 0.589062 0.370833 0.589062 0.433333 0.548438 0.433333
4 0.400000 0.385417 0.429688 0.385417 0.429688 0.422917 0.400000 0.422917
8 0.253125 0.381250 0.317188 0.381250 0.317188 0.479167 0.253125 0.479167
4 0.475000 0.412500 0.512500 0.412500 0.512500 0.458333 0.475000 0.458333
3 0.507812 0.479167 0.560938 0.479167 0.560938 0.545833 0.507812 0.545833
4 0.318750 0.516667 0.382812 0.516667 0.382812 0.595833 0.318750 0.595833
4 0.521875 0.547917 0.601562 0.547917 0.601562 0.664583 0.521875 0.664583
11 0.673437 0.495833 1.000000 0.495833 1.000000 1.000000 0.673437 1.000000
9 0.000000 0.583333 0.210938 0.583333 0.210938 0.979167 0.000000 0.979167