11 0.300000 0.370833 0.350000 0.370833 0.350000 0.435417 0.300000 0.435417
4 0.354687 0.397917 0.381250 0.397917 0.381250 0.433333 0.354687 0.433333
4 0.398438 0.400000 0.426562 0.400000 0.426562 0.437500 0.398438 0.437500
4 0.520312 0.406250 0.550000 0.406250 0.550000 0.447917 0.520312 0.447917
4 0.482812 0.418750 0.517188 0.418750 0.517188 0.468750 0.482812 0.468750
9 0.282812 0.431250 0.340625 0.431250 0.340625 0.525000 0.282812 0.525000
9 0.562500 0.406250 0.642187 0.406250 0.642187 0.550000 0.562500 0.550000
4 0.495312 0.460417 0.540625 0.460417 0.540625 0.533333 0.495312 0.533333
9 0.171875 0.500000 0.273438 0.500000 0.273438 0.635417 0.171875 0.635417
4 0.515625 0.529167 0.579687 0.529167 0.579687 0.625000 0.515625 0.625000
4 0.751563 0.579167 0.845313 0.579167 0.845313 0.687500 0.751563 0.687500
9 0.721875 0.662500 0.982812 0.662500 0.982812 1.000000 0.721875 1.000000