11 0.506250 0.339583 0.546875 0.339583 0.546875 0.422917 0.506250 0.422917
10 0.548437 0.372917 0.578125 0.372917 0.578125 0.416667 0.548437 0.416667
10 0.300000 0.375000 0.345312 0.375000 0.345312 0.439583 0.300000 0.439583
10 0.331250 0.391667 0.371875 0.391667 0.371875 0.462500 0.331250 0.462500
4 0.475000 0.414583 0.507812 0.414583 0.507812 0.456250 0.475000 0.456250
10 0.385938 0.414583 0.429688 0.414583 0.429688 0.477083 0.385938 0.477083
10 0.584375 0.425000 0.626563 0.425000 0.626563 0.481250 0.584375 0.481250
4 0.509375 0.487500 0.556250 0.487500 0.556250 0.564583 0.509375 0.564583
9 0.050000 0.468750 0.215625 0.468750 0.215625 0.679167 0.050000 0.679167
4 0.298437 0.577083 0.378125 0.577083 0.378125 0.672917 0.298437 0.672917
8 0.643750 0.558333 0.826562 0.558333 0.826562 0.781250 0.643750 0.781250