9 0.345313 0.358333 0.384375 0.358333 0.384375 0.429167 0.345313 0.429167
9 0.512500 0.366667 0.546875 0.366667 0.546875 0.425000 0.512500 0.425000
4 0.478125 0.404167 0.506250 0.404167 0.506250 0.441667 0.478125 0.441667
4 0.535938 0.422917 0.568750 0.422917 0.568750 0.466667 0.535938 0.466667
4 0.482813 0.429167 0.520313 0.429167 0.520313 0.481250 0.482813 0.481250
4 0.360937 0.450000 0.401562 0.450000 0.401562 0.502083 0.360937 0.502083
4 0.559375 0.454167 0.600000 0.454167 0.600000 0.510417 0.559375 0.510417
9 0.596875 0.429167 0.729688 0.429167 0.729688 0.677083 0.596875 0.677083
4 0.529687 0.558333 0.596875 0.558333 0.596875 0.660417 0.529687 0.660417
4 0.273438 0.604167 0.362500 0.604167 0.362500 0.714583 0.273438 0.714583
3 0.587500 0.693750 0.709375 0.693750 0.709375 0.897917 0.587500 0.897917