8 0.493750 0.345833 0.528125 0.345833 0.528125 0.397917 0.493750 0.397917
8 0.318750 0.345833 0.362500 0.345833 0.362500 0.416667 0.318750 0.416667
4 0.393750 0.379167 0.421875 0.379167 0.421875 0.414583 0.393750 0.414583
4 0.475000 0.406250 0.504688 0.406250 0.504688 0.450000 0.475000 0.450000
4 0.385937 0.427083 0.423437 0.427083 0.423437 0.472917 0.385937 0.472917
9 0.290625 0.400000 0.359375 0.400000 0.359375 0.518750 0.290625 0.518750
4 0.543750 0.454167 0.587500 0.454167 0.587500 0.508333 0.543750 0.508333
9 0.628125 0.433333 0.707812 0.433333 0.707812 0.556250 0.628125 0.556250
4 0.500000 0.479167 0.548437 0.479167 0.548437 0.547917 0.500000 0.547917
9 0.064062 0.520833 0.193750 0.520833 0.193750 0.652083 0.064062 0.652083
4 0.540625 0.681250 0.645313 0.681250 0.645313 0.854167 0.540625 0.854167
9 0.000000 0.672917 0.204687 0.672917 0.204687 0.958333 0.000000 0.958333