9 0.495312 0.341667 0.529687 0.341667 0.529687 0.404167 0.495312 0.404167
9 0.348437 0.377083 0.382812 0.377083 0.382812 0.427083 0.348437 0.427083
4 0.398438 0.385417 0.421875 0.385417 0.421875 0.420833 0.398438 0.420833
4 0.479688 0.402083 0.507812 0.402083 0.507812 0.439583 0.479688 0.439583
4 0.375000 0.435417 0.412500 0.435417 0.412500 0.483333 0.375000 0.483333
10 0.298438 0.456250 0.342187 0.456250 0.342187 0.516667 0.298438 0.516667
9 0.631250 0.429167 0.695312 0.429167 0.695312 0.543750 0.631250 0.543750
4 0.496875 0.493750 0.543750 0.493750 0.543750 0.572917 0.496875 0.572917
9 0.103125 0.460417 0.201563 0.460417 0.201563 0.625000 0.103125 0.625000
9 0.145312 0.495833 0.282813 0.495833 0.282813 0.691667 0.145312 0.691667
4 0.640625 0.564583 0.720312 0.564583 0.720312 0.685417 0.640625 0.685417
4 0.276562 0.641667 0.364063 0.641667 0.364063 0.754167 0.276562 0.754167