9 0.357812 0.354167 0.390625 0.354167 0.390625 0.410417 0.357812 0.410417
9 0.515625 0.379167 0.560938 0.379167 0.560938 0.437500 0.515625 0.437500
4 0.378125 0.420833 0.410938 0.420833 0.410938 0.464583 0.378125 0.464583
4 0.484375 0.427083 0.515625 0.427083 0.515625 0.468750 0.484375 0.468750
10 0.603125 0.443750 0.646875 0.443750 0.646875 0.502083 0.603125 0.502083
4 0.550000 0.450000 0.592187 0.450000 0.592187 0.502083 0.550000 0.502083
4 0.495312 0.470833 0.537500 0.470833 0.537500 0.522917 0.495312 0.522917
4 0.585938 0.487500 0.635938 0.487500 0.635938 0.554167 0.585938 0.554167
4 0.335938 0.500000 0.392188 0.500000 0.392188 0.564583 0.335938 0.564583
8 0.639063 0.477083 0.867188 0.477083 0.867188 0.852083 0.639063 0.852083
11 0.000000 0.539583 0.143750 0.539583 0.143750 0.833333 0.000000 0.833333
7 0.132812 0.625000 0.242188 0.625000 0.242188 0.760417 0.132812 0.760417
4 0.587500 0.729167 0.703125 0.729167 0.703125 0.922917 0.587500 0.922917