10 0.290625 0.400000 0.328125 0.400000 0.328125 0.452083 0.290625 0.452083
4 0.585938 0.427083 0.621875 0.427083 0.621875 0.468750 0.585938 0.468750
4 0.551563 0.435417 0.587500 0.435417 0.587500 0.483333 0.551563 0.483333
4 0.484375 0.439583 0.525000 0.439583 0.525000 0.493750 0.484375 0.493750
4 0.335938 0.475000 0.384375 0.475000 0.384375 0.527083 0.335938 0.527083
4 0.498438 0.489583 0.546875 0.489583 0.546875 0.558333 0.498438 0.558333
4 0.315625 0.554167 0.381250 0.554167 0.381250 0.635417 0.315625 0.635417
4 0.193750 0.564583 0.265625 0.564583 0.265625 0.647917 0.193750 0.647917
9 0.656250 0.533333 0.781250 0.533333 0.781250 0.756250 0.656250 0.756250
10 0.853125 0.700000 1.000000 0.700000 1.000000 0.891667 0.853125 0.891667
4 0.582812 0.797917 0.706250 0.797917 0.706250 0.987500 0.582812 0.987500