9 0.351562 0.372917 0.381250 0.372917 0.381250 0.422917 0.351562 0.422917
9 0.303125 0.377083 0.332813 0.377083 0.332813 0.439583 0.303125 0.439583
10 0.571875 0.379167 0.617188 0.379167 0.617188 0.450000 0.571875 0.450000
10 0.331250 0.404167 0.365625 0.404167 0.365625 0.454167 0.331250 0.454167
4 0.537500 0.414583 0.568750 0.414583 0.568750 0.460417 0.537500 0.460417
4 0.490625 0.431250 0.525000 0.431250 0.525000 0.489583 0.490625 0.489583
9 0.282812 0.422917 0.339062 0.422917 0.339062 0.516667 0.282812 0.516667
10 0.554688 0.429167 0.604688 0.429167 0.604688 0.522917 0.554688 0.522917
4 0.342188 0.502083 0.385937 0.502083 0.385937 0.562500 0.342188 0.562500
4 0.521875 0.560417 0.595313 0.560417 0.595313 0.675000 0.521875 0.675000
8 0.660937 0.506250 0.895312 0.506250 0.895312 0.872917 0.660937 0.872917
10 0.000000 0.772917 0.132812 0.772917 0.132812 0.968750 0.000000 0.968750