4 0.393750 0.397917 0.420313 0.397917 0.420313 0.427083 0.393750 0.427083
9 0.525000 0.393750 0.575000 0.393750 0.575000 0.462500 0.525000 0.462500
4 0.367188 0.435417 0.406250 0.435417 0.406250 0.481250 0.367188 0.481250
4 0.493750 0.466667 0.535938 0.466667 0.535938 0.527083 0.493750 0.527083
10 0.643750 0.483333 0.700000 0.483333 0.700000 0.560417 0.643750 0.560417
4 0.578125 0.491667 0.632812 0.491667 0.632812 0.562500 0.578125 0.562500
10 0.253125 0.508333 0.312500 0.508333 0.312500 0.593750 0.253125 0.593750
11 0.087500 0.466667 0.229687 0.466667 0.229687 0.637500 0.087500 0.637500
4 0.517188 0.552083 0.581250 0.552083 0.581250 0.637500 0.517188 0.637500
4 0.635938 0.558333 0.707812 0.558333 0.707812 0.654167 0.635938 0.654167
8 0.757812 0.583333 1.000000 0.583333 1.000000 1.000000 0.757812 1.000000
4 0.053125 0.729167 0.182812 0.729167 0.182812 0.872917 0.053125 0.872917
4 0.229687 0.741667 0.337500 0.741667 0.337500 0.891667 0.229687 0.891667