4 0.506250 0.387500 0.532813 0.387500 0.532813 0.420833 0.506250 0.420833
4 0.473438 0.393750 0.501563 0.393750 0.501563 0.431250 0.473438 0.431250
8 0.273438 0.372917 0.332812 0.372917 0.332812 0.456250 0.273438 0.456250
9 0.556250 0.385417 0.603125 0.385417 0.603125 0.447917 0.556250 0.447917
4 0.481250 0.435417 0.518750 0.435417 0.518750 0.481250 0.481250 0.481250
4 0.350000 0.462500 0.403125 0.462500 0.403125 0.531250 0.350000 0.531250
3 0.521875 0.527083 0.585938 0.527083 0.585938 0.627083 0.521875 0.627083
9 0.089062 0.506250 0.265625 0.506250 0.265625 0.752083 0.089062 0.752083
4 0.557812 0.668750 0.689063 0.668750 0.689063 0.883333 0.557812 0.883333
11 0.742188 0.566667 1.000000 0.566667 1.000000 1.000000 0.742188 1.000000
4 0.237500 0.750000 0.354687 0.750000 0.354687 0.900000 0.237500 0.900000