11 0.282813 0.381250 0.335938 0.381250 0.335938 0.452083 0.282813 0.452083
4 0.390625 0.400000 0.421875 0.400000 0.421875 0.435417 0.390625 0.435417
9 0.534375 0.383333 0.592187 0.383333 0.592187 0.483333 0.534375 0.483333
4 0.331250 0.420833 0.368750 0.420833 0.368750 0.468750 0.331250 0.468750
4 0.484375 0.427083 0.517187 0.427083 0.517187 0.470833 0.484375 0.470833
4 0.382812 0.437500 0.418750 0.437500 0.418750 0.487500 0.382812 0.487500
4 0.495312 0.460417 0.537500 0.460417 0.537500 0.525000 0.495312 0.525000
4 0.628125 0.464583 0.675000 0.464583 0.675000 0.522917 0.628125 0.522917
9 0.203125 0.485417 0.290625 0.485417 0.290625 0.639583 0.203125 0.639583
9 0.615625 0.520833 0.737500 0.520833 0.737500 0.685417 0.615625 0.685417
9 0.000000 0.660417 0.140625 0.660417 0.140625 0.945833 0.000000 0.945833