9 0.517188 0.356250 0.557812 0.356250 0.557812 0.435417 0.517188 0.435417
4 0.393750 0.397917 0.415625 0.397917 0.415625 0.425000 0.393750 0.425000
4 0.571875 0.406250 0.603125 0.406250 0.603125 0.447917 0.571875 0.447917
4 0.478125 0.414583 0.510937 0.414583 0.510937 0.458333 0.478125 0.458333
10 0.329688 0.414583 0.367188 0.414583 0.367188 0.470833 0.329688 0.470833
11 0.235937 0.402083 0.307812 0.402083 0.307812 0.500000 0.235937 0.500000
4 0.365625 0.452083 0.406250 0.452083 0.406250 0.504167 0.365625 0.504167
9 0.560937 0.443750 0.635937 0.443750 0.635937 0.545833 0.560937 0.545833
4 0.285938 0.475000 0.334375 0.475000 0.334375 0.537500 0.285938 0.537500
4 0.329688 0.543750 0.390625 0.543750 0.390625 0.622917 0.329688 0.622917
4 0.714063 0.704167 0.846875 0.704167 0.846875 0.885417 0.714063 0.885417
4 0.564063 0.722917 0.681250 0.722917 0.681250 0.906250 0.564063 0.906250