10 0.346875 0.397917 0.371875 0.397917 0.371875 0.439583 0.346875 0.439583
4 0.473438 0.406250 0.501563 0.406250 0.501563 0.443750 0.473438 0.443750
10 0.579688 0.395833 0.629688 0.395833 0.629688 0.481250 0.579688 0.481250
9 0.307812 0.414583 0.353125 0.414583 0.353125 0.481250 0.307812 0.481250
4 0.553125 0.437500 0.592187 0.437500 0.592187 0.497917 0.553125 0.497917
4 0.367188 0.450000 0.401563 0.450000 0.401563 0.497917 0.367188 0.497917
4 0.496875 0.477083 0.540625 0.477083 0.540625 0.550000 0.496875 0.550000
10 0.579688 0.466667 0.646875 0.466667 0.646875 0.589583 0.579688 0.589583
10 0.151562 0.610417 0.239063 0.610417 0.239063 0.725000 0.151562 0.725000
4 0.271875 0.664583 0.356250 0.664583 0.356250 0.764583 0.271875 0.764583
4 0.565625 0.754167 0.700000 0.754167 0.700000 0.985417 0.565625 0.985417