4 0.476562 0.397917 0.501563 0.397917 0.501563 0.433333 0.476562 0.433333
4 0.384375 0.410417 0.412500 0.410417 0.412500 0.445833 0.384375 0.445833
9 0.534375 0.412500 0.595313 0.412500 0.595313 0.487500 0.534375 0.487500
10 0.296875 0.460417 0.340625 0.460417 0.340625 0.522917 0.296875 0.522917
11 0.167187 0.435417 0.275000 0.435417 0.275000 0.560417 0.167187 0.560417
4 0.510938 0.520833 0.565625 0.520833 0.565625 0.602083 0.510938 0.602083
4 0.323437 0.554167 0.381250 0.554167 0.381250 0.637500 0.323437 0.637500
4 0.615625 0.550000 0.682812 0.550000 0.682812 0.641667 0.615625 0.641667
10 0.706250 0.547917 0.782813 0.547917 0.782813 0.650000 0.706250 0.650000
4 0.195312 0.572917 0.276562 0.572917 0.276562 0.668750 0.195312 0.668750
4 0.706250 0.654167 0.810937 0.654167 0.810937 0.800000 0.706250 0.800000
4 0.562500 0.706250 0.667188 0.706250 0.667188 0.872917 0.562500 0.872917