10 0.562500 0.372917 0.603125 0.372917 0.603125 0.447917 0.562500 0.447917
9 0.340625 0.385417 0.378125 0.385417 0.378125 0.439583 0.340625 0.439583
9 0.278125 0.387500 0.326563 0.387500 0.326563 0.456250 0.278125 0.456250
4 0.484375 0.414583 0.514062 0.414583 0.514062 0.458333 0.484375 0.458333
10 0.321875 0.420833 0.356250 0.420833 0.356250 0.477083 0.321875 0.477083
10 0.535937 0.410417 0.582812 0.410417 0.582812 0.491667 0.535937 0.491667
9 0.259375 0.452083 0.323437 0.452083 0.323437 0.550000 0.259375 0.550000
4 0.504687 0.495833 0.554688 0.495833 0.554688 0.568750 0.504687 0.568750
8 0.614063 0.470833 0.759375 0.470833 0.759375 0.704167 0.614063 0.704167
4 0.303125 0.568750 0.370312 0.568750 0.370312 0.650000 0.303125 0.650000
4 0.570312 0.681250 0.662500 0.681250 0.662500 0.831250 0.570312 0.831250