9 0.518750 0.364583 0.565625 0.364583 0.565625 0.447917 0.518750 0.447917
4 0.578125 0.414583 0.609375 0.414583 0.609375 0.456250 0.578125 0.456250
10 0.335938 0.412500 0.373437 0.412500 0.373437 0.468750 0.335938 0.468750
4 0.481250 0.425000 0.514062 0.425000 0.514062 0.468750 0.481250 0.468750
11 0.242188 0.400000 0.314063 0.400000 0.314063 0.497917 0.242188 0.497917
4 0.371875 0.441667 0.407812 0.441667 0.407812 0.489583 0.371875 0.489583
4 0.292187 0.466667 0.340625 0.466667 0.340625 0.529167 0.292187 0.529167
9 0.567188 0.452083 0.642188 0.452083 0.642188 0.554167 0.567188 0.554167
4 0.337500 0.520833 0.398438 0.520833 0.398438 0.600000 0.337500 0.600000
9 0.000000 0.641667 0.171875 0.641667 0.171875 0.952083 0.000000 0.952083
4 0.745312 0.758333 0.896875 0.758333 0.896875 0.968750 0.745312 0.968750