11 0.292187 0.372917 0.345312 0.372917 0.345312 0.443750 0.292187 0.443750
4 0.506250 0.397917 0.532813 0.397917 0.532813 0.433333 0.506250 0.433333
4 0.343750 0.408333 0.375000 0.408333 0.375000 0.450000 0.343750 0.450000
4 0.481250 0.408333 0.509375 0.408333 0.509375 0.452083 0.481250 0.452083
4 0.392188 0.414583 0.421875 0.414583 0.421875 0.456250 0.392188 0.456250
9 0.548438 0.395833 0.612500 0.395833 0.612500 0.510417 0.548438 0.510417
4 0.489062 0.439583 0.528125 0.439583 0.528125 0.495833 0.489062 0.495833
9 0.250000 0.454167 0.315625 0.454167 0.315625 0.566667 0.250000 0.566667
4 0.501562 0.485417 0.554688 0.485417 0.554688 0.566667 0.501562 0.566667
4 0.676562 0.502083 0.737500 0.502083 0.737500 0.581250 0.676562 0.581250
9 0.082813 0.554167 0.223438 0.554167 0.223438 0.737500 0.082813 0.737500
9 0.664062 0.566667 0.831250 0.566667 0.831250 0.820833 0.664062 0.820833