1 0.501563 0.339583 0.548438 0.339583 0.548438 0.422917 0.501563 0.422917
10 0.295312 0.381250 0.337500 0.381250 0.337500 0.439583 0.295312 0.439583
3 0.385937 0.389583 0.423437 0.389583 0.423437 0.435417 0.385937 0.435417
4 0.473438 0.406250 0.503125 0.406250 0.503125 0.445833 0.473438 0.445833
10 0.328125 0.402083 0.376563 0.402083 0.376563 0.466667 0.328125 0.466667
7 0.578125 0.414583 0.615625 0.414583 0.615625 0.472917 0.578125 0.472917
10 0.382812 0.425000 0.420312 0.425000 0.420312 0.483333 0.382812 0.483333
4 0.501563 0.475000 0.551563 0.475000 0.551563 0.537500 0.501563 0.537500
9 0.000000 0.487500 0.198437 0.487500 0.198437 0.718750 0.000000 0.718750
8 0.632812 0.539583 0.778125 0.539583 0.778125 0.731250 0.632812 0.731250
4 0.282812 0.620833 0.364063 0.620833 0.364063 0.727083 0.282812 0.727083